Timestamp,Ax,Ay,Az,Rx,Ry,Rz,EMG
0,0.594,-0.8628,-0.4082,2.6104,-1.9861,1.4783,2051
0,0.5166,-0.9229,-0.4434,2.6561,-1.8176,1.437,2056
0,0.4182,-0.9397,-0.4863,2.7368,-1.6354,1.3627,2044
0,0.4172,-0.969,-0.4976,2.7954,-1.4976,1.185,2040
0,0.4438,-0.9539,-0.4958,3.0505,-1.3183,1.18,2041
0,0.4375,-1.0347,-0.4211,3.1485,-1.1051,1.2428,2040
0,0.4431,-1.0649,-0.4355,3.1746,-0.9837,1.2035,2047
0,0.4541,-1.1531,-0.3706,3.058,-0.9136,1.1593,2042
0,0.3943,-1.1338,-0.3542,3.0016,-0.9286,1.1473,2035
0,0.3684,-1.1328,-0.3027,2.8506,-0.873,1.1271,2034
0,0.4004,-1.043,-0.3252,2.8526,-0.9624,1.0915,2044
0,0.45,-1.0242,-0.3125,2.8292,-0.9617,1.0885,2028
0,0.3931,-1.0806,-0.3074,2.7394,-0.875,1.024,2037
0,0.3374,-1.1602,-0.2168,2.6703,-0.8227,1.0284,2028
0,0.0784,-1.041,-0.2642,2.5554,-0.4611,0.9566,2027
0,0.2463,-1.052,-0.3711,2.5657,-0.5958,0.7565,2028
0,0.2673,-0.9995,-0.3347,2.5309,-0.247,0.8725,2055
0,0.0879,-1.054,-0.2305,2.741,0.1823,0.8798,2052
0,0.1096,-1.2065,-0.262,2.5055,0.3919,0.793,2044
0,0.1873,-1.1411,-0.2439,2.4145,0.3693,0.7669,2046
0,0.1584,-1.2388,-0.252,2.2013,0.5847,0.5958,2040
0,0.2322,-1.251,-0.2031,1.931,0.555,0.6335,2044
0,0.3142,-1.2327,-0.1748,1.8098,0.5437,0.8508,2048
0,0.4006,-1.209,-0.1357,1.6748,0.3155,0.9243,2039
0,0.4019,-1.1091,-0.0557,1.4122,0.1113,0.9455,2036
0,0.447,-1.0376,-0.0432,1.1605,-0.0987,0.8365,2037
0,0.4124,-0.9602,-0.0669,1.1071,-0.1956,0.7886,2039
0,0.365,-0.9912,-0.0479,0.9931,-0.3469,0.6243,2042
0,0.2681,-1.0657,-0.0508,0.9352,-0.3232,0.4916,2042
0,0.2449,-1.1057,-0.0085,0.8007,-0.2452,0.3707,2044
0,0.2671,-1.0588,-0.0012,0.6678,-0.171,0.3108,2040
0,0.2598,-1.0337,0.0051,0.5348,-0.0768,0.2567,2043
0,0.2527,-1.0425,0.021,0.4043,0.0629,0.1971,2039
0,0.2632,-1.054,0.0122,0.267,0.2124,0.1514,2041
0,0.2839,-1.0286,0.0042,0.1147,0.2794,0.1216,2038
0,0.2981,-1.0042,-0.0166,0.0226,0.3076,0.0912,2039
0,0.2856,-1.0015,-0.0042,-0.0908,0.3643,0.0599,2039
0,0.292,-0.969,-0.0237,-0.174,0.403,0.0083,2044
0,0.2952,-0.9854,-0.0261,-0.2571,0.4394,-0.0369,2052
0,0.3037,-0.9812,-0.0259,-0.3542,0.4429,-0.0936,2039
0,0.3281,-0.9824,-0.0208,-0.4702,0.3436,-0.1226,2048
0,0.3167,-0.9619,-0.0203,-0.5303,0.3019,-0.1523,2050
0,0.2996,-0.9465,-0.052,-0.5592,0.2907,-0.2179,2033
0,0.3057,-0.9609,-0.0632,-0.5996,0.2535,-0.2717,2044
0,0.2878,-1.0061,-0.0439,-0.6992,0.255,-0.3601,2050
0,0.2695,-1.0515,-0.043,-0.8062,0.2729,-0.444,2054
0,0.2717,-1.0701,-0.0498,-0.8827,0.3466,-0.5143,2060
0,0.2812,-1.0894,-0.073,-0.952,0.4223,-0.5869,2045
0,0.2771,-1.1011,-0.0713,-1.0519,0.4357,-0.6791,2038
0,0.2881,-1.1084,-0.0601,-1.1985,0.4087,-0.766,2046
0,0.2844,-1.0942,-0.0356,-1.3637,0.4105,-0.865,2038
0,0.291,-1.0728,-0.0652,-1.4966,0.4859,-0.9345,2049
0,0.2937,-1.0613,-0.0879,-1.5865,0.5534,-0.9642,2038
0,0.2727,-1.0259,-0.093,-1.6084,0.6653,-0.9842,2042
0,0.2822,-1.0239,-0.1052,-1.6169,0.7886,-1.0043,2052
0,0.3118,-1.0208,-0.1541,-1.6339,0.9082,-0.9975,2053
0,0.3,-1.0745,-0.1367,-1.7034,1.0139,-0.9865,2064
0,0.2759,-1.1196,-0.1831,-1.7897,1.0041,-1.0096,2043
0,0.2847,-1.1506,-0.2205,-1.9074,1.0393,-1.0501,2058
0,0.2957,-1.2141,-0.2356,-1.9947,1.0662,-1.0365,2072
0,0.2727,-1.2654,-0.2275,-2.135,1.0204,-1.0287,2008
0,0.2742,-1.2732,-0.1897,-2.3117,0.8256,-1.0119,2045
0,0.3018,-1.2295,-0.1587,-2.455,0.6388,-0.9917,2025
0,0.344,-1.1606,-0.1748,-2.5926,0.5389,-0.9447,2019
0,0.3372,-1.0857,-0.1812,-2.6844,0.4353,-0.8708,2017
0,0.2578,-0.9973,-0.2017,-2.7148,0.345,-0.5873,2041
0,0.1208,-0.9395,-0.218,-2.6983,0.2623,-0.326,2023
0,0.0098,-0.9424,-0.2893,-2.7473,0.3417,-0.1506,2028
0,-0.0676,-0.9568,-0.354,-2.7964,0.5366,0.0992,2032
0,-0.1333,-0.9238,-0.4575,-2.9216,0.7574,0.3473,2041
0,-0.1431,-0.8894,-0.4976,-2.8968,1.0697,0.5141,2037
0,-0.1372,-0.8994,-0.4397,-2.8135,1.2629,0.6205,2033
0,-0.0798,-0.9512,-0.2969,-2.6329,1.3468,0.6842,2038
0,-0.1509,-1.1365,-0.0549,-2.6433,1.7757,0.5955,2036
0,0.0332,-1.2295,-0.1699,-2.6051,1.7295,0.3702,2052
0,0.2981,-1.2195,-0.0488,-2.3036,2.0636,0.3037,2075
0,0.2776,-1.03,0.1228,-1.9002,2.3623,1.0565,2027
0,-0.125,-0.6406,0.385,-1.4292,2.0674,2.5412,1996
0,-0.6187,-0.4487,0.4111,-1.1286,1.3968,3.344,2015
0,-0.5754,-0.6514,-0.113,-0.9473,1.7114,3.4869,2043
0,-0.2219,-0.9458,-0.677,-1.0845,2.8614,3.6584,2059
0,-0.1343,-1.0264,-0.9788,-1.4001,2.9986,3.9219,2029
0,0.0022,-0.9302,-1.1025,-1.3111,1.8108,3.2295,2024
0,0.2424,-0.7166,-0.8809,-0.9742,0.8562,2.6143,2040
0,0.3015,-0.5801,-0.7336,-0.8801,0.2838,1.9306,1984
0,0.125,-0.5166,-0.7603,-0.9083,0.1803,1.5058,2037
0,-0.1704,-0.52,-0.7732,-0.6584,0.2554,1.4496,2037
0,-0.3093,-0.5464,-0.7073,-0.5348,0.8144,1.3753,2021
0,-0.1179,-0.5791,-0.7375,-0.5032,1.4029,1.1927,2049
0,0.3809,-0.7197,-0.7793,-0.6629,1.3567,0.8067,2049
0,0.793,-0.8127,-0.7551,-0.8805,1.0933,0.5357,2053
0,0.7378,-0.845,-0.4746,-0.7284,1.1038,0.281,2025
0,0.5698,-0.9114,-0.2986,-0.5916,1.1615,0.1622,2026
0,0.6389,-0.9255,-0.2534,-0.4557,1.2146,0.1145,2020
0,0.6738,-0.9761,-0.3284,-0.2895,1.4536,0.2772,2044
0,0.5596,-0.9548,-0.3853,-0.1273,1.5856,0.416,2033
0,0.4148,-0.9902,-0.4971,-0.188,1.5964,0.3293,2027
0,0.3735,-0.9517,-0.6089,-0.3904,1.7273,0.2184,2016
0,0.3132,-0.8877,-0.686,-0.5349,1.8564,0.2538,2039
0,0.1765,-0.8284,-0.6926,-0.6339,2.0459,0.3055,2044
0,0.1157,-0.7688,-0.6865,-0.738,2.2828,0.3366,1998
0,0.1375,-0.6816,-0.7139,-0.7044,2.4321,0.3514,2113
0,0.2078,-0.6572,-0.6829,-0.5605,2.5079,0.3452,2068
0,0.2412,-0.6953,-0.6936,-0.5544,2.5437,0.3658,2058
0,0.2188,-0.7346,-0.7451,-0.5119,2.5619,0.4067,2040
1,0.1526,-0.7551,-0.677,-0.4667,2.688,0.4456,2058
1,0.106,-0.761,-0.6494,-0.5105,2.8027,0.4191,2048
1,0.1538,-0.7593,-0.645,-0.481,2.9104,0.3887,1969
1,0.2705,-0.78,-0.6313,-0.4686,2.8658,0.286,2025
1,0.3533,-0.8069,-0.5833,-0.4316,2.7794,0.14,2032
1,0.3643,-0.8118,-0.5183,-0.5051,2.6329,-0.0238,2063
1,0.3579,-0.8069,-0.5396,-0.6019,2.3835,-0.1426,2035
1,0.3625,-0.8076,-0.6055,-0.7215,2.1971,-0.2072,2042
1,0.3459,-0.7937,-0.6082,-0.7887,2.0832,-0.2703,2042
1,0.3123,-0.7769,-0.5894,-0.8285,1.9763,-0.2963,2076
1,0.2676,-0.7551,-0.5667,-0.8365,1.8841,-0.3107,2066
1,0.2297,-0.7197,-0.5762,-0.7857,1.8389,-0.3389,2089
1,0.2146,-0.7083,-0.5525,-0.7329,1.8679,-0.3365,2023
1,0.208,-0.7141,-0.5283,-0.687,1.8136,-0.3384,1970
1,0.2129,-0.7271,-0.4993,-0.6723,1.7921,-0.3338,2050
1,0.2454,-0.7317,-0.5066,-0.7166,1.7606,-0.3185,2058
1,0.2866,-0.7483,-0.5264,-0.7291,1.6283,-0.2843,2043
1,0.301,-0.7605,-0.4636,-0.7514,1.464,-0.2617,2043
1,0.3232,-0.7781,-0.4673,-0.8822,1.2435,-0.2358,2044
1,0.3132,-0.782,-0.4568,-0.9313,1.1328,-0.2069,1975
1,0.3169,-0.7747,-0.4927,-0.9829,0.9994,-0.1641,1990
1,0.3123,-0.7517,-0.5107,-0.9295,0.9652,-0.1354,2024
1,0.3274,-0.7566,-0.4873,-0.8794,0.9973,-0.0822,1989
1,0.3582,-0.7874,-0.4656,-0.8975,1.0824,-0.036,2045
1,0.3677,-0.8181,-0.4719,-0.9218,1.1496,0.0117,2042
1,0.3843,-0.8479,-0.46,-0.979,1.218,0.0393,2059
1,0.3931,-0.8809,-0.4453,-1.0363,1.3034,0.0704,2110
1,0.4023,-0.9082,-0.4253,-1.083,1.3388,0.0915,2062
1,0.4094,-0.9136,-0.4136,-1.1893,1.3098,0.1374,2023
1,0.4238,-0.9023,-0.4272,-1.2288,1.3147,0.1868,2043
1,0.3704,-0.8008,-0.3921,-1.1742,1.3547,0.1685,2061
1,0.3987,-0.7332,-0.3911,-1.3033,1.234,0.1538,2039
1,0.3914,-0.8633,-0.5789,-1.3286,1.1852,0.5157,2067
1,0.4172,-0.927,-0.5168,-1.1862,1.5643,0.2049,2048
1,0.6685,-0.9133,-0.5208,-1.4386,1.1505,0.0028,2024
1,0.8486,-0.8494,-0.6396,-1.6195,0.2091,0.1036,2042
1,0.8425,-0.7476,-0.626,-1.5548,-0.5967,0.082,2014
1,0.5989,-0.6809,-0.6829,-1.827,-0.7757,-0.0779,2035
1,0.3821,-0.6804,-0.5867,-1.538,-0.4016,-0.176,2033
1,0.1831,-0.7144,-0.4883,-1.2049,-0.3165,0.0431,2026
1,0.1479,-0.6753,-0.5178,-1.2085,-0.1555,0.0605,2051
1,0.2969,-0.6501,-0.5686,-1.1061,0.1795,-0.0052,2061
1,0.4719,-0.7024,-0.4937,-0.846,0.5236,-0.0173,2040
1,0.5486,-0.7578,-0.4309,-0.7959,0.437,0.0598,2058
1,0.5864,-0.7742,-0.4705,-0.8873,0.1298,0.0579,2048
1,0.6016,-0.7886,-0.4592,-0.8883,-0.0216,-0.0065,2032
1,0.6343,-0.7864,-0.4058,-0.7941,-0.0419,0.0617,2059
1,0.6646,-0.7532,-0.3518,-0.762,-0.112,0.1218,2054
1,0.647,-0.7097,-0.3982,-0.6444,-0.2257,0.1478,2041
1,0.6621,-0.6733,-0.3918,-0.5866,-0.1694,0.1011,2058
1,0.6882,-0.6238,-0.3582,-0.3494,0.0863,0.0316,2051
1,0.8638,-0.6367,-0.2815,-0.2643,0.2974,-0.1687,2033
1,1.0513,-0.5442,-0.3333,-0.0915,0.1115,-0.2734,2061
1,0.9541,-0.5381,-0.3091,0.014,-0.086,-0.3429,2048
1,0.8752,-0.4985,-0.2725,0.0273,-0.075,-0.3888,2080
1,0.9124,-0.5349,-0.2776,-0.0976,-0.0201,-0.2923,2004
1,0.8228,-0.5076,-0.2629,-0.2185,0.2125,-0.3096,2065
1,0.8435,-0.4934,-0.2917,-0.2669,0.3605,-0.0766,2062
1,0.8359,-0.4807,-0.332,-0.3406,0.573,-0.0136,1982
1,0.8955,-0.6038,-0.3474,-0.4807,0.6545,0.2004,2057
1,0.8965,-0.6477,-0.4373,-0.919,0.6432,0.4637,2021
1,0.9333,-0.5786,-0.5522,-1.1276,0.6701,0.6662,2025
1,0.9209,-0.4849,-0.6565,-1.2085,0.7705,0.7676,2028
1,0.8596,-0.4573,-0.7656,-1.2756,0.7795,0.8399,2094
1,0.8181,-0.4597,-0.8374,-1.215,0.9677,0.8412,2051
1,0.8245,-0.4873,-0.8857,-1.1782,1.0776,0.8517,2049
1,0.8418,-0.5139,-0.9502,-1.0804,1.1102,1.0062,2015
1,0.8228,-0.5684,-0.9299,-1.0983,1.1927,1.1433,2055
1,0.7273,-0.5925,-0.9702,-1.1575,1.1872,1.3129,2046
1,0.6125,-0.6387,-0.9841,-1.2573,1.3067,1.4348,2009
1,0.4927,-0.6821,-0.9673,-1.2809,1.3294,1.3479,2047
1,0.5593,-0.6479,-0.9763,-1.3837,1.3367,1.2821,2035
1,0.5957,-0.5642,-1.0208,-1.3399,1.4326,1.1837,2036
1,0.6458,-0.5115,-1.0061,-1.3543,1.2587,1.1793,2048
1,0.6418,-0.4712,-1.0237,-1.4019,1.1034,1.3286,1886
1,0.5239,-0.5127,-0.9841,-1.4242,1.0677,1.3695,2075
1,0.4036,-0.488,-0.9294,-1.4406,1.1227,1.4278,2053
1,0.2522,-0.3882,-0.9536,-1.438,1.2926,1.4464,2030
1,0.1841,-0.3823,-0.876,-1.3998,1.5427,1.3386,2038
1,0.1602,-0.4241,-0.8394,-1.4775,1.9157,1.1636,2045
1,0.2136,-0.4009,-0.7585,-1.5055,2.0172,1.0762,2053
1,0.3286,-0.3037,-0.7097,-1.4933,2.0459,1.081,2027
1,0.4014,-0.1677,-0.7273,-1.4291,2.2276,1.2142,2053
1,0.5188,-0.2075,-0.6931,-1.4149,1.8255,1.1892,2039
1,0.5874,-0.2417,-0.7222,-1.3756,1.5777,1.1492,2035
1,0.4995,-0.2273,-0.6782,-1.2611,1.3541,1.1182,2051
1,0.4658,-0.2336,-0.6633,-1.1746,1.1258,1.0729,2039
1,0.3792,-0.2861,-0.6548,-1.0472,1.1652,1.069,2043
1,0.3757,-0.3079,-0.6321,-0.9276,1.1621,1.0882,2042
1,0.4272,-0.3772,-0.6406,-0.9084,1.1748,1.0722,2036
1,0.4746,-0.4133,-0.6631,-0.9493,1.225,1.1318,2059
1,0.4639,-0.3896,-0.6907,-1.0183,1.0689,1.2046,2043
1,0.4724,-0.3655,-0.709,-1.1311,0.8986,1.2543,2042
1,0.4556,-0.3813,-0.7129,-1.0742,0.8734,1.3227,2043
1,0.4141,-0.4062,-0.697,-0.9468,0.9226,1.3941,2034
1,0.3857,-0.4514,-0.6831,-0.8376,0.9738,1.4109,2041
1,0.3704,-0.4871,-0.6909,-0.768,0.908,1.3712,2040
1,0.4214,-0.491,-0.6858,-0.751,0.887,1.3299,2043
1,0.4502,-0.4551,-0.7073,-0.7144,0.879,1.3331,2039
1,0.4653,-0.4551,-0.7698,-0.6829,0.8817,1.3569,2050
1,0.4319,-0.498,-0.7983,-0.6942,0.8797,1.4378,2048
1,0.3831,-0.5422,-0.814,-0.7251,0.9489,1.5585,2048
2,0.4143,-0.5671,-0.813,-0.6825,1.0345,1.7022,2046
2,0.5103,-0.5286,-0.7781,-0.6433,0.9573,1.8016,2038
2,0.6035,-0.4478,-0.7476,-0.6297,0.6396,1.8293,2035
2,0.6035,-0.3982,-0.8901,-0.7726,0.3365,1.7784,2039
2,0.521,-0.2981,-0.9045,-0.5537,0.1766,1.7237,2016
2,0.4373,-0.2004,-0.8669,-0.4416,0.0136,1.544,2049
2,0.5061,-0.1519,-0.8271,-0.1248,-0.0784,1.1722,2037
2,0.6414,-0.2021,-0.7866,0.1028,-0.1483,0.7681,2029
2,0.6604,-0.3088,-0.8313,0.0462,-0.2782,0.5641,2047
2,0.5649,-0.3784,-0.8198,0.0575,-0.5436,0.4944,2046
2,0.3628,-0.395,-0.7852,0.1309,-0.5396,0.3478,2050
2,0.3071,-0.4192,-0.7668,0.2364,-0.0941,0.206,2053
2,0.3965,-0.5015,-0.7893,0.2691,0.2811,0.1408,2058
2,0.5557,-0.5547,-0.825,0.2582,0.4046,0.0615,2046
2,0.7175,-0.6033,-0.865,0.1912,0.422,0.069,2045
2,0.812,-0.696,-0.8418,0.0154,0.2607,0.0894,2037
2,0.8594,-0.7566,-0.8259,-0.1392,0.0166,0.0859,2056
2,0.8325,-0.7937,-0.8503,-0.2394,-0.1832,0.1012,2040
2,0.7588,-0.8325,-0.8406,-0.3235,-0.2851,0.1141,2040
2,0.6233,-0.8611,-0.8027,-0.3561,-0.3084,0.1293,2037
2,0.4927,-0.8411,-0.7139,-0.3999,-0.1677,0.1016,2039
2,0.4421,-0.7881,-0.666,-0.3858,0.0718,0.0157,2035
2,0.4724,-0.7576,-0.5823,-0.2754,0.3625,-0.0948,2038
2,0.5315,-0.7512,-0.5522,-0.2001,0.5482,-0.142,2041
2,0.5718,-0.7678,-0.5449,-0.1988,0.7148,-0.2246,2042
2,0.5977,-0.78,-0.5115,-0.24,0.7259,-0.1526,2046
2,0.5886,-0.7634,-0.5171,-0.3288,0.6894,-0.0743,2035
2,0.5823,-0.7241,-0.4924,-0.369,0.6992,-0.0016,2040
2,0.5505,-0.666,-0.4465,-0.4048,0.72,0.0815,2039
2,0.4751,-0.6257,-0.4185,-0.4311,0.761,0.1509,2035
2,0.4436,-0.6035,-0.4189,-0.4598,0.8364,0.1942,2044
2,0.4612,-0.5762,-0.4475,-0.4422,0.9126,0.2226,2037
2,0.4895,-0.574,-0.4861,-0.4404,1.0132,0.2553,2045
2,0.4968,-0.5583,-0.5469,-0.4722,1.0869,0.3312,2041
2,0.5024,-0.5283,-0.5903,-0.5132,1.0909,0.4215,2044
2,0.5283,-0.5276,-0.6267,-0.4902,1.0758,0.5071,2043
2,0.5237,-0.5657,-0.5991,-0.4872,1.0485,0.5468,2043
2,0.5166,-0.604,-0.5867,-0.4759,0.9833,0.5225,2044
2,0.4795,-0.6499,-0.5798,-0.4564,0.8906,0.4641,2046
2,0.4536,-0.6687,-0.5474,-0.4365,0.7865,0.402,2036
2,0.4473,-0.657,-0.5034,-0.4136,0.6849,0.3388,2038
2,0.4382,-0.644,-0.4878,-0.4305,0.6122,0.2788,2040
2,0.4414,-0.6267,-0.4502,-0.473,0.5055,0.2099,2039
2,0.4478,-0.6057,-0.4155,-0.5187,0.3671,0.1631,2049
2,0.4509,-0.5833,-0.4199,-0.5754,0.3153,0.1838,2041
2,0.4712,-0.5784,-0.4299,-0.5612,0.2547,0.1918,2041
2,0.5107,-0.5789,-0.4319,-0.5556,0.1547,0.1972,2046
2,0.5288,-0.5928,-0.4414,-0.5422,0.1718,0.2566,2038
2,0.5615,-0.5806,-0.4602,-0.5027,0.1329,0.3389,2035
2,0.575,-0.5776,-0.46,-0.5022,0.0477,0.3871,2039
2,0.5806,-0.5942,-0.4792,-0.5219,0.0209,0.4417,2039
2,0.5994,-0.5811,-0.4841,-0.5374,-0.0051,0.4398,2047
2,0.6182,-0.6208,-0.5017,-0.542,-0.0403,0.5111,2037
2,0.6396,-0.6252,-0.5134,-0.5474,0.0023,0.5192,2048
2,0.6479,-0.6279,-0.5139,-0.5694,0.0469,0.537,2036
2,0.6392,-0.6001,-0.5054,-0.5521,0.082,0.509,2041
2,0.6499,-0.6062,-0.5164,-0.5255,0.1145,0.4815,2049
2,0.658,-0.6187,-0.5061,-0.4771,0.1249,0.4618,2039
2,0.6873,-0.5938,-0.5098,-0.4751,0.121,0.4097,2043
2,0.6936,-0.5828,-0.5161,-0.496,0.1443,0.3991,2043
2,0.6887,-0.5596,-0.5227,-0.452,0.1298,0.4079,2038
2,0.6943,-0.541,-0.4937,-0.4121,0.0575,0.3959,2039
2,0.6904,-0.5415,-0.5029,-0.4259,-0.0079,0.3717,2045
2,0.6934,-0.5461,-0.4958,-0.4485,-0.0587,0.3528,2049
2,0.6819,-0.5591,-0.4995,-0.4815,-0.1306,0.345,2032
2,0.675,-0.5293,-0.5022,-0.4914,-0.1792,0.3322,2037
2,0.6838,-0.5276,-0.5244,-0.5329,-0.1883,0.3874,2043
2,0.6812,-0.5427,-0.5239,-0.5497,-0.1505,0.4458,2042
2,0.6724,-0.5154,-0.533,-0.5509,-0.1519,0.4377,2042
2,0.6765,-0.4746,-0.5525,-0.5281,-0.1233,0.4962,2049
2,0.6826,-0.4758,-0.5757,-0.5642,-0.0723,0.4569,2041
2,0.6765,-0.489,-0.5461,-0.5228,-0.0103,0.4867,2039
2,0.6877,-0.4868,-0.562,-0.4979,0.0055,0.5433,2042
2,0.679,-0.5042,-0.5696,-0.5372,0.0479,0.4898,2046
2,0.7207,-0.5237,-0.5554,-0.5402,0.0989,0.5123,2044
2,0.7439,-0.5879,-0.5293,-0.6273,0.1313,0.6232,2032
2,0.6523,-0.5754,-0.5452,-0.6345,0.2105,0.6209,2047
2,0.675,-0.5027,-0.5613,-0.5855,0.2081,0.497,2038
2,0.6572,-0.5112,-0.5984,-0.6249,0.2964,0.5171,2050
2,0.6562,-0.5376,-0.5491,-0.6219,0.4148,0.5413,2038
2,0.7007,-0.4709,-0.5718,-0.5947,0.4581,0.4794,2049
2,0.7898,-0.5081,-0.5464,-0.787,0.4333,0.4843,2037
2,0.8721,-0.4529,-0.6255,-0.8638,0.3008,0.5332,2032
2,0.8213,-0.5042,-0.7427,-1.1467,0.1176,0.6621,2037
2,0.7708,-0.5208,-0.8237,-1.2716,-0.0688,0.7873,2033
2,0.7559,-0.5625,-0.8843,-1.2894,-0.0205,1.0063,2039
2,0.7073,-0.5259,-0.9148,-1.1362,0.1697,1.1359,2032
2,0.6506,-0.5063,-0.8972,-1.0039,0.5224,1.166,2051
2,0.5862,-0.5605,-0.8716,-0.8903,0.9397,1.2103,2045
2,0.5071,-0.6685,-0.8401,-0.8787,1.2255,1.2139,2034
2,0.4919,-0.696,-0.8423,-0.8646,1.4222,1.1483,2036
2,0.5222,-0.6572,-0.7866,-0.9301,1.5689,0.9995,2041
2,0.5193,-0.6057,-0.7305,-0.9188,1.7548,0.9654,2047
2,0.5164,-0.5652,-0.6975,-0.9232,1.8672,0.9163,2037
2,0.5413,-0.5637,-0.7197,-0.9252,1.8325,0.8275,2047
2,0.583,-0.51,-0.772,-0.8783,1.8658,0.7573,2047
2,0.5837,-0.4824,-0.7781,-0.8484,1.9065,0.7529,2044
2,0.6184,-0.5166,-0.7744,-0.834,1.8927,0.75,2048
2,0.6011,-0.5513,-0.7854,-0.8072,1.8113,0.8435,2033
2,0.5549,-0.553,-0.7815,-0.8509,1.7534,0.8861,2044
2,0.5312,-0.5537,-0.7947,-0.8698,1.7496,0.9423,2042
3,0.5176,-0.5347,-0.7961,-0.8722,1.7302,0.9625,2038
3,0.519,-0.5195,-0.7859,-0.9508,1.6179,0.975,2039
3,0.5022,-0.5066,-0.7842,-1.0078,1.4793,0.9907,2040
3,0.4875,-0.4807,-0.7776,-1.0556,1.3862,1.0135,2035
3,0.4509,-0.4585,-0.7625,-1.0909,1.3085,1.036,2046
3,0.4182,-0.4333,-0.7517,-1.0785,1.2347,1.0292,2041
3,0.4014,-0.4146,-0.7168,-1.0467,1.171,1.0047,2041
3,0.4023,-0.4058,-0.6863,-0.9861,1.1256,0.9819,2042
3,0.4089,-0.395,-0.6694,-0.9088,1.0836,0.9509,2040
3,0.4199,-0.4026,-0.615,-0.8351,0.997,0.908,2041
3,0.4321,-0.4099,-0.5718,-0.7807,0.8801,0.8582,2043
3,0.4167,-0.407,-0.5486,-0.7304,0.742,0.7998,2039
3,0.4192,-0.4016,-0.5312,-0.6763,0.6028,0.7255,2043
3,0.426,-0.3967,-0.519,-0.6046,0.5031,0.6658,2049
3,0.4294,-0.3896,-0.5208,-0.5441,0.4209,0.6223,2043
3,0.4478,-0.3672,-0.5183,-0.4731,0.3289,0.5967,2041
3,0.4773,-0.3521,-0.5276,-0.3927,0.2167,0.5693,2036
3,0.4917,-0.3286,-0.5312,-0.3188,0.1021,0.5677,2038
3,0.4895,-0.3386,-0.5261,-0.2601,-0.0212,0.5729,2037
3,0.4741,-0.3464,-0.5256,-0.1956,-0.1353,0.5694,2040
3,0.4788,-0.344,-0.54,-0.1269,-0.2184,0.5634,2047
3,0.4858,-0.3584,-0.541,-0.0557,-0.2639,0.5673,2044
3,0.5183,-0.387,-0.5457,0.0068,-0.2727,0.5888,2038
3,0.5518,-0.4216,-0.5708,0.035,-0.2629,0.6126,2038
3,0.5803,-0.4631,-0.6179,0.0609,-0.2943,0.6528,2043
3,0.6069,-0.502,-0.6775,0.1041,-0.3079,0.6971,2033
3,0.6389,-0.5374,-0.7148,0.1593,-0.2882,0.754,2052
3,0.687,-0.5876,-0.7532,0.251,-0.2739,0.8084,2036
3,0.72,-0.6541,-0.7737,0.2942,-0.2803,0.8706,2040
3,0.7361,-0.6956,-0.7759,0.3326,-0.261,0.9147,2043
3,0.7612,-0.6963,-0.7515,0.3646,-0.1835,0.9766,2044
3,0.7566,-0.7056,-0.7004,0.3994,-0.0755,1.0365,2041
3,0.7688,-0.676,-0.6738,0.4667,-0.0963,0.9126,2043
3,0.7317,-0.7175,-0.6104,0.4457,0.0509,0.9757,2052
3,0.637,-0.6965,-0.582,0.493,-0.1353,0.9994,2033
3,0.6204,-0.7222,-0.6299,0.4267,-0.0459,0.8841,2045
3,0.7119,-0.7451,-0.5667,0.4287,0.076,0.8,2035
3,0.7317,-0.7317,-0.5635,0.3844,0.0965,0.7586,2044
3,0.7751,-0.8042,-0.5176,0.3538,-0.0221,0.8355,2042
3,0.7722,-0.8789,-0.5327,0.2149,-0.0447,0.8385,2036
3,0.7644,-0.8533,-0.552,0.2065,0.0778,0.7568,2038
3,0.7607,-0.8254,-0.5854,0.1486,0.1673,0.6895,2041
3,0.7527,-0.8333,-0.6294,0.1381,0.2344,0.6446,2034
3,0.7881,-0.8967,-0.7063,0.1513,0.3097,0.6645,2039
3,0.7612,-0.9258,-0.7739,0.176,0.4187,0.7123,2038
3,0.6838,-0.8972,-0.8367,0.4326,0.6006,0.7425,2043
3,0.6487,-0.873,-0.8135,0.5366,0.5381,0.6683,2030
3,0.5811,-0.7917,-0.7295,0.5767,0.5052,0.5465,2040
3,0.5337,-0.7534,-0.6619,0.594,0.5227,0.4139,2050
3,0.4497,-0.7837,-0.5637,0.5634,0.5074,0.2928,2039
3,0.3784,-0.804,-0.4973,0.4967,0.5272,0.21,2045
3,0.3123,-0.8167,-0.4221,0.4032,0.5614,0.0655,2040
3,0.2471,-0.7688,-0.3733,0.3141,0.4642,-0.0977,2040
3,0.2437,-0.687,-0.3047,0.2342,0.2701,-0.2101,2032
3,0.166,-0.5837,-0.303,0.1486,0.2465,-0.401,2046
3,0.1055,-0.5657,-0.3005,0.1819,0.24,-0.5233,2039
3,0.0864,-0.5515,-0.2778,0.302,0.3398,-0.64,2040
3,0.1265,-0.5532,-0.2354,0.3349,0.4659,-0.7718,2046
3,0.1763,-0.5684,-0.2151,0.3709,0.4191,-0.8935,2042
3,0.1965,-0.6279,-0.2622,0.494,0.2639,-0.9562,2046
3,0.2363,-0.6963,-0.3306,0.6153,0.159,-0.9855,2052
3,0.2942,-0.7346,-0.3804,0.7221,0.0896,-0.9335,2043
3,0.3811,-0.7537,-0.365,0.8918,-0.071,-0.8444,2045
3,0.3699,-0.7766,-0.3621,1.0978,-0.349,-0.7453,2040
3,0.3647,-0.792,-0.3411,1.3039,-0.7538,-0.694,2043
3,0.3455,-0.8347,-0.332,1.5095,-1.1531,-0.6235,2038
3,0.3372,-0.8635,-0.3052,1.6719,-1.5155,-0.5486,2041
3,0.3428,-0.8757,-0.2473,1.8021,-1.8586,-0.4727,2041
3,0.3391,-0.8743,-0.22,1.9371,-2.1806,-0.4111,2041
3,0.3293,-0.9119,-0.1934,2.0204,-2.4948,-0.3621,2044
3,0.3179,-0.9241,-0.1633,2.0864,-2.7265,-0.2995,2041
3,0.3281,-0.929,-0.1172,2.2088,-2.8159,-0.2615,2047
3,0.365,-0.917,-0.0525,2.3675,-2.9596,-0.2398,2042
3,0.4028,-0.9458,0.0012,2.48,-3.0664,-0.2245,2043
3,0.4604,-0.9448,-0.0256,2.3827,-3.1938,-0.1932,2041
3,0.4824,-0.9705,-0.0596,2.3494,-3.1527,-0.176,2041
3,0.459,-0.9521,-0.0659,2.3852,-3.0253,-0.0955,2042
3,0.4495,-0.8748,-0.0833,2.4015,-2.8959,-0.0025,2044
3,0.469,-0.8391,-0.1047,2.4531,-2.8016,0.0273,2040
3,0.4949,-0.8418,-0.1182,2.5373,-2.7095,0.0567,2041
3,0.4773,-0.8528,-0.1226,2.5717,-2.6366,0.1376,2039
3,0.4282,-0.8804,-0.1431,2.603,-2.5167,0.2009,2037
3,0.4187,-0.8674,-0.1677,2.6826,-2.3887,0.2425,2041
3,0.3994,-0.8779,-0.1753,2.7699,-2.2726,0.3247,2038
3,0.3872,-0.8496,-0.1885,2.86,-2.1964,0.4328,2039
3,0.3848,-0.8267,-0.179,3.0051,-2.162,0.514,2039
3,0.387,-0.8401,-0.1575,3.0983,-2.135,0.6167,2045
3,0.4001,-0.8452,-0.1389,3.1823,-2.1003,0.7597,2041
3,0.4226,-0.8555,-0.1362,3.2224,-2.079,0.9062,2037
3,0.4321,-0.8713,-0.1406,3.2786,-2.0833,1.0886,2046
3,0.4192,-0.9014,-0.1582,3.3548,-2.1206,1.2433,2045
3,0.4038,-0.9519,-0.1445,3.3669,-2.0996,1.3552,2037
3,0.4045,-0.9773,-0.155,3.4019,-2.0965,1.4599,2048
3,0.3992,-1.0134,-0.1489,3.4388,-2.0778,1.5538,2042
3,0.3882,-1.0344,-0.1213,3.5097,-2.0461,1.6571,2036
3,0.3462,-1.0901,-0.095,3.4946,-1.9718,1.7327,2032
3,0.3091,-1.156,-0.1184,3.5005,-1.9022,1.7644,2045
3,0.27,-1.2998,-0.145,3.5861,-1.9072,1.7167,2042
3,0.2251,-1.4966,-0.1907,3.692,-1.8379,1.6467,2044
3,0.1868,-1.645,-0.1616,3.6134,-1.6544,1.5904,2039
3,0.123,-1.6868,-0.1294,3.4367,-1.4628,1.5695,2025
3,0.0452,-1.6663,-0.0413,3.2801,-1.2513,1.5367,2019
3,-0.0295,-1.6624,0.1008,3.0777,-1.123,1.4203,2036
3,-0.0845,-1.6028,0.2273,2.7972,-0.912,1.3777,2020
4,-0.1479,-1.5234,0.2898,2.4799,-0.6348,1.3254,2034
4,-0.1875,-1.3997,0.3347,2.1626,-0.2952,1.3093,2047
4,-0.2148,-1.261,0.3752,1.8495,0.034,1.3223,2043
4,-0.1694,-1.1687,0.427,1.4798,0.344,1.2801,2043
4,-0.114,-1.0684,0.4011,1.101,0.6024,1.2111,2046
4,-0.0967,-0.9468,0.3706,0.8015,0.8881,1.1909,2048
4,-0.1226,-0.8545,0.3284,0.7253,1.0863,1.133,2041
4,-0.0566,-0.8755,0.2405,0.5078,1.2082,0.9448,2044
4,0.0007,-0.8943,0.1575,0.3052,1.2932,0.8348,2049
4,0.0278,-0.9067,0.1106,0.1926,1.3446,0.7277,2054
4,0.0361,-0.9392,0.0723,0.0502,1.3717,0.5714,2041
4,0.0522,-0.9458,0.0076,-0.0563,1.307,0.4513,2046
4,0.083,-0.9458,-0.0493,-0.1561,1.239,0.3309,2040
4,0.1165,-0.9509,-0.093,-0.246,1.1805,0.2156,2048
4,0.1396,-0.9617,-0.1162,-0.3432,1.0891,0.104,2049
4,0.1584,-0.9551,-0.1594,-0.4288,0.9312,0.0085,2044
4,0.1782,-0.9719,-0.1938,-0.5184,0.802,-0.0593,2047
4,0.1836,-0.9795,-0.21,-0.5869,0.6481,-0.1234,2039
4,0.1958,-0.9688,-0.2139,-0.6454,0.4932,-0.1794,2044
4,0.1555,-0.9683,-0.1858,-0.6991,0.4229,-0.2208,2037
4,0.1045,-0.9692,-0.1526,-0.8018,0.4582,-0.2729,2037
4,0.0781,-0.9417,-0.1204,-0.8689,0.5485,-0.3393,2049
4,0.0662,-0.9131,-0.1021,-0.9142,0.7016,-0.4132,2037
4,0.0637,-0.8999,-0.0737,-0.9529,0.8877,-0.4775,2038
4,0.1121,-0.8901,-0.0469,-0.9887,1.0588,-0.536,2036
4,0.1057,-0.9067,0.0146,-1.0441,1.2932,-0.5472,2057
4,0.2817,-0.8228,0.3472,-0.9496,3.0614,-0.4898,2103
4,0.0881,-0.9326,0.2378,-1.0243,3.3809,-0.6048,2032
4,0.0549,-0.9834,-0.021,-1.2011,2.91,-0.7656,2035
4,0.187,-1.0583,-0.1484,-1.43,2.2181,-0.7283,2017
4,0.0676,-1.2852,-0.3928,-2.3051,-0.2784,-0.5232,1935
4,-0.0032,-0.4165,-0.2673,-0.855,-0.0431,-1.635,2146
4,0.1323,-0.959,0.3064,-1.0894,1.2202,-1.5954,2081
4,0.0991,-1.0845,0.1521,-1.5053,1.9434,-1.5378,2042
4,0.1428,-1.0244,-0.0979,-1.595,1.8951,-1.5193,2025
4,0.1746,-0.9758,-0.2209,-1.546,1.6743,-1.5122,2031
4,0.0645,-0.9631,-0.2256,-1.5183,1.2565,-1.5448,2029
4,0.1372,-1.051,-0.105,-1.4545,1.3235,-1.5479,2053
4,0.1702,-1.0308,-0.0818,-1.4825,1.6158,-1.5346,2043
4,0.1685,-1.0186,-0.1313,-1.468,1.7006,-1.5571,2035
4,0.1584,-1.0105,-0.2085,-1.3953,1.432,-1.6242,2040
4,0.1267,-1.0256,-0.1968,-1.2644,1.2234,-1.6867,2043
4,0.1548,-1.1021,-0.1736,-1.2509,1.034,-1.7789,2045
4,0.1902,-1.1641,-0.147,-1.2733,1.0865,-1.7813,2038
4,0.1926,-1.1719,-0.1714,-1.2547,1.0469,-1.7723,2040
4,0.1921,-1.1782,-0.1465,-1.1477,0.8522,-1.7772,2040
4,0.165,-1.2524,-0.1189,-1.1128,0.6347,-1.8164,2042
4,0.1497,-1.3032,-0.0693,-1.1412,0.4404,-1.8526,2038
4,0.1572,-1.3425,-0.0164,-1.2085,0.3084,-1.8933,2045
4,0.1479,-1.3433,-0.001,-1.2619,0.1866,-1.911,2040
4,0.1497,-1.3687,-0.0085,-1.2673,0.033,-1.9317,2034
4,0.1611,-1.4319,0.0105,-1.2881,-0.0704,-1.945,2045
4,0.1726,-1.4766,-0.0149,-1.2659,-0.169,-1.9157,2042
4,0.1843,-1.5237,-0.0046,-1.2814,-0.1503,-1.8891,2044
4,0.2039,-1.5605,-0.0212,-1.2625,-0.1935,-1.8382,2038
4,0.2117,-1.5615,-0.0095,-1.2916,-0.1884,-1.7435,2040
4,0.2502,-1.5293,-0.0068,-1.2868,-0.2093,-1.6821,2043
4,0.2878,-1.5386,0.0222,-1.2639,-0.3147,-1.6527,2044
4,0.3157,-1.5295,0.011,-1.2508,-0.4498,-1.5952,2039
4,0.3369,-1.4744,0.0054,-1.2295,-0.5659,-1.5193,2044
4,0.334,-1.3948,0.0303,-1.2222,-0.6339,-1.4424,2037
4,0.302,-1.2913,0.093,-1.2726,-0.5845,-1.3691,2039
4,0.2803,-1.1707,0.1445,-1.3049,-0.5819,-1.3021,2037
4,0.2444,-1.0298,0.1702,-1.3037,-0.61,-1.3227,2038
4,0.2185,-0.9167,0.1934,-1.3167,-0.5677,-1.3367,2037
4,0.1819,-0.8232,0.2048,-1.2868,-0.465,-1.3544,2034
4,0.1692,-0.7629,0.1726,-1.2006,-0.3517,-1.3874,2046
4,0.1516,-0.718,0.1318,-1.0937,-0.153,-1.3589,2039
4,0.1829,-0.6748,0.0693,-0.9578,-0.006,-1.2948,2041
4,0.2368,-0.6677,-0.0066,-0.7281,0.024,-1.248,2043
4,0.2986,-0.7002,-0.0874,-0.4564,-0.0152,-1.1658,2043
4,0.3201,-0.7192,-0.1436,-0.2175,-0.1081,-1.046,2047
4,0.3308,-0.7424,-0.1543,0.0,-0.249,-0.9051,2042
4,0.3228,-0.7358,-0.1406,0.1783,-0.4325,-0.7777,2048
4,0.3108,-0.7214,-0.0886,0.343,-0.6486,-0.6626,2036
4,0.2749,-0.7095,-0.0413,0.473,-0.8491,-0.5755,2046
4,0.2612,-0.7041,-0.0293,0.5862,-1.0461,-0.4848,2040
4,0.2554,-0.7078,-0.0505,0.7074,-1.2212,-0.3951,2038
4,0.2644,-0.7195,-0.0803,0.8614,-1.2952,-0.2936,2043
4,0.2827,-0.7209,-0.0901,1.0316,-1.2955,-0.1681,2038
4,0.2947,-0.7288,-0.1089,1.2025,-1.2744,-0.024,2044
4,0.3091,-0.7512,-0.1064,1.3583,-1.2467,0.1344,2040
4,0.3142,-0.7825,-0.106,1.5073,-1.2126,0.2994,2045
4,0.3235,-0.8047,-0.0994,1.6323,-1.1955,0.4513,2045
4,0.3225,-0.8313,-0.104,1.7564,-1.1958,0.5931,2043
4,0.3247,-0.8657,-0.0991,1.8635,-1.2005,0.7213,2044
4,0.3313,-0.8765,-0.1057,1.9603,-1.1929,0.8592,2040
4,0.3552,-0.8796,-0.094,2.0435,-1.1849,0.9954,2040
4,0.3699,-0.8792,-0.0964,2.1172,-1.179,1.1443,2039
4,0.3804,-0.8848,-0.0996,2.1873,-1.1738,1.2946,2041
4,0.3806,-0.8982,-0.1047,2.2652,-1.1585,1.4569,2039
4,0.3767,-0.9199,-0.1035,2.3517,-1.1385,1.6102,2050
4,0.3696,-0.9592,-0.1218,2.4559,-1.1543,1.7667,2036
4,0.3447,-0.9963,-0.1025,2.5297,-1.1465,1.9237,2042
4,0.3208,-0.9988,-0.1011,2.5868,-1.1019,2.0529,2036
4,0.2903,-0.9885,-0.1038,2.6353,-1.0192,2.1466,2041
4,0.2742,-0.9946,-0.0933,2.7105,-0.9136,2.2216,2040
4,0.2642,-1.0024,-0.0911,2.7749,-0.8257,2.3053,2038
4,0.2117,-1.0247,-0.0977,2.816,-0.6652,2.3684,2035
4,0.1987,-1.0322,-0.1042,2.8617,-0.549,2.4187,2034
4,0.2202,-1.0159,-0.0845,2.9584,-0.488,2.451,2029
5,0.2209,-1.0234,-0.0637,2.9472,-0.4097,2.4618,2040
5,0.2095,-1.0156,-0.0691,3.0106,-0.3384,2.4697,2057
5,0.2266,-1.0188,-0.0623,3.0091,-0.2834,2.49,2044
5,0.2368,-1.0295,-0.0842,3.0532,-0.2365,2.449,2039
5,0.2776,-1.0581,-0.0623,3.0797,-0.2674,2.4322,2038
5,0.2717,-1.0881,-0.064,3.0821,-0.2767,2.4336,2042
5,0.2312,-1.1206,-0.0491,3.0083,-0.2052,2.3724,2037
5,0.2488,-1.1121,-0.0337,2.9536,-0.1985,2.2999,2034
5,0.2488,-1.1118,-0.0212,2.9577,-0.2089,2.2233,2044
5,0.2446,-1.1353,0.01,2.9339,-0.2282,2.132,2039
5,0.2644,-1.1609,0.0334,2.8923,-0.2224,2.0414,2041
5,0.2891,-1.1975,0.0608,2.7932,-0.1728,1.9526,2046
5,0.322,-1.2224,0.0906,2.618,-0.1155,1.8797,2038
5,0.3633,-1.2129,0.1292,2.4542,-0.1398,1.8117,2037
5,0.343,-1.2114,0.1758,2.2983,-0.0976,1.7379,2042
5,0.3491,-1.2258,0.2041,2.0925,-0.1332,1.6122,2034
5,0.3657,-1.2144,0.1978,1.8883,-0.1894,1.4836,2029
5,0.3586,-1.137,0.1345,1.7587,-0.1499,1.3581,2004
5,0.3254,-1.1304,0.1528,1.6675,-0.0016,1.1832,2010
5,0.3203,-1.1826,0.1426,1.5704,0.1113,0.9724,2044
5,0.3237,-1.2551,0.1086,1.4179,0.2549,0.7929,2039
5,0.3069,-1.2844,0.0393,1.284,0.4095,0.6269,2012
5,0.2556,-1.2991,0.0171,1.1399,0.5381,0.4382,1926
5,0.2058,-1.2825,0.0454,0.9182,0.6814,0.2213,2038
5,0.1577,-1.2241,0.1475,0.5991,0.8261,-0.0241,2065
5,0.1099,-1.1362,0.2439,0.2168,1.0096,-0.2637,2029
5,-0.0137,-1.0476,0.3342,-0.1561,1.3535,-0.5505,2103
5,-0.0212,-0.9783,0.3318,-0.406,1.6179,-0.8035,2112
5,-0.0364,-1.0056,0.3154,-0.6976,1.9053,-0.9989,2081
5,-0.031,-0.9932,0.2776,-0.9624,2.2401,-1.1709,2052
5,-0.0808,-0.9971,0.2341,-1.1057,2.5354,-1.3563,2055
5,-0.0935,-1.0249,0.2197,-1.2519,2.7279,-1.5422,2053
5,-0.0774,-1.0229,0.2146,-1.3556,2.8598,-1.7321,2044
5,-0.0586,-1.0481,0.2151,-1.47,2.9867,-1.8887,2052
5,-0.0771,-1.0972,0.2288,-1.6339,3.1975,-2.0033,2044
5,-0.0366,-1.0415,0.1907,-1.7193,3.3469,-2.1543,2054
5,-0.0022,-1.1257,0.2012,-1.7849,3.4113,-2.2742,2036
5,-0.1067,-1.2134,0.2402,-2.1066,3.7183,-2.3503,2035
5,0.0911,-1.0457,0.2908,-1.9897,3.9852,-2.2972,2045
5,0.1531,-0.9563,0.1226,-1.6234,3.8877,-2.4887,2067
5,0.1365,-1.009,-0.1282,-2.0366,2.6952,-2.6974,2034
5,0.3206,-1.1545,0.0957,-2.2473,2.6381,-2.8834,2041
5,0.2661,-0.9915,0.1399,-2.1578,2.6818,-2.8952,2044
5,0.2356,-1.0371,0.1558,-2.0694,2.4341,-3.0292,2030
5,0.2488,-1.0627,0.0449,-2.0928,2.0109,-3.1525,2045
5,0.2578,-1.0562,-0.0051,-2.0915,1.7034,-3.2829,2057
5,0.2473,-1.0557,-0.0171,-2.0728,1.4424,-3.4034,2054
5,0.2314,-1.1099,-0.0042,-2.1094,1.181,-3.513,2056
5,0.2144,-1.178,-0.0466,-2.2117,0.9851,-3.5934,2056
5,0.186,-1.1882,-0.0867,-2.2156,0.813,-3.5865,2041
5,0.1479,-1.1646,-0.1021,-2.216,0.6107,-3.5491,2038
5,0.0757,-1.145,-0.1353,-2.2622,0.4817,-3.5391,2045
5,0.0559,-1.1687,-0.1802,-2.1422,0.4326,-3.5499,2045
5,0.0571,-1.2554,-0.2039,-2.0837,0.3139,-3.5396,2054
5,0.071,-1.3008,-0.2344,-2.0399,0.2119,-3.5069,2041
5,0.0769,-1.2786,-0.2358,-1.9807,0.0924,-3.4167,2029
5,0.0786,-1.2454,-0.1855,-1.973,-0.0389,-3.3031,2034
5,0.0564,-1.2275,-0.1853,-1.9245,-0.1451,-3.2368,2040
5,0.0593,-1.2483,-0.1492,-1.9246,-0.2297,-3.1829,2036
5,0.064,-1.2319,-0.1174,-1.9233,-0.2836,-3.1168,2040
5,0.0933,-1.1807,-0.0994,-1.9836,-0.3619,-3.0293,2039
5,0.1096,-1.2158,-0.0947,-1.9627,-0.5151,-2.985,2045
5,0.0659,-1.3035,-0.0354,-2.0491,-0.534,-2.922,2044
5,0.0374,-1.2842,-0.0286,-2.1875,-0.5249,-2.8578,2041
5,0.0586,-1.2749,-0.0574,-2.2614,-0.4438,-2.7659,2050
5,0.1257,-1.3508,-0.0203,-2.4305,-0.2546,-2.578,2048
5,0.2148,-1.3599,0.0085,-2.6709,-0.1076,-2.3775,2074
5,0.3289,-1.3567,-0.0605,-2.6597,-0.1531,-2.1441,2051
5,0.3792,-1.3271,0.0022,-2.7006,-0.2581,-1.8901,2031
5,0.3438,-1.2393,0.1326,-3.0083,-0.4413,-1.7551,2050
5,0.2913,-1.1404,0.2483,-3.2473,-0.4747,-1.7435,2043
5,0.282,-1.0535,0.2344,-3.3686,-0.4418,-1.7655,2042
5,0.2976,-0.9861,0.0806,-3.3483,-0.4911,-1.7482,2022
5,0.3545,-0.939,-0.137,-3.2287,-0.3665,-1.6637,2046
5,0.4089,-0.9202,-0.3108,-3.0235,-0.019,-1.4451,1999
5,0.4294,-0.9622,-0.3477,-2.7706,0.3816,-1.4151,2052
5,0.5754,-0.9331,-0.3411,-2.553,0.5769,-1.3284,2027
5,0.6833,-0.9209,-0.3464,-2.414,0.4461,-1.1853,2056
5,0.7241,-0.9294,-0.2642,-2.3739,0.0961,-1.1174,2045
5,0.5928,-0.9932,-0.3408,-2.5061,-0.3674,-1.3246,2051
5,0.7649,-0.8337,-0.4688,-2.4052,-0.5016,-1.0435,2055
5,0.5757,-0.7241,-0.4287,-2.3216,-0.4067,-1.1196,2040
5,0.7896,-0.4026,-0.5701,-1.9923,-0.0646,-0.5983,2048
5,1.1328,-0.6348,-0.5798,-0.8926,0.1381,0.2265,2040
5,1.1809,-0.7595,-0.5278,-0.3537,-0.1546,0.7536,2025
5,1.0229,-0.9944,-0.4146,-0.2936,-0.4112,0.8526,2037
5,0.8254,-1.1177,-0.2864,-0.359,-0.6367,0.7248,2039
5,0.7063,-0.9001,-0.0103,-0.8063,-1.048,0.8071,2018
5,0.5967,-0.6797,0.1025,-1.3675,-1.3769,0.6822,2053
5,0.6611,-0.6699,-0.0161,-1.6708,-1.4436,0.5221,2049
5,0.6709,-0.8564,-0.1482,-2.3047,-1.3745,0.0929,2037
5,0.6812,-0.562,-0.2878,-2.0502,-1.2946,0.2615,2066
5,0.6973,-0.4453,-0.3281,-1.806,-1.1688,0.2028,2034
5,0.6772,-0.3281,-0.2964,-1.2292,-1.4464,0.0969,2027
5,0.6143,-0.2458,-0.2751,-0.6972,-1.4495,0.0961,2016
5,0.5107,-0.3586,-0.3169,-0.4935,-1.3724,0.055,2061
5,0.4736,-0.531,-0.4146,-0.3894,-1.2613,-0.017,2027
5,0.5205,-0.6196,-0.4434,-0.3125,-1.1288,-0.045,2021
5,0.5613,-0.6348,-0.4712,-0.2507,-1.0856,-0.0758,2051
5,0.6257,-0.5916,-0.4705,-0.1653,-1.195,-0.1486,2038
5,0.717,-0.5264,-0.4709,-0.0107,-1.3452,-0.1393,2054
5,0.6714,-0.4626,-0.4338,0.1109,-1.4679,-0.1025,2041
5,0.6016,-0.4221,-0.4375,0.2281,-1.5733,-0.0937,2048
6,0.5513,-0.4106,-0.4133,0.3815,-1.5046,-0.1493,2048
6,0.4929,-0.4092,-0.3965,0.5437,-1.3651,-0.1701,2036
6,0.4653,-0.4221,-0.4138,0.659,-1.2894,-0.2273,2038
6,0.46,-0.4102,-0.4529,0.7704,-1.1455,-0.2482,2028
6,0.4976,-0.4089,-0.4841,0.8459,-1.0455,-0.261,2081
6,0.5291,-0.4187,-0.502,0.9359,-0.9316,-0.246,1999
6,0.5635,-0.4297,-0.5183,0.9983,-0.942,-0.2533,2037
6,0.592,-0.4463,-0.5391,1.0178,-1.0409,-0.284,2060
6,0.5784,-0.4409,-0.5522,1.0014,-1.1685,-0.3153,2071
6,0.5439,-0.4614,-0.5659,0.9861,-1.2137,-0.351,2040
6,0.532,-0.4316,-0.6357,0.985,-1.2881,-0.3769,2041
6,0.5308,-0.3733,-0.6521,0.9997,-1.3001,-0.3859,2065
6,0.5132,-0.3914,-0.6626,0.927,-1.3254,-0.4595,2023
6,0.5037,-0.3879,-0.7139,0.8606,-1.3322,-0.5561,2090
6,0.5225,-0.3684,-0.7075,0.8521,-1.2477,-0.6751,2048
6,0.5535,-0.3562,-0.7441,0.7566,-1.2354,-0.7658,2017
6,0.5808,-0.3384,-0.7803,0.6751,-1.2355,-0.8977,2035
6,0.5969,-0.3315,-0.7952,0.6227,-1.2493,-1.0182,2063
6,0.6013,-0.3521,-0.8074,0.5518,-1.2003,-1.1101,2038
6,0.6052,-0.3384,-0.8101,0.4987,-1.1592,-1.1555,2049
6,0.6021,-0.3599,-0.8301,0.4185,-1.105,-1.1741,2041
6,0.6194,-0.2915,-0.8472,0.3408,-0.9938,-1.1246,1934
6,0.6147,-0.2544,-0.8311,0.2167,-0.8634,-1.1196,2033
6,0.6294,-0.2371,-0.8694,0.1217,-0.7243,-1.0716,2042
6,0.6763,-0.229,-0.855,0.0224,-0.6682,-0.9569,2066
6,0.7546,-0.2131,-0.8406,-0.0152,-0.6328,-0.8542,2067
6,0.7798,-0.189,-0.8086,-0.0368,-0.7042,-0.803,2119
6,0.9226,-0.0813,-0.6907,0.1115,-1.0451,-0.7329,2056
6,0.8774,-0.1475,-0.6404,0.3067,-1.2011,-0.7059,2134
6,0.7083,-0.2739,-0.6658,0.1388,-1.4597,-0.5227,2057
6,0.4294,-0.1589,-0.8018,0.0388,-0.8573,-0.2523,2044
6,0.655,-0.0447,-0.876,0.0446,-0.4168,-0.3918,2007
6,0.7563,-0.1113,-0.9043,0.6634,0.2662,-0.6582,2037
6,0.8491,-0.2751,-0.7793,-0.0598,-0.1465,-0.2111,2047
6,0.8188,-0.3208,-0.8401,-0.1374,-0.1032,-0.1567,2024
6,0.7925,-0.2554,-0.8469,-0.3273,0.029,-0.2064,2051
6,0.813,-0.23,-0.8726,-0.4478,0.1474,-0.1242,2046
6,0.8486,-0.2219,-0.8872,-0.5148,0.0778,0.0121,2062
6,0.8525,-0.2539,-0.9028,-0.6114,0.0292,0.067,2035
6,0.8022,-0.2661,-0.8743,-0.7528,0.0463,0.0439,2047
6,0.7729,-0.2439,-0.8286,-0.8854,-0.0021,0.0105,2036
6,0.7312,-0.2007,-0.8357,-0.9525,-0.0318,-0.0328,2043
6,0.6716,-0.1501,-0.8408,-1.0708,0.1214,0.0055,2051
6,0.6948,-0.1467,-0.8384,-1.0923,0.2109,-0.1365,2042
6,0.6653,-0.1123,-0.8269,-1.113,0.3533,-0.2095,2043
6,0.6746,-0.1018,-0.8367,-1.0947,0.5195,-0.2199,2058
6,0.7083,-0.1399,-0.8464,-1.0539,0.6131,-0.2818,2026
6,0.7258,-0.1589,-0.874,-1.0292,0.652,-0.3844,2028
6,0.698,-0.186,-0.8958,-1.0491,0.8613,-0.4653,2065
6,0.6855,-0.2292,-0.8757,-1.1342,1.0477,-0.6444,2082
6,0.6533,-0.2593,-0.8413,-1.2271,1.2801,-0.7569,2051
6,0.6838,-0.2751,-0.8401,-1.3379,1.4225,-0.8693,2042
6,0.7283,-0.2295,-0.8982,-1.5683,1.3854,-1.0732,2043
6,0.7468,-0.1836,-0.8406,-1.688,1.3456,-1.2991,2037
6,0.7048,-0.145,-0.8281,-1.7892,1.3201,-1.4155,2056
6,0.6956,-0.0991,-0.7739,-1.7797,1.343,-1.5004,2027
6,0.6733,-0.0662,-0.7471,-1.8544,1.4826,-1.5306,2038
6,0.6912,-0.0591,-0.7354,-1.8948,1.5933,-1.5886,2044
6,0.6304,-0.0261,-0.7122,-1.8776,1.7378,-1.5589,2042
6,0.6438,-0.0107,-0.7056,-1.8527,1.7535,-1.534,2052
6,0.6555,0.0149,-0.6765,-1.763,1.8287,-1.5583,2037
6,0.6589,0.0142,-0.678,-1.7623,1.8949,-1.5699,2059
6,0.6836,0.0264,-0.72,-1.7211,2.0016,-1.5752,2041
6,0.698,0.0293,-0.7559,-1.662,1.9984,-1.4822,2050
6,0.7175,0.0347,-0.7815,-1.5237,2.0286,-1.3745,2056
6,0.7258,0.0188,-0.7939,-1.4792,1.9975,-1.2322,2043
6,0.7639,0.0232,-0.8367,-1.4873,1.9377,-1.0934,2063
6,0.7437,-0.033,-0.8335,-1.5267,1.8418,-1.0906,2041
6,0.7117,-0.0801,-0.8,-1.6274,1.7435,-1.0782,2041
6,0.6941,-0.0518,-0.7524,-1.6743,1.6455,-1.0929,2064
6,0.6577,-0.0356,-0.7375,-1.7595,1.5387,-1.1003,2037
6,0.6487,-0.0071,-0.7214,-1.7729,1.5391,-0.9768,2032
6,0.6353,0.012,-0.7207,-1.7721,1.5259,-0.852,2057
6,0.5896,0.0005,-0.7361,-1.7143,1.5676,-0.7886,2065
6,0.5938,-0.0076,-0.717,-1.6588,1.585,-0.7336,2090
6,0.6501,0.033,-0.6948,-1.6395,1.5572,-0.6225,2026
6,0.7253,0.053,-0.6609,-1.6737,1.4476,-0.4809,2047
6,0.7092,0.0247,-0.7051,-1.5743,1.3861,-0.5244,2087
6,0.7393,0.0342,-0.647,-1.5815,1.268,-0.4821,2004
6,0.7554,0.0439,-0.6357,-1.6507,1.1158,-0.53,2073
6,0.7668,0.0479,-0.625,-1.7201,0.9809,-0.554,2047
6,0.7678,0.0859,-0.5979,-1.6707,0.8231,-0.5432,2027
6,0.7668,0.0776,-0.5588,-1.6386,0.7268,-0.5388,2035
6,0.7854,0.0854,-0.5386,-1.576,0.6051,-0.5631,2081
6,0.7898,0.0916,-0.509,-1.5222,0.5339,-0.5979,2046
6,0.813,0.1045,-0.478,-1.4874,0.5098,-0.5564,1949
6,0.8137,0.0974,-0.4407,-1.4226,0.4497,-0.546,2000
6,0.835,0.0957,-0.4124,-1.458,0.4591,-0.4617,2025
6,0.8582,0.1467,-0.407,-1.4663,0.4108,-0.396,2042
6,0.8584,0.1497,-0.4011,-1.4039,0.3141,-0.4244,2011
6,0.9023,0.2124,-0.3643,-1.3824,0.2313,-0.3484,2035
6,0.9275,0.2444,-0.3264,-1.3503,0.1603,-0.3779,2066
6,0.9265,0.2532,-0.2954,-1.3201,0.1329,-0.3466,2078
6,0.8938,0.2468,-0.271,-1.2725,0.1706,-0.2868,2059
6,0.8757,0.293,-0.2617,-1.1985,0.1551,-0.2294,2038
6,0.9075,0.3406,-0.2795,-1.1171,0.1545,-0.1778,2016
6,0.9385,0.3928,-0.3064,-0.9649,0.1406,-0.1513,2028
6,0.9314,0.2847,-0.2854,-0.8275,0.0967,-0.1354,2046
6,0.9177,0.1472,-0.1553,-0.5105,0.0485,0.0907,2018
6,0.9434,0.3584,-0.0466,-0.3156,-0.0531,0.2089,2023
6,1.0261,0.3821,-0.1614,-0.0442,0.1301,0.121,2056
6,0.9929,0.332,-0.29,-0.1565,0.2681,0.1009,2084
6,1.0244,0.3345,-0.24,-0.314,0.2104,0.1313,2041
6,1.0999,0.3799,-0.2053,-0.4775,0.0824,0.0664,2063
7,1.0752,0.4087,-0.1782,-0.5568,0.0434,-0.0475,2025
7,1.022,0.4282,-0.1152,-0.5384,0.1182,-0.1418,2058
7,1.0068,0.4338,-0.1006,-0.4568,0.2192,-0.1559,2037
7,1.019,0.457,-0.1223,-0.3626,0.293,-0.1421,2023
7,1.0278,0.4341,-0.116,-0.2962,0.3943,-0.1442,1987
7,1.0144,0.4104,-0.1001,-0.2336,0.4418,-0.1594,2067
7,0.9963,0.3718,-0.0781,-0.2248,0.4967,-0.2169,2036
7,0.9958,0.3584,-0.0696,-0.2296,0.6062,-0.2836,2054
7,0.9995,0.3672,-0.0825,-0.1854,0.6954,-0.3457,2038
7,1.0081,0.3652,-0.115,-0.1096,0.7673,-0.363,2029
7,1.0554,0.3521,-0.1365,-0.0427,0.7929,-0.3601,2087
7,1.0823,0.3506,-0.2056,0.0423,0.7576,-0.3208,1990
7,1.094,0.3372,-0.2771,0.1517,0.6934,-0.2477,2049
7,1.0774,0.3049,-0.3052,0.2538,0.5464,-0.1681,2045
7,1.0833,0.2825,-0.2444,0.2807,0.4279,-0.0646,2048
7,1.0901,0.2966,-0.2375,0.2209,0.2942,0.0467,2035
7,1.011,0.2837,-0.2573,0.2631,0.2638,0.026,2066
7,1.0291,0.2581,-0.1611,0.1172,0.1305,0.1139,2051
7,0.9575,0.238,-0.1289,0.1029,0.1563,0.0688,2058
7,0.9175,0.2349,-0.1094,0.1099,0.2321,0.0146,2016
7,0.856,0.2244,-0.0869,0.1286,0.3119,-0.0542,2018
7,0.7781,0.2131,-0.0901,0.1858,0.4412,-0.1023,2070
7,0.7366,0.1899,-0.1218,0.2968,0.55,-0.1485,2036
7,0.7722,0.1943,-0.1631,0.398,0.6023,-0.2057,2038
7,0.8105,0.2026,-0.2571,0.4662,0.5405,-0.2763,2044
7,0.8445,0.2075,-0.3098,0.5396,0.3823,-0.3316,2050
7,0.8547,0.2126,-0.3474,0.6084,0.2085,-0.3876,2030
7,0.8652,0.2129,-0.3164,0.6541,0.035,-0.4011,2023
7,0.8606,0.2129,-0.292,0.6899,-0.0911,-0.3747,2053
7,0.8721,0.2363,-0.2734,0.7212,-0.2237,-0.3241,2050
7,0.8799,0.2507,-0.2539,0.7648,-0.3103,-0.3016,2047
7,0.8582,0.2598,-0.1675,0.7945,-0.4034,-0.2543,2051
7,0.8542,0.3118,-0.1082,0.8686,-0.4719,-0.1963,2031
7,0.844,0.2852,-0.0942,0.9854,-0.4143,-0.191,2053
7,0.855,0.2878,-0.1133,0.978,-0.3565,-0.1701,2062
7,0.8745,0.2883,-0.1199,0.9706,-0.3059,-0.1482,2067
7,0.8901,0.2878,-0.1199,0.9497,-0.2963,-0.1562,2048
7,0.8689,0.272,-0.1047,0.9347,-0.2549,-0.1916,2037
7,0.8594,0.2756,-0.0725,0.897,-0.2068,-0.2201,2048
7,0.8535,0.3003,-0.0564,0.889,-0.1475,-0.2437,2035
7,0.8247,0.3225,-0.0474,0.8886,-0.0988,-0.2731,2030
7,0.8027,0.3213,-0.0415,0.9046,-0.047,-0.2936,2025
7,0.7898,0.3157,-0.0515,0.9207,-0.0032,-0.2779,2007
7,0.7695,0.3149,-0.0623,0.9263,0.021,-0.2482,2040
7,0.7698,0.3162,-0.0759,0.9064,0.0372,-0.2,2021
7,0.7559,0.3083,-0.0789,0.8961,0.0521,-0.1836,2038
7,0.752,0.3044,-0.0901,0.865,0.0427,-0.1768,2041
7,0.7715,0.3062,-0.1079,0.8562,0.033,-0.1667,2053
7,0.78,0.3306,-0.1011,0.8303,-0.0075,-0.1654,2035
7,0.7861,0.3323,-0.104,0.7979,-0.0482,-0.1916,2031
7,0.79,0.3401,-0.1179,0.7686,-0.0748,-0.2167,2025
7,0.804,0.3513,-0.1216,0.7477,-0.0911,-0.235,2041
7,0.8206,0.3904,-0.1382,0.7224,-0.1175,-0.2482,2040
7,0.8152,0.3831,-0.146,0.7055,-0.0988,-0.2647,2053
7,0.8035,0.3792,-0.1436,0.6954,-0.0756,-0.2685,2025
7,0.8269,0.3843,-0.1614,0.6597,-0.0538,-0.2826,2043
7,0.8311,0.3833,-0.1682,0.6122,-0.0623,-0.3096,2041
7,0.8528,0.3599,-0.1863,0.5698,-0.1012,-0.3121,2047
7,0.8704,0.3586,-0.2112,0.5456,-0.1734,-0.3083,2040
7,0.8992,0.3665,-0.2585,0.5474,-0.2529,-0.3025,2048
7,0.9285,0.3564,-0.3098,0.5815,-0.3651,-0.2807,2028
7,0.9802,0.3398,-0.3882,0.6713,-0.5325,-0.2095,2038
7,1.082,0.3323,-0.5359,0.8002,-0.7251,-0.1276,2059
7,1.1172,0.3225,-0.6497,0.9901,-0.9804,-0.0172,2042
7,1.1074,0.2654,-0.6465,1.1186,-1.0648,0.2068,2042
7,1.0596,0.2112,-0.6528,1.2824,-1.1062,0.3673,2041
7,1.05,0.1802,-0.6724,1.4463,-1.181,0.5297,2043
7,1.0515,0.1841,-0.7161,1.6058,-1.2183,0.7098,2042
7,1.0481,0.199,-0.7727,1.71,-1.3314,0.9375,2035
7,1.0447,0.1963,-0.7947,1.8864,-1.4656,1.2133,2044
7,1.01,0.1697,-0.7712,1.9855,-1.5619,1.4335,2042
7,0.9656,0.1404,-0.7742,2.1184,-1.5824,1.6398,2046
7,0.9033,0.1228,-0.7791,2.2079,-1.5612,1.8399,2024
7,0.8845,0.0967,-0.7932,2.3345,-1.5467,2.008,2042
7,0.8704,0.083,-0.7727,2.4888,-1.5098,2.1254,2035
7,0.8516,0.074,-0.7454,2.6036,-1.4371,2.2118,2066
7,0.8037,0.0322,-0.7334,2.6782,-1.3471,2.2557,2044
7,0.8093,-0.0317,-0.7251,2.6143,-1.3205,2.3147,2048
7,0.7939,-0.071,-0.689,2.4895,-1.3083,2.2708,2054
7,0.8074,-0.0784,-0.709,2.3087,-1.4359,2.3575,2056
7,0.8254,-0.0574,-0.7124,2.1334,-1.549,2.3489,2045
7,0.7979,-0.0364,-0.7788,1.9547,-1.5757,2.2458,2030
7,0.855,0.0374,-0.7861,1.7568,-1.5471,2.2836,2017
7,0.824,0.125,-0.6843,1.5922,-1.6086,2.4473,2039
7,0.7556,0.0881,-0.6682,1.4238,-1.6107,2.5734,2052
7,0.6753,0.0542,-0.6736,1.3643,-1.5434,2.634,2018
7,0.6467,0.0989,-0.7039,1.297,-1.4424,2.7002,2034
7,0.6423,0.1528,-0.7058,1.1748,-1.3512,2.7777,2045
7,0.656,0.1399,-0.7202,1.0583,-1.2868,2.8,2042
7,0.6802,0.1802,-0.7703,0.8653,-1.2286,2.8786,2041
7,0.6707,0.2148,-0.7825,0.8364,-1.2083,2.9395,2039
7,0.6707,0.2039,-0.7639,0.7484,-1.2147,3.0604,2042
7,0.6584,0.1523,-0.8022,0.6779,-1.0533,3.1416,2035
7,0.5569,0.1248,-0.8442,0.6309,-0.8746,3.1652,2045
7,0.4929,0.1116,-0.8213,0.6452,-0.55,2.957,2039
7,0.6357,0.0679,-0.792,0.4104,-0.3695,2.9561,2055
7,0.7651,0.0498,-0.772,0.2478,-0.3597,2.9084,2034
7,0.7478,0.0803,-0.7312,0.1846,-0.2674,2.5703,2058
7,0.7871,0.1638,-0.7183,0.151,-0.2754,2.436,2049
7,0.7896,0.1179,-0.7139,0.2005,-0.3397,2.3158,2040
7,0.728,0.1233,-0.7361,0.1027,-0.5464,1.9042,2038
8,0.7734,0.1121,-0.7061,0.1353,-0.5377,1.6651,2048
8,0.6489,0.032,-0.6479,0.1605,-0.3808,1.5962,2006
8,0.5564,-0.0137,-0.6377,0.1373,-0.2368,1.5838,2073
8,0.4702,-0.0117,-0.6382,0.1213,-0.1237,1.4801,2021
8,0.6487,0.0378,-0.6895,0.1123,0.0209,1.5793,2116
8,0.5522,0.1069,-0.6394,0.2786,0.2,1.6777,1952
8,0.5288,0.145,-0.5774,0.4085,0.5054,1.6821,2053
8,0.4072,0.0725,-0.5295,0.5853,0.9267,1.9181,2011
8,0.2437,-0.1396,-0.5474,0.4934,1.5266,1.9313,2077
8,0.1641,-0.2488,-0.6716,0.7018,1.9702,1.8996,2053
8,0.2654,-0.2715,-0.6965,0.9967,2.5354,1.9619,2045
8,0.3279,-0.356,-0.6396,0.8636,3.1171,2.0872,2046
8,0.2786,-0.4417,-0.6626,0.7039,3.8199,2.232,2010
8,0.4219,-0.5095,-0.7056,0.671,4.3634,2.276,2017
8,0.5874,-0.5938,-0.6736,0.6066,4.3634,2.3499,2049
8,0.7141,-0.6968,-0.6201,0.508,4.3634,2.5041,2049
8,0.7402,-0.7783,-0.5903,0.3962,4.3634,2.4546,2059
8,0.9065,-0.8765,-0.6191,0.344,4.3634,2.3097,2020
8,1.1704,-0.8965,-0.4858,0.1623,4.3634,2.0614,2041
8,1.9999,-0.8738,-0.3599,-0.5172,3.4496,1.9279,2043
8,1.9999,-1.0784,-0.7778,-1.44,0.7299,1.6278,2053
8,1.6414,-0.9165,-0.7871,-1.903,-0.8548,1.2248,2037
8,0.6643,-0.6599,-0.7454,-2.126,-1.0812,1.4948,2014
8,-0.1404,-0.5493,-0.7136,-1.8548,-0.3835,1.5823,2017
8,-0.3862,-0.5415,-0.7219,-1.0744,0.8175,1.2484,2045
8,0.094,-0.7158,-0.6309,-0.4785,1.9987,0.7822,2048
8,0.5347,-0.8521,-0.5417,-0.2067,2.5795,0.5899,2063
8,0.76,-0.9124,-0.5378,-0.0882,2.537,0.3737,2051
8,0.8853,-0.9866,-0.5388,0.0031,2.2053,0.2521,2111
8,0.9373,-0.9937,-0.4773,-0.0461,1.8271,0.1593,2086
8,0.8535,-0.9814,-0.4839,-0.0334,1.3769,0.0843,2054
8,0.6899,-0.9661,-0.4651,-0.0756,1.0828,0.0498,2038
8,0.6216,-0.9277,-0.5076,0.0112,0.854,0.07,2065
8,0.6621,-0.9033,-0.5432,0.1373,0.6699,0.1447,2113
8,0.6348,-0.9041,-0.5872,0.2979,0.4317,0.1819,2036
8,0.5835,-0.9597,-0.605,0.2971,0.1198,0.1935,2058
8,0.5439,-1.0066,-0.6531,0.299,-0.1562,0.1625,2031
8,0.5034,-1.0022,-0.6846,0.2758,-0.4223,0.1248,2050
8,0.4917,-0.9243,-0.7014,0.335,-0.5639,0.1413,2008
8,0.4751,-0.8413,-0.6934,0.3947,-0.6767,0.122,2065
8,0.45,-0.8291,-0.7078,0.3987,-0.7654,0.0997,2058
8,0.4258,-0.8557,-0.7034,0.4014,-0.8008,0.0856,2047
8,0.3882,-0.856,-0.6519,0.3274,-0.801,0.0565,2026
8,0.3677,-0.8391,-0.5991,0.2438,-0.7774,-0.0112,2038
8,0.3833,-0.8101,-0.5935,0.1008,-0.8059,-0.134,2034
8,0.4019,-0.7737,-0.5959,-0.0871,-0.913,-0.2485,2064
8,0.3928,-0.696,-0.6072,-0.2904,-1.0118,-0.3364,1913
8,0.3831,-0.5798,-0.5679,-0.2971,-1.0147,-0.4256,2008
8,0.3384,-0.4932,-0.481,-0.3723,-1.0361,-0.5678,2044
8,0.2788,-0.4114,-0.4731,-0.4553,-1.0875,-0.6472,2057
8,0.2478,-0.3867,-0.4966,-0.4307,-1.0698,-0.6898,2077
8,0.1982,-0.3921,-0.5117,-0.2559,-0.94,-0.7014,2059
8,0.1511,-0.4465,-0.4487,-0.1073,-0.7458,-0.7241,2038
8,0.1724,-0.531,-0.4565,0.076,-0.5157,-0.7139,2009
8,0.2659,-0.5889,-0.3884,0.4554,-0.227,-0.6931,2045
8,0.3809,-0.5806,-0.2856,0.7277,-0.2336,-0.7781,2068
8,0.5391,-0.5461,-0.291,0.855,-0.5862,-0.9818,2036
8,0.7122,-0.5986,-0.3584,0.738,-1.1491,-1.3133,2028
8,0.7666,-0.6226,-0.384,0.5012,-1.4533,-1.443,2035
8,0.6262,-0.6772,-0.3796,0.2385,-1.7257,-1.3462,2084
8,0.522,-0.679,-0.3787,0.0499,-1.7274,-1.2649,2009
8,0.5542,-0.5706,-0.3679,-0.0204,-1.4761,-1.2563,2050
8,0.5952,-0.491,-0.4624,-0.0599,-1.6735,-1.3098,2049
8,0.6152,-0.613,-0.4763,-0.1541,-1.6206,-1.3427,2054
8,0.5806,-0.7197,-0.4277,-0.1598,-1.4806,-1.2318,2048
8,0.4915,-0.6968,-0.3721,-0.1884,-1.3054,-1.1488,2052
8,0.4656,-0.6631,-0.416,-0.2372,-1.0915,-1.169,2032
8,0.5447,-0.707,-0.4407,-0.2089,-0.8333,-1.1617,2029
8,0.6484,-0.7305,-0.4519,-0.2594,-0.6582,-1.0464,2057
8,0.7104,-0.7126,-0.4788,-0.3374,-0.6678,-0.8677,2042
8,0.7268,-0.7217,-0.4414,-0.4558,-0.6765,-0.7873,2039
8,0.7175,-0.6831,-0.4402,-0.5368,-0.7488,-0.6683,2035
8,0.6499,-0.6665,-0.4146,-0.5004,-0.807,-0.6027,2045
8,0.6277,-0.6709,-0.3782,-0.3971,-0.7456,-0.5742,2039
8,0.6201,-0.7261,-0.3254,-0.4405,-0.5972,-0.5136,2039
8,0.5715,-0.6602,-0.3916,-0.3714,-0.5678,-0.5408,2043
8,0.6802,-0.7278,-0.3345,-0.3324,-0.3987,-0.5357,2044
8,0.6697,-0.7029,-0.3557,-0.3578,-0.2803,-0.4899,2031
8,0.7563,-0.6687,-0.3564,-0.359,-0.2926,-0.4939,2040
8,0.7461,-0.6523,-0.3511,-0.3231,-0.2863,-0.5018,2043
8,0.7622,-0.6235,-0.3872,-0.3773,-0.3389,-0.5054,2045
8,0.7515,-0.624,-0.4072,-0.2926,-0.4219,-0.5284,2044
8,0.7173,-0.6519,-0.3987,-0.3429,-0.3267,-0.4594,2037
8,0.6794,-0.6348,-0.3958,-0.3329,-0.2605,-0.4384,2031
8,0.6604,-0.5942,-0.4155,-0.3172,-0.2784,-0.3932,2045
8,0.6738,-0.5251,-0.4402,-0.2368,-0.3149,-0.371,2043
8,0.6907,-0.4495,-0.4688,-0.13,-0.3605,-0.3433,2046
8,0.7048,-0.4575,-0.4761,-0.0698,-0.3914,-0.3024,2045
8,0.6904,-0.4805,-0.478,-0.0731,-0.4308,-0.2638,2050
8,0.6396,-0.5493,-0.4868,-0.1397,-0.4582,-0.3033,2043
8,0.6279,-0.5662,-0.4912,-0.282,-0.4646,-0.296,2042
8,0.584,-0.5398,-0.4932,-0.3717,-0.4603,-0.2598,2040
8,0.564,-0.4924,-0.5049,-0.4191,-0.4576,-0.23,2035
8,0.5679,-0.4661,-0.5171,-0.3793,-0.4552,-0.1545,2037
8,0.5759,-0.4771,-0.5342,-0.4348,-0.3907,-0.1449,2043
8,0.6179,-0.4492,-0.5808,-0.3777,-0.405,-0.0454,2026
8,0.655,-0.4595,-0.6055,-0.2934,-0.4229,0.0804,2065
8,0.6812,-0.481,-0.6702,-0.1617,-0.4486,0.2055,2083
8,0.7104,-0.5193,-0.645,-0.0337,-0.4765,0.3052,2056
8,0.7227,-0.5454,-0.6787,-0.0498,-0.5642,0.3987,2064
8,0.7612,-0.5564,-0.7358,-0.0149,-0.6076,0.4562,2027
8,0.8044,-0.5776,-0.7629,0.0273,-0.6773,0.5204,2060
9,0.8364,-0.728,-0.7886,0.0385,-0.8183,0.6283,2004
9,0.7993,-0.7917,-0.7864,-0.059,-0.8054,0.6387,2025
9,0.8442,-0.6533,-0.75,-0.1666,-0.9509,0.6496,2019
9,0.7988,-0.5842,-0.7346,-0.1782,-1.0613,0.7787,2047
9,0.7271,-0.5154,-0.7041,-0.2176,-1.069,0.7397,2039
9,0.6157,-0.447,-0.7332,-0.2241,-1.0345,0.7749,2039
9,0.5588,-0.4431,-0.7581,-0.2007,-0.8843,0.6644,2045
9,0.5583,-0.4495,-0.7229,0.0245,-0.6252,0.6902,2036
9,0.5469,-0.5278,-0.7507,0.204,-0.3484,0.7381,2045
9,0.5732,-0.5591,-0.7974,0.3685,-0.1293,0.6717,2058
9,0.6453,-0.6206,-0.8455,0.5588,0.1467,0.6602,2027
9,0.7876,-0.6575,-0.8855,0.7556,0.2549,0.7083,2031
9,0.8132,-0.6765,-0.8862,0.8122,0.393,0.7008,2038
9,0.9221,-0.6548,-0.9404,1.0006,0.2013,0.7526,2035
9,0.9194,-0.7354,-0.8528,0.9776,0.1992,0.7525,2048
9,0.7305,-0.8254,-0.8037,0.8091,0.2697,0.6083,2038
9,0.6682,-0.8569,-0.7622,0.7428,0.3092,0.5685,2039
9,0.616,-0.8196,-0.7183,0.708,0.3649,0.652,2033
9,0.4785,-0.7537,-0.6724,0.667,0.5608,0.6782,2035
9,0.3311,-0.7471,-0.6177,0.5518,0.8248,0.6701,2044
9,0.293,-0.7104,-0.5962,0.5063,1.0716,0.6921,2033
9,0.241,-0.697,-0.5496,0.5236,1.4054,0.8158,2040
9,0.2468,-0.6746,-0.5039,0.5297,1.6286,0.9158,2039
9,0.198,-0.6738,-0.4597,0.4848,1.8331,0.9757,2032
9,0.2146,-0.6436,-0.4573,0.4231,2.0588,0.983,2041
9,0.3015,-0.5994,-0.4707,0.4353,2.2017,1.065,2045
9,0.4724,-0.5898,-0.5037,0.4448,2.2493,1.2451,2057
9,0.5422,-0.5884,-0.5339,0.3916,2.0984,1.322,2048
9,0.5618,-0.5854,-0.6118,0.4227,1.7488,1.282,2044
9,0.5969,-0.5801,-0.6675,0.465,1.322,1.2366,2047
9,0.6055,-0.5964,-0.6628,0.5123,1.0049,1.1989,2022
9,0.5796,-0.5859,-0.6738,0.5635,0.7424,1.1507,2041
9,0.5303,-0.5508,-0.6431,0.6118,0.4999,1.0918,2035
9,0.4434,-0.5154,-0.6362,0.6693,0.2875,0.9954,2032
9,0.374,-0.5049,-0.6296,0.7375,0.1256,0.8617,2038
9,0.3176,-0.5129,-0.6074,0.7901,0.0425,0.7072,2037
9,0.2988,-0.5264,-0.6011,0.8198,-0.0133,0.5779,2048
9,0.2927,-0.5269,-0.5952,0.8851,-0.0651,0.489,2052
9,0.2825,-0.5393,-0.5969,0.9291,-0.0816,0.4197,2030
9,0.2781,-0.54,-0.5979,0.9761,-0.1012,0.3643,2059
9,0.2964,-0.5493,-0.6055,0.9605,-0.1502,0.3168,2056
9,0.3174,-0.5566,-0.6042,1.0035,-0.2079,0.2795,2041
9,0.3318,-0.5562,-0.5925,1.023,-0.2792,0.2498,2043
9,0.3562,-0.561,-0.5806,1.0191,-0.3493,0.2124,2040
9,0.3669,-0.5754,-0.571,0.9934,-0.4453,0.1575,2042
9,0.3909,-0.5796,-0.5752,0.9669,-0.5754,0.11,1989
9,0.4141,-0.5916,-0.5854,0.9335,-0.713,0.0437,2014
9,0.447,-0.6113,-0.5881,0.8903,-0.8367,-0.0242,2038
9,0.4963,-0.6382,-0.6125,0.8376,-0.9692,-0.0506,2049
9,0.5217,-0.6406,-0.6292,0.7965,-1.1073,-0.0538,2042
9,0.5134,-0.6333,-0.644,0.789,-1.2382,-0.0686,2030
9,0.4905,-0.6423,-0.6257,0.7493,-1.3431,-0.1115,2046
9,0.4597,-0.6543,-0.6284,0.675,-1.3864,-0.1416,2064
9,0.4524,-0.666,-0.6533,0.6197,-1.387,-0.1394,1988
9,0.4448,-0.6636,-0.6655,0.5697,-1.3801,-0.129,2055
9,0.4402,-0.6567,-0.6763,0.5151,-1.3434,-0.1273,2040
9,0.4563,-0.6509,-0.6963,0.4679,-1.3069,-0.1044,2042
9,0.47,-0.6519,-0.6931,0.4307,-1.2693,-0.0686,2041
9,0.4714,-0.6572,-0.6992,0.3749,-1.2355,-0.0149,2038
9,0.4783,-0.6672,-0.7041,0.3179,-1.2041,0.0336,2042
9,0.4902,-0.6746,-0.6931,0.2579,-1.1629,0.0884,2043
9,0.4919,-0.6804,-0.6921,0.2011,-1.1267,0.1441,2040
9,0.4944,-0.6868,-0.6843,0.1507,-1.0701,0.2064,2041
9,0.4963,-0.6951,-0.6672,0.1008,-1.0035,0.2855,2041
9,0.4998,-0.7109,-0.6479,0.0483,-0.9283,0.3637,2047
9,0.5088,-0.7107,-0.6306,-0.0053,-0.8451,0.4549,2039
9,0.5066,-0.7146,-0.6208,-0.0617,-0.7678,0.5332,2038
9,0.5132,-0.7239,-0.6038,-0.1292,-0.6991,0.6307,2037
9,0.5173,-0.7334,-0.5933,-0.1892,-0.6147,0.7163,2042
9,0.4963,-0.7612,-0.5769,-0.2337,-0.5352,0.8,2052
9,0.5122,-0.8682,-0.5537,-0.2894,-0.4518,0.8694,2050
9,0.522,-0.9578,-0.4626,-0.3665,-0.3713,0.9969,2044
9,0.4807,-0.9832,-0.3718,-0.4179,-0.3886,1.1128,2037
9,0.4497,-0.9192,-0.2925,-0.3489,-0.3075,1.1356,2034
9,0.4128,-0.8872,-0.2742,-0.235,-0.1518,1.0433,2037
9,0.4878,-0.9004,-0.2878,-0.0791,0.2068,0.7882,2041
9,0.5435,-0.9163,-0.3093,0.01,0.6253,0.7404,2046
9,0.5862,-0.9121,-0.3655,0.0145,0.8419,0.762,2045
9,0.6277,-0.9058,-0.417,0.1832,0.7887,0.762,2040
9,0.647,-0.9675,-0.397,0.3862,0.5896,0.6963,2035
9,0.686,-1.0403,-0.3845,0.4898,0.4063,0.6244,2047
9,0.6514,-1.0422,-0.3899,0.6644,0.3187,0.4742,2036
9,0.584,-1.0532,-0.4634,0.77,0.2633,0.331,2042
9,0.5183,-1.0396,-0.5508,0.8656,0.1956,0.2983,2040
9,0.5071,-1.0374,-0.6399,0.9841,0.1911,0.3129,2038
9,0.5249,-1.0205,-0.6545,1.1484,0.19,0.2838,2033
9,0.5093,-1.0005,-0.6228,1.2744,0.169,0.2666,2042
9,0.4656,-0.9724,-0.5747,1.4258,0.1708,0.2882,2052
9,0.373,-0.9622,-0.5383,1.5034,0.2253,0.2513,2038
9,0.209,-0.936,-0.4771,1.5364,0.4777,0.2621,2049
9,0.1497,-0.8706,-0.3838,1.5065,0.6512,0.2594,2049
9,0.113,-0.8669,-0.3203,1.3828,0.7492,0.2148,2042
9,0.0198,-0.8811,-0.2585,1.3491,0.8007,0.1432,2037
9,-0.033,-0.895,-0.1812,1.248,0.8666,0.053,2044
9,-0.0334,-0.8975,-0.1409,1.1953,0.8742,0.0188,2037
9,-0.0295,-0.8684,-0.1548,1.1527,0.9295,0.0003,2044
9,-0.0334,-0.8711,-0.1353,1.1726,0.9333,-0.039,2042
9,-0.0762,-0.8765,-0.1399,1.1668,0.891,-0.0569,2042
9,-0.0713,-0.906,-0.1238,1.2263,0.7934,-0.1373,2040
9,-0.0471,-0.9502,-0.1221,1.2592,0.6767,-0.2172,2043
9,0.0051,-1.0054,-0.0806,1.2659,0.5265,-0.2559,2037
9,0.0671,-1.0352,-0.0742,1.276,0.2677,-0.3025,2040
9,0.1245,-1.0896,-0.0371,1.2262,-0.0767,-0.3412,2042
10,0.1851,-1.0974,-0.0139,1.1117,-0.5345,-0.384,2042
10,0.2151,-1.093,-0.0073,1.0457,-1.0512,-0.4293,2039
10,0.2056,-1.0798,0.0095,0.9048,-1.5063,-0.4729,2049
10,0.2031,-1.0718,0.0281,0.7681,-1.8329,-0.5007,2041
10,0.2097,-1.051,0.0374,0.664,-2.1486,-0.5264,2040
10,0.1748,-1.0444,0.0464,0.5373,-2.2947,-0.5059,2043
10,0.1165,-1.01,0.0432,0.406,-2.3004,-0.4602,2042
10,0.1265,-0.967,0.0051,0.3779,-2.3673,-0.4976,2045
10,0.1133,-0.9487,0.0044,0.2868,-2.1715,-0.4552,2037
10,0.1011,-0.9185,-0.0125,0.2009,-1.9475,-0.3715,2049
10,0.1221,-0.8926,-0.0325,0.1487,-1.7048,-0.3171,2042
10,0.1328,-0.8684,-0.0396,0.1206,-1.4603,-0.2356,2042
10,0.1438,-0.8484,-0.0449,0.0955,-1.2267,-0.1324,2040
10,0.1636,-0.8291,-0.0713,0.0727,-1.0166,-0.0254,2040
10,0.1951,-0.812,-0.0925,0.0647,-0.8373,0.0846,2042
10,0.2192,-0.804,-0.1216,0.0663,-0.6845,0.1959,2042
10,0.2234,-0.7954,-0.1399,0.0629,-0.546,0.3025,2049
10,0.2334,-0.7935,-0.1528,0.0631,-0.4358,0.4027,2041
10,0.2546,-0.7942,-0.1716,0.0574,-0.3417,0.5058,2040
10,0.2729,-0.7915,-0.2017,0.0585,-0.2756,0.6063,2039
10,0.2883,-0.7786,-0.2051,0.0614,-0.2638,0.7056,2043
10,0.2908,-0.7693,-0.207,0.0796,-0.2958,0.8078,2034
10,0.3394,-0.7527,-0.2065,0.0896,-0.3891,0.901,2043
10,0.3477,-0.7417,-0.2217,0.1409,-0.4986,1.0521,2041
10,0.2856,-0.7424,-0.2129,0.1835,-0.5729,1.1698,2044
10,0.25,-0.7634,-0.231,0.1677,-0.6452,1.1884,2036
10,0.2317,-0.7612,-0.2505,0.237,-0.6806,1.1987,2038
10,0.2437,-0.78,-0.2468,0.2842,-0.6177,1.187,2037
10,0.2944,-0.7832,-0.2417,0.3749,-0.5653,1.1456,2036
10,0.354,-0.8066,-0.2188,0.3185,-0.6276,1.0444,2037
10,0.3564,-0.8066,-0.1821,0.331,-0.7303,1.1066,2042
10,0.3621,-0.8118,-0.1592,0.4322,-0.9035,1.1103,2044
10,0.3848,-0.8792,-0.1785,0.3999,-1.0139,1.0622,2041
10,0.4307,-0.9167,-0.2168,0.3934,-1.2777,0.963,2030
10,0.4895,-0.9758,-0.2241,0.4309,-1.678,0.7733,2045
10,0.4792,-1.0437,-0.2119,0.4421,-2.0812,0.4983,2049
10,0.5007,-1.1257,-0.1489,0.4631,-2.3988,0.0959,2039
10,0.5708,-1.2021,-0.1431,0.4107,-2.5867,-0.3276,2046
10,0.6636,-1.2864,-0.1201,0.2401,-2.59,-0.689,2041
10,0.7681,-1.356,-0.0793,-0.0233,-2.5538,-0.8934,2044
10,0.7029,-1.3557,-0.0181,-0.2766,-2.4041,-1.0355,2048
10,0.5793,-1.3391,-0.0066,-0.5098,-2.3233,-1.0965,2043
10,0.4783,-1.2834,-0.0571,-0.7036,-2.128,-1.0275,2041
10,0.4595,-1.2927,-0.0911,-0.7207,-1.8603,-0.8894,2034
10,0.3599,-1.1216,-0.0735,-0.5422,-1.5111,-0.971,2048
10,0.3557,-1.2419,-0.1184,-0.5713,-1.3276,-0.9794,2041
10,0.3604,-1.2288,-0.1836,-0.6283,-1.2195,-0.9218,2044
10,0.3528,-1.1401,-0.1565,-0.5706,-1.2166,-1.0067,2035
10,0.2625,-1.0828,-0.1389,-0.5364,-1.0472,-1.0863,2039
10,0.1743,-0.9897,-0.1907,-0.4259,-0.7585,-1.1757,2029
10,0.1362,-0.9583,-0.314,-0.2454,-0.3006,-1.213,2037
10,0.1348,-0.9907,-0.4116,0.138,0.2397,-1.2219,2043
10,0.1423,-1.1658,-0.5027,0.4377,0.8155,-1.199,2043
10,0.2681,-1.2886,-0.5793,0.6565,1.205,-1.0067,2049
10,0.2717,-1.3955,-0.5845,0.7801,1.3936,-0.701,2045
10,0.2429,-1.5178,-0.5725,0.8002,1.4098,-0.4457,2033
10,0.2632,-1.5923,-0.5208,0.7401,1.3949,-0.2545,2043
10,0.3181,-1.5669,-0.4155,0.6873,1.3639,-0.0712,2034
10,0.2781,-1.4922,-0.324,0.6305,1.2255,0.1365,2040
10,0.1641,-1.4153,-0.2388,0.4621,1.1694,0.3032,2039
10,0.0791,-1.2993,-0.1851,0.3217,1.0786,0.4288,2045
10,0.0139,-1.1846,-0.1082,0.1547,1.126,0.4671,2037
10,-0.0315,-1.0854,-0.0361,0.0798,1.2264,0.4642,2041
10,-0.0916,-1.0186,0.0305,0.0169,1.354,0.4249,2032
10,-0.2097,-0.9741,0.0508,-0.0623,1.6575,0.3621,2047
10,-0.2566,-0.9402,0.0745,-0.1308,1.9004,0.2414,2045
10,-0.219,-0.8931,0.0876,-0.0836,2.035,0.1168,2040
10,-0.1392,-0.8894,0.1191,-0.0511,2.1421,0.0071,2039
10,-0.054,-0.9397,0.0991,-0.0406,2.2031,-0.0812,2040
10,-0.0005,-0.98,0.073,-0.0638,2.164,-0.1434,2050
10,0.0425,-1.0188,0.0117,-0.1225,2.0446,-0.19,2044
10,0.0999,-1.0444,-0.0583,-0.1891,1.8217,-0.2358,2047
10,0.1514,-1.0393,-0.124,-0.2465,1.5312,-0.2715,2037
10,0.1794,-1.012,-0.156,-0.2839,1.2171,-0.3095,2044
10,0.1858,-0.9792,-0.1772,-0.3369,0.856,-0.3583,2041
10,0.187,-0.9387,-0.2126,-0.3569,0.4902,-0.4012,2043
10,0.1646,-0.8979,-0.21,-0.3731,0.1405,-0.4504,2036
10,0.1475,-0.8645,-0.2229,-0.3838,-0.1875,-0.508,2044
10,0.1367,-0.8323,-0.2244,-0.3895,-0.4777,-0.5466,2035
10,0.1238,-0.8157,-0.218,-0.399,-0.6995,-0.5637,2038
10,0.1057,-0.7927,-0.1992,-0.4192,-0.8605,-0.5596,2035
10,0.0952,-0.7859,-0.1753,-0.459,-0.9911,-0.5518,2045
10,0.0771,-0.7634,-0.1836,-0.4876,-1.1082,-0.5086,2037
10,0.0928,-0.7515,-0.1692,-0.4863,-1.2001,-0.504,2044
10,0.0601,-0.7275,-0.1843,-0.4358,-1.1315,-0.4362,2042
10,0.0593,-0.7183,-0.2041,-0.3617,-0.9989,-0.3413,2043
10,0.0818,-0.7212,-0.2146,-0.286,-0.8698,-0.2585,2042
10,0.1155,-0.7136,-0.2388,-0.2203,-0.7484,-0.1412,2040
10,0.1426,-0.7073,-0.2788,-0.1151,-0.6199,-0.0202,2042
10,0.1882,-0.7273,-0.3047,-0.0035,-0.534,0.0985,2045
10,0.2158,-0.7529,-0.3262,0.1129,-0.4484,0.2136,2036
10,0.2532,-0.782,-0.3687,0.2193,-0.3879,0.3337,2040
10,0.2927,-0.8281,-0.3972,0.3135,-0.3538,0.4691,2041
10,0.3193,-0.8616,-0.4043,0.3843,-0.348,0.5934,2040
10,0.3379,-0.9116,-0.3948,0.4219,-0.352,0.6979,2037
10,0.3564,-0.9438,-0.3777,0.4099,-0.3942,0.7938,2042
10,0.3411,-0.9666,-0.3533,0.3458,-0.4619,0.8791,2040
10,0.3115,-0.9758,-0.3469,0.2784,-0.5149,0.9433,2038
10,0.2769,-0.9744,-0.3276,0.2187,-0.5361,0.9911,2040
10,0.2317,-0.9724,-0.314,0.1702,-0.5323,1.0251,2048
10,0.1719,-0.9734,-0.2932,0.1457,-0.4765,1.0501,2038
10,0.1104,-0.9634,-0.2993,0.1658,-0.3542,1.0766,2041
10,0.0793,-0.9868,-0.2988,0.2009,-0.1716,1.1002,2041
11,0.0762,-1.0034,-0.2856,0.246,0.0312,1.156,2036
11,0.0593,-1.0095,-0.2539,0.2602,0.2898,1.2308,2043
11,0.0906,-0.9919,-0.2349,0.2449,0.5076,1.3029,2040
11,0.1204,-0.9817,-0.2339,0.2515,0.6444,1.3781,2039
11,0.1355,-0.9819,-0.2183,0.2115,0.7914,1.4789,2040
11,0.1423,-0.9902,-0.2385,0.1762,0.9131,1.543,2038
11,0.189,-1.0005,-0.27,0.1695,0.9947,1.6074,2041
11,0.2329,-1.0347,-0.2805,0.1029,1.1078,1.7029,2046
11,0.3198,-1.0544,-0.3132,0.1558,1.1551,1.7358,2049
11,0.3376,-1.0879,-0.2712,0.0902,1.1579,1.7824,2041
11,0.3044,-1.0918,-0.2747,0.0656,1.0614,1.6628,2037
11,0.3015,-1.0764,-0.2517,0.124,1.0529,1.4575,2043
11,0.2578,-1.1047,-0.2766,0.0973,1.2633,1.3707,2049
11,0.2234,-1.1648,-0.2441,0.1669,1.3635,1.2856,2042
11,0.2161,-1.1301,-0.2612,0.2261,1.4512,1.1661,2034
11,0.2751,-1.1594,-0.1929,0.3215,1.5339,1.0065,2039
11,0.4153,-1.1406,-0.2139,0.3884,1.4527,0.9348,2041
11,0.4768,-1.1938,-0.1484,0.4305,1.223,0.7974,2035
11,0.4585,-1.2156,-0.0903,0.2843,1.091,0.6942,2037
11,0.4199,-1.1348,-0.0781,0.2641,0.9123,0.5983,2007
11,0.3933,-1.0996,-0.0127,0.2418,0.7778,0.4667,2050
11,0.3804,-1.094,0.0769,0.1449,0.6352,0.2891,1928
11,0.3154,-1.0933,0.1233,-0.0088,0.5251,0.1972,2073
11,0.2646,-1.0601,0.1091,-0.1678,0.4356,0.1079,2069
11,0.2083,-1.0251,-0.0205,-0.1569,0.3725,-0.063,2017
11,0.1863,-1.1145,-0.0994,-0.0755,0.2832,-0.12,2032
11,0.2131,-1.2051,-0.1868,0.1447,0.2028,-0.2778,2031
11,0.1978,-1.2407,-0.2439,0.1169,0.2863,-0.4702,2038
11,0.2214,-1.2507,-0.2188,0.1902,0.3566,-0.6608,2037
11,0.2434,-1.2515,-0.2148,0.1728,0.3482,-0.7743,2039
11,0.238,-1.2361,-0.188,0.1361,0.2895,-0.8885,2039
11,0.1833,-1.2112,-0.1804,0.138,0.2059,-0.9646,2043
11,0.1667,-1.1995,-0.1831,0.1116,0.1258,-1.0355,2038
11,0.1284,-1.1785,-0.1873,0.0631,0.0403,-1.0828,2040
11,0.0957,-1.1335,-0.1458,0.1013,-0.0542,-1.1463,2038
11,0.1147,-1.0999,-0.1216,0.0591,-0.1549,-1.2161,2034
11,0.106,-1.0544,-0.126,0.0752,-0.2605,-1.2359,2048
11,0.0823,-1.0547,-0.0945,-0.0007,-0.3653,-1.2924,2042
11,0.0664,-1.0405,-0.0928,-0.0981,-0.434,-1.3332,2039
11,0.1072,-1.0583,-0.0786,-0.3304,-0.5759,-1.4126,2045
11,0.1052,-0.9377,-0.0872,-0.3489,-0.6938,-1.3884,2040
11,0.0991,-0.9463,-0.0078,-0.3868,-0.8947,-1.4818,2040
11,0.0156,-0.9526,0.0046,-0.5152,-0.8008,-1.4314,2043
11,0.0032,-0.969,-0.0137,-0.6138,-0.7556,-1.4536,2046
11,0.0261,-0.9583,-0.0342,-0.6829,-0.7854,-1.5149,2045
11,-0.0022,-0.9729,-0.0347,-0.6869,-0.6897,-1.5185,2039
11,-0.0107,-0.9875,-0.0332,-0.7359,-0.597,-1.507,2040
11,0.0303,-0.9814,-0.0334,-0.7305,-0.5366,-1.5242,2042
11,0.0515,-0.981,-0.0383,-0.7528,-0.475,-1.4905,2046
11,0.04,-0.9639,-0.0603,-0.7565,-0.4153,-1.4412,2045
11,0.0576,-0.9556,-0.0654,-0.7413,-0.3625,-1.4093,2044
11,0.1169,-0.9507,-0.0752,-0.74,-0.3896,-1.3688,2038
11,0.1245,-0.9272,-0.0708,-0.7835,-0.339,-1.2892,2044
11,0.1482,-0.8889,-0.0693,-0.8214,-0.3396,-1.2402,2041
11,0.1699,-0.865,-0.0752,-0.8429,-0.412,-1.1904,2045
11,0.1655,-0.8469,-0.074,-0.8701,-0.4798,-1.1156,2040
11,0.165,-0.8303,-0.0818,-0.9103,-0.5936,-1.0769,2048
11,0.1602,-0.8123,-0.0801,-0.9211,-0.6626,-1.0255,2037
11,0.1125,-0.7866,-0.0911,-0.914,-0.6428,-0.9399,2044
11,0.1333,-0.7678,-0.0845,-0.9119,-0.6448,-0.8769,2042
11,0.0974,-0.7478,-0.1177,-0.852,-0.596,-0.8207,2042
11,0.0955,-0.7419,-0.1309,-0.7807,-0.5125,-0.7445,2039
11,0.115,-0.7339,-0.134,-0.6847,-0.4233,-0.661,2042
11,0.1355,-0.7234,-0.1353,-0.6216,-0.3374,-0.5476,2038
11,0.1958,-0.6943,-0.1538,-0.5102,-0.3614,-0.4843,2041
11,0.2439,-0.7002,-0.1604,-0.385,-0.4473,-0.4119,2052
11,0.3013,-0.698,-0.1743,-0.2242,-0.6445,-0.4196,2036
11,0.2922,-0.719,-0.1663,-0.1999,-0.6046,-0.2195,2034
11,0.3506,-0.7129,-0.1831,-0.0919,-0.7436,-0.1455,2044
11,0.3733,-0.7104,-0.1851,0.0389,-0.8441,-0.0876,2039
11,0.3762,-0.7202,-0.1775,0.1111,-0.9206,0.0708,2043
11,0.4016,-0.717,-0.1782,0.214,-1.0746,0.1349,2043
11,0.4084,-0.7402,-0.1809,0.331,-1.1539,0.2052,2037
11,0.3948,-0.7639,-0.1826,0.3992,-1.1512,0.3675,2038
11,0.4456,-0.772,-0.1973,0.5442,-1.2465,0.4394,2047
11,0.4285,-0.7876,-0.1777,0.6429,-1.2528,0.6072,2041
11,0.4639,-0.7939,-0.1929,0.8043,-1.3806,0.7309,2043
11,0.4546,-0.8149,-0.1687,0.9228,-1.4086,0.8766,2048
11,0.5024,-0.8245,-0.1597,1.0596,-1.5667,0.9383,2041
11,0.478,-0.8242,-0.1379,1.168,-1.5884,1.0685,2040
11,0.4795,-0.832,-0.1123,1.2475,-1.6094,1.1515,2034
11,0.4905,-0.8335,-0.1099,1.3166,-1.6111,1.2898,2043
11,0.4807,-0.8716,-0.1082,1.4455,-1.643,1.3596,2041
11,0.4741,-0.917,-0.093,1.5111,-1.6937,1.3808,2040
11,0.4482,-0.9731,-0.1047,1.4956,-1.6146,1.451,2038
11,0.4111,-1.0361,-0.1182,1.5476,-1.6002,1.4821,2041
11,0.4766,-1.0784,-0.1587,1.4286,-1.7034,1.3949,2039
11,0.4502,-1.1453,-0.1509,1.4988,-1.6787,1.3431,2038
11,0.4443,-1.2288,-0.0989,1.4549,-1.7669,1.1733,2038
11,0.3765,-1.1926,0.0449,1.3011,-1.8662,1.1822,2042
11,0.3464,-1.0659,-0.0044,1.3977,-1.9494,1.2404,2037
11,0.3193,-1.0603,-0.1172,1.7986,-1.7685,1.3632,2045
11,0.2852,-1.28,-0.1814,1.9342,-1.9141,1.2884,2049
11,0.2651,-1.5315,-0.2314,1.7632,-2.6485,1.0138,2055
11,0.3423,-1.7075,-0.2141,1.4884,-3.3081,0.4759,2046
11,0.5371,-1.7207,-0.1682,1.0785,-3.6267,-0.2033,2038
11,0.5276,-1.7656,-0.1763,0.3188,-2.9851,-0.8989,2035
11,0.3882,-1.4644,-0.2156,-0.0835,-1.7771,-0.7304,2054
11,0.1399,-1.3245,-0.127,-0.3956,-1.2589,-0.4438,2040
11,0.0239,-1.2705,-0.2546,-0.4293,-0.8513,-0.4855,2026
11,0.0024,-1.3516,-0.3608,-0.2412,-0.1848,-0.4048,2038
11,-0.0671,-1.3594,-0.3662,-0.1979,0.6901,-0.2342,2035
12,-0.0762,-1.3438,-0.301,-0.1111,1.5177,-0.1481,2032
12,-0.0576,-1.3638,-0.2493,-0.0341,1.9968,-0.1791,2033
12,-0.0217,-1.3398,-0.21,-0.0278,2.2582,-0.1541,2046
12,0.051,-1.2625,-0.1711,0.0589,2.4133,0.0047,2042
12,0.0132,-1.1907,-0.1309,0.153,2.5999,0.1209,2038
12,-0.0349,-1.0803,-0.0825,0.2139,2.8067,0.2646,2045
12,-0.0637,-1.0078,-0.0103,0.2525,2.9449,0.2639,2042
12,-0.0635,-0.9507,0.0278,0.2944,3.0031,0.2499,2043
12,0.0088,-0.9109,0.041,0.2892,2.9263,0.2125,2045
12,0.0139,-0.9023,0.041,0.1503,2.9181,0.1558,2041
12,-0.0063,-0.9131,0.0012,0.0113,2.8978,0.0639,2042
12,-0.011,-0.9146,-0.0332,-0.1513,2.7181,-0.1204,2032
12,0.0486,-0.9155,-0.04,-0.2104,2.5015,-0.2722,2035
12,0.0842,-0.948,-0.0681,-0.2686,2.3309,-0.3758,2043
12,0.1133,-0.9841,-0.095,-0.3348,2.1459,-0.4448,2048
12,0.1274,-1.0105,-0.1172,-0.3927,1.9446,-0.4942,2034
12,0.1353,-1.0085,-0.1448,-0.4525,1.6981,-0.5529,2040
12,0.1653,-0.9817,-0.1741,-0.4593,1.3926,-0.6082,2034
12,0.1738,-0.9612,-0.1716,-0.4417,1.0648,-0.6673,2045
12,0.1658,-0.9448,-0.158,-0.4221,0.7372,-0.7288,2036
12,0.1433,-0.9358,-0.1477,-0.4307,0.4538,-0.7811,2045
12,0.1279,-0.9094,-0.1443,-0.428,0.1946,-0.824,2041
12,0.1106,-0.8806,-0.1501,-0.4446,-0.0509,-0.866,2042
12,0.1001,-0.8672,-0.1326,-0.4789,-0.2573,-0.8989,2038
12,0.0771,-0.8489,-0.1099,-0.5209,-0.434,-0.92,2029
12,0.0588,-0.845,-0.104,-0.5642,-0.5829,-0.9359,2041
12,0.0413,-0.8403,-0.1035,-0.6088,-0.6968,-0.9531,2043
12,0.0208,-0.8411,-0.0908,-0.6741,-0.7626,-0.9612,2039
12,0.0164,-0.8335,-0.1121,-0.7134,-0.7791,-0.9387,2042
12,0.0083,-0.8376,-0.1179,-0.7355,-0.7537,-0.9108,2041
12,0.001,-0.8403,-0.1382,-0.7425,-0.6717,-0.8705,2042
12,0.0061,-0.8394,-0.1711,-0.7299,-0.5626,-0.813,2043
12,0.0208,-0.8379,-0.208,-0.6978,-0.4381,-0.7395,2046
12,0.0386,-0.8369,-0.2336,-0.6411,-0.2999,-0.6566,2041
12,0.0745,-0.853,-0.2488,-0.5673,-0.1778,-0.5727,2037
12,0.1135,-0.8503,-0.2822,-0.4882,-0.0744,-0.469,2037
12,0.1514,-0.8494,-0.2957,-0.4096,-0.0117,-0.3605,2035
12,0.1948,-0.8616,-0.3127,-0.3324,0.0148,-0.2428,2041
12,0.2244,-0.8677,-0.3193,-0.265,-0.012,-0.1318,2044
12,0.2444,-0.8723,-0.3247,-0.2068,-0.0619,-0.0248,2044
12,0.2759,-0.875,-0.3396,-0.1426,-0.1265,0.0854,2044
12,0.2695,-0.8638,-0.3372,-0.0903,-0.1924,0.1922,2046
12,0.2764,-0.8674,-0.3301,-0.0538,-0.2803,0.2832,2041
12,0.2671,-0.8674,-0.3047,0.016,-0.3472,0.3786,2042
12,0.2473,-0.8474,-0.2891,0.067,-0.3727,0.4667,2040
12,0.2366,-0.8333,-0.2715,0.1149,-0.414,0.5505,2045
12,0.22,-0.8367,-0.281,0.1852,-0.433,0.6433,2040
12,0.2219,-0.8477,-0.2649,0.257,-0.4268,0.7576,2039
12,0.2153,-0.8645,-0.2678,0.347,-0.4015,0.8787,2042
12,0.2061,-0.8904,-0.2744,0.4309,-0.349,1.0027,2040
12,0.2004,-0.9463,-0.2859,0.5299,-0.2798,1.1128,2042
12,0.1907,-0.9939,-0.2781,0.6297,-0.1879,1.2138,2040
12,0.1777,-1.0442,-0.302,0.7355,-0.0609,1.309,2042
12,0.1396,-1.0991,-0.3076,0.8632,0.1053,1.3981,2032
12,0.1211,-1.157,-0.2595,0.8887,0.2864,1.4374,2047
12,0.1431,-1.2354,-0.2117,0.8645,0.3839,1.4342,2042
12,0.1587,-1.2986,-0.0759,0.7698,0.3774,1.4418,2036
12,0.1533,-1.2253,0.0276,0.4275,0.2284,1.4599,2038
12,0.2131,-1.082,-0.0981,0.5797,0.3229,1.6894,2044
12,0.2012,-1.1475,-0.1194,0.8131,0.5582,1.9398,2042
12,0.2156,-1.2258,-0.1169,0.6865,0.4382,1.8654,2039
12,0.1882,-1.1875,-0.1414,0.6215,0.3635,1.8045,2043
12,0.2451,-1.1294,-0.1047,0.6387,0.3117,1.8267,2046
12,0.3435,-1.1389,-0.0222,0.5593,0.1507,1.7752,2054
12,0.2249,-1.1311,0.1123,0.5352,0.2384,1.7997,2041
12,0.1375,-1.085,0.1023,0.3737,0.3802,1.6671,2027
12,0.2332,-1.0557,0.0127,0.3192,0.0651,1.4873,2041
12,0.3179,-1.0901,-0.02,0.3029,0.1956,1.3246,2046
12,0.384,-1.0876,-0.0063,0.3669,0.1618,1.2081,2038
12,0.3774,-1.0356,-0.0249,0.2145,0.0502,1.0314,2037
12,0.4075,-1.0227,-0.0088,0.2286,-0.1148,0.9561,2050
12,0.3806,-1.0129,-0.0439,0.2574,-0.2847,0.7962,2037
12,0.3555,-1.0522,-0.0581,0.1294,-0.3594,0.6167,2044
12,0.3696,-1.0398,-0.1233,0.2063,-0.4027,0.5201,2040
12,0.303,-1.071,-0.135,0.3722,-0.4373,0.3794,2039
12,0.239,-1.1577,-0.2197,0.1991,-0.4117,0.2454,2042
12,0.2373,-1.1672,-0.2478,0.4622,-0.4157,0.1237,2040
12,0.1733,-1.2734,-0.2515,0.4746,-0.3639,0.0403,2038
12,0.1167,-1.2983,-0.2756,0.5429,-0.278,-0.0501,2037
12,0.0686,-1.2983,-0.2583,0.6138,-0.1996,-0.1597,2033
12,0.0308,-1.29,-0.2253,0.6845,-0.1958,-0.3288,2033
12,0.0403,-1.3184,-0.1794,0.6866,-0.0883,-0.4822,2040
12,0.1113,-1.2671,-0.137,0.5992,0.0439,-0.5975,2041
12,0.147,-1.2104,-0.0876,0.5713,0.1587,-0.6454,2041
12,0.1331,-1.1655,-0.0361,0.4871,0.1344,-0.7344,2029
12,0.0964,-1.1252,0.0327,0.391,0.0838,-0.8301,2047
12,0.127,-1.0706,0.0781,0.2489,0.0364,-0.9088,2042
12,0.125,-1.0371,0.1094,0.1329,0.0601,-0.9369,2032
12,0.1091,-0.9951,0.085,-0.0053,0.0818,-0.961,2042
12,0.1001,-0.9502,0.0991,-0.1328,0.0718,-1.0065,2040
12,0.0669,-0.906,0.0835,-0.2373,0.0898,-1.0832,2041
12,0.0549,-0.8765,0.1045,-0.3152,0.1282,-1.1597,2040
12,0.0537,-0.8738,0.1055,-0.44,0.0894,-1.2687,2045
12,0.0474,-0.8738,0.1001,-0.5598,0.0891,-1.3636,2043
12,0.0371,-0.9016,0.0903,-0.6562,0.0772,-1.4739,2044
12,0.0234,-0.939,0.0757,-0.7669,0.0649,-1.5769,2046
12,0.021,-0.9775,0.0474,-0.865,-0.0027,-1.6735,2043
12,0.0051,-1.032,0.0325,-0.9481,-0.0397,-1.7286,2040
12,0.0137,-1.0784,0.0098,-1.0882,-0.1249,-1.7809,2045
12,0.0083,-1.0513,0.0027,-1.1937,-0.1727,-1.7899,2044
12,-0.0051,-0.9993,0.0078,-1.2539,-0.1819,-1.7909,2038
12,0.0156,-0.9639,0.0103,-1.2994,-0.2903,-1.8064,2046
12,-0.0173,-0.9451,0.0076,-1.3398,-0.3167,-1.8072,2046
13,-0.0422,-0.928,-0.0173,-1.405,-0.3071,-1.7946,2036
13,-0.0212,-0.8975,-0.0715,-1.4299,-0.3296,-1.806,2032
13,-0.0105,-0.8772,-0.127,-1.3537,-0.3096,-1.7912,2044
13,0.0066,-0.8687,-0.1621,-1.2694,-0.2998,-1.7658,2045
13,0.0569,-0.8755,-0.1936,-1.19,-0.3068,-1.7062,2040
13,0.1206,-0.8843,-0.1973,-1.1228,-0.349,-1.6511,2040
13,0.166,-0.9053,-0.2026,-1.0697,-0.4077,-1.5693,2040
13,0.1882,-0.9194,-0.2041,-1.0352,-0.538,-1.499,2047
13,0.2271,-0.9194,-0.2097,-0.9887,-0.7344,-1.4189,2044
13,0.2554,-0.907,-0.2004,-0.9733,-0.9039,-1.3022,2044
13,0.2698,-0.9004,-0.1851,-0.9574,-0.9897,-1.1872,2043
13,0.2568,-0.8718,-0.1406,-0.9632,-1.0248,-1.0537,2043
13,0.2529,-0.843,-0.1194,-0.9681,-1.0633,-0.9537,2037
13,0.2239,-0.8157,-0.0984,-0.9726,-1.0075,-0.8218,2039
13,0.2461,-0.7896,-0.0723,-0.9885,-0.9741,-0.6754,2039
13,0.2366,-0.7532,-0.0889,-0.9609,-0.8969,-0.5393,2044
13,0.2595,-0.7302,-0.1013,-0.9179,-0.8127,-0.3726,2042
13,0.2874,-0.7095,-0.1406,-0.8138,-0.7106,-0.2248,2049
13,0.311,-0.7078,-0.1665,-0.6861,-0.5818,-0.0555,2041
13,0.3376,-0.7329,-0.1873,-0.5646,-0.4414,0.1029,2047
13,0.3469,-0.7913,-0.1538,-0.5429,-0.3818,0.223,2052
13,0.3662,-0.8406,-0.1404,-0.6139,-0.4943,0.2967,2039
13,0.449,-0.9829,-0.0598,-0.8381,-0.7637,0.3135,2052
13,0.5215,-1.0325,-0.0303,-1.3732,-1.0473,0.3418,2049
13,0.4387,-0.9617,-0.1626,-1.5278,-1.2675,0.3052,2041
13,0.3376,-0.9238,-0.293,-1.3619,-1.6026,0.1313,2032
13,0.2808,-0.8772,-0.3521,-1.2323,-1.7817,0.1206,2016
13,0.27,-0.8806,-0.3379,-1.1714,-1.7623,0.1421,2047
13,0.2649,-0.8806,-0.3738,-1.0548,-1.6976,0.0474,2032
13,0.2629,-0.9326,-0.407,-0.8927,-1.615,-0.145,2042
13,0.2654,-1.0264,-0.4375,-0.9102,-1.5732,-0.2831,2043
13,0.2998,-1.1008,-0.5305,-0.9974,-1.5592,-0.3642,2041
13,0.3611,-1.1348,-0.6267,-1.0011,-1.5118,-0.416,2032
13,0.4077,-1.1685,-0.688,-1.0453,-1.3853,-0.4762,2054
13,0.5088,-1.1763,-0.7585,-1.0821,-1.338,-0.4799,2051
13,0.6211,-1.1707,-0.8381,-1.1572,-1.3627,-0.5305,2018
13,0.7517,-1.0713,-0.9075,-1.1343,-1.6263,-0.5654,2048
13,0.8318,-1.002,-0.8965,-1.1091,-1.6566,-0.6107,2076
13,0.8364,-0.9429,-0.9116,-1.0654,-1.5873,-0.6642,2049
13,0.8374,-0.9282,-0.8982,-1.1151,-1.4581,-0.7577,2038
13,0.8108,-0.916,-0.8569,-1.1588,-1.1517,-0.7782,2046
13,0.7939,-0.8159,-0.842,-1.1472,-0.8771,-0.8044,2002
13,0.8293,-0.7817,-0.7852,-1.1136,-0.687,-0.7427,2068
13,0.7507,-0.7644,-0.7141,-1.2724,-0.053,-0.5818,2028
13,0.7693,-0.6958,-0.8318,-1.348,0.4337,-0.6469,2066
13,0.8311,-0.6462,-0.9045,-1.3825,0.8265,-0.6478,2057
13,0.8616,-0.6853,-0.9175,-1.3529,1.1031,-0.6094,2076
13,0.7827,-0.8235,-0.8804,-1.4415,1.3616,-0.5616,2062
13,0.6418,-0.8689,-0.8594,-1.6615,1.5984,-0.5843,2039
13,0.6001,-0.7854,-0.8728,-1.7889,1.6871,-0.6167,2033
13,0.5679,-0.7039,-0.8306,-1.9106,1.8378,-0.5906,2034
13,0.4917,-0.6099,-0.7957,-2.0442,2.0326,-0.5762,1995
13,0.4473,-0.542,-0.7515,-2.0935,2.1948,-0.5534,2004
13,0.4241,-0.4619,-0.7168,-2.1583,2.283,-0.5394,2062
13,0.4468,-0.4021,-0.6912,-2.1688,2.3089,-0.5156,2063
13,0.4338,-0.3914,-0.6536,-2.2205,2.2571,-0.4807,2023
13,0.4268,-0.3923,-0.6592,-2.261,2.253,-0.403,2048
13,0.4092,-0.3345,-0.6917,-2.318,2.323,-0.2689,2053
13,0.3591,-0.2957,-0.7136,-2.318,2.3333,-0.1943,2026
13,0.3223,-0.2871,-0.7285,-2.3041,2.3514,-0.1273,2073
13,0.3113,-0.323,-0.752,-2.2509,2.4621,-0.0148,2054
13,0.2881,-0.3857,-0.79,-2.2013,2.5332,0.0629,2082
13,0.3098,-0.429,-0.8704,-2.1126,2.5012,0.1433,1988
13,0.3562,-0.4568,-0.8516,-1.9752,2.4197,0.269,2058
13,0.2441,-0.5132,-0.7253,-1.7667,2.292,0.5456,2049
13,0.0454,-0.6245,-0.5503,-1.81,2.406,0.7526,2056
13,-0.0095,-0.5806,-0.2749,-1.1539,2.7742,1.0242,2047
13,0.041,-0.604,-0.2009,-0.6818,2.792,1.1184,2118
13,0.2053,-0.7319,-0.1946,-0.292,2.4987,0.9295,2088
13,0.3462,-0.7458,-0.2466,0.0458,2.3362,0.595,2137
13,0.2522,-0.8015,-0.2554,0.1133,2.4324,0.626,2117
13,0.3423,-1.0054,-0.3745,-0.5071,1.9026,0.9333,2022
13,0.5022,-0.9507,-0.5093,-1.2897,0.9887,1.3268,2057
13,0.4358,-0.7622,-0.6731,-1.6851,0.1682,1.5564,2038
13,0.3406,-0.5024,-0.6372,-1.552,-0.2621,1.8028,1997
13,0.1624,-0.2437,-0.584,-1.2953,-0.596,2.0904,2085
13,0.043,-0.1492,-0.6233,-1.0907,-0.9389,2.2205,2045
13,0.0356,-0.1616,-0.7437,-1.0911,-1.016,2.2904,1974
13,-0.0032,-0.239,-0.8792,-1.0013,-0.8501,2.3194,2052
13,0.0034,-0.2673,-0.9055,-0.8348,-0.7565,2.3056,2016
13,0.0879,-0.281,-0.8618,-0.8112,-0.554,2.3365,2000
13,0.199,-0.2673,-0.9163,-0.8269,-0.5297,2.474,2062
13,0.2808,-0.2336,-0.928,-0.7215,-0.6501,2.6971,2077
13,0.2061,-0.1829,-0.9575,-0.5895,-0.7227,2.779,2013
13,0.2388,-0.1746,-0.8518,-0.4312,-0.4755,2.654,2052
13,0.3948,-0.2009,-0.8081,-0.3309,-0.3626,2.5216,2044
13,0.5898,-0.2568,-0.8223,-0.1762,-0.7027,2.5104,2059
13,0.7068,-0.3621,-0.8315,0.0625,-1.0503,2.4298,1972
13,0.6924,-0.4883,-0.708,0.2539,-1.1078,2.2256,2066
13,0.6172,-0.5701,-0.6724,0.3207,-1.2894,2.0141,2063
13,0.6846,-0.5803,-0.6946,0.4671,-1.3861,1.7438,1966
13,0.8352,-0.5627,-0.6819,0.9657,-1.3475,1.3806,2056
13,1.1675,-0.7656,-0.8181,0.7871,-2.0702,0.8388,2062
13,1.3872,-0.8108,-0.7031,1.105,-2.4515,0.0939,1991
13,1.1326,-0.8354,-0.5095,1.1844,-2.1917,-0.8594,2082
13,0.8745,-0.8442,-0.5393,0.7894,-1.4091,-1.1224,2023
13,0.9495,-0.7798,-0.7146,0.8407,-0.9593,-0.4894,2054
13,1.176,-0.699,-0.584,0.9088,-0.4113,-0.2052,2012
13,1.1067,-0.6431,-0.4666,0.6719,0.1273,-0.3028,2070
13,0.9795,-0.6443,-0.3689,0.7147,0.5124,-0.2745,2042
13,0.9607,-0.656,-0.3872,0.603,0.799,-0.2184,2040
13,0.9963,-0.6494,-0.4856,0.5219,0.9842,-0.1222,1973
14,0.9663,-0.6646,-0.4951,0.4892,1.1412,-0.1027,2034
14,0.8838,-0.6072,-0.5334,0.3946,1.1884,-0.0543,2076
14,0.7751,-0.5549,-0.6038,0.3056,1.273,0.0013,2020
14,0.6587,-0.531,-0.6582,0.241,1.4428,-0.0116,2034
14,0.6404,-0.5564,-0.729,0.1928,1.5926,-0.0443,2038
14,0.6824,-0.5522,-0.7925,0.1843,1.6635,0.0081,2048
14,0.7229,-0.5271,-0.8933,0.1848,1.7014,0.0762,2062
14,0.7571,-0.5647,-0.9761,0.2238,1.71,0.1104,2068
14,0.7568,-0.6636,-1.0278,0.2745,1.5749,0.1433,2056
14,0.6912,-0.7739,-1.0591,0.2794,1.3849,0.1024,2073
14,0.5808,-0.8672,-1.04,0.1971,1.2292,0.0165,1987
14,0.4231,-0.9182,-0.9907,0.129,1.2424,-0.1128,2052
14,0.3452,-0.9768,-1.0122,0.0256,1.2716,-0.2394,2056
14,0.3826,-0.979,-0.9966,-0.0282,1.2422,-0.2872,2048
14,0.4478,-0.9407,-0.9126,-0.0477,1.1539,-0.3314,2031
14,0.4187,-0.9297,-0.7947,-0.1446,0.9991,-0.3786,2043
14,0.3606,-0.8848,-0.7141,-0.334,0.76,-0.3454,2041
14,0.3132,-0.8313,-0.6514,-0.4908,0.4731,-0.3243,2038
14,0.2437,-0.7791,-0.6008,-0.6019,0.239,-0.2675,2009
14,0.1567,-0.7422,-0.5295,-0.7207,0.1774,-0.2292,2040
14,0.1067,-0.7283,-0.5339,-0.8027,0.1814,-0.1892,2013
14,0.0427,-0.6904,-0.5461,-0.8367,0.2329,-0.0459,2043
14,0.0547,-0.6575,-0.5391,-0.797,0.2815,0.0234,2008
14,0.0923,-0.6416,-0.4888,-0.7178,0.339,0.0902,2077
14,0.0662,-0.6174,-0.4631,-0.6574,0.2911,0.1237,2065
14,0.0247,-0.6086,-0.5046,-0.5774,0.2642,0.0887,2048
14,0.0122,-0.6504,-0.5383,-0.4643,0.2541,0.0426,2023
14,0.0815,-0.7222,-0.5547,-0.3509,0.2499,-0.0253,2041
14,0.1912,-0.7563,-0.5349,-0.1835,0.1973,-0.0337,2041
14,0.2554,-0.7454,-0.4915,-0.1039,-0.0154,-0.0292,2007
14,0.3164,-0.7139,-0.4744,-0.0201,-0.3289,-0.0394,2049
14,0.3301,-0.678,-0.4565,0.0113,-0.6584,0.0202,2053
14,0.3523,-0.6919,-0.4897,0.0479,-0.9761,0.0597,2055
14,0.3372,-0.7524,-0.4651,0.0397,-0.989,0.1,2013
14,0.271,-0.7686,-0.5098,0.0217,-0.9681,0.1256,2106
14,0.2783,-0.7366,-0.5471,0.1113,-1.042,-0.0234,2055
14,0.4072,-0.7231,-0.4883,0.1686,-0.8914,-0.234,2069
14,0.5054,-0.7056,-0.4561,0.0996,-0.7224,-0.2822,1976
14,0.5403,-0.698,-0.436,0.0403,-0.6831,-0.2879,2112
14,0.52,-0.6936,-0.4526,-0.0802,-0.7139,-0.2454,2050
14,0.5078,-0.6677,-0.4338,-0.192,-0.6215,-0.2176,2013
14,0.479,-0.6414,-0.4436,-0.259,-0.5221,-0.1795,2031
14,0.4583,-0.6116,-0.4478,-0.3268,-0.3856,-0.1214,2047
14,0.4543,-0.5952,-0.4714,-0.3904,-0.2381,-0.0517,2039
14,0.4622,-0.5876,-0.4836,-0.4293,-0.0694,-0.0158,2050
14,0.4834,-0.5769,-0.488,-0.443,0.0898,0.0847,2055
14,0.4902,-0.5688,-0.5229,-0.4834,0.1703,0.1887,2059
14,0.4849,-0.5774,-0.5381,-0.526,0.2246,0.2711,2055
14,0.4534,-0.5815,-0.5967,-0.5699,0.2453,0.3305,2071
14,0.4727,-0.5574,-0.6387,-0.5504,0.2626,0.3418,2059
14,0.5017,-0.5579,-0.5425,-0.5235,0.4505,0.3176,2082
14,0.5325,-0.5781,-0.5405,-0.5466,0.4014,0.2755,2048
14,0.5505,-0.5693,-0.5664,-0.5896,0.2875,0.2924,2037
14,0.532,-0.55,-0.5554,-0.5849,0.2554,0.2823,2054
14,0.52,-0.5767,-0.5469,-0.6031,0.239,0.2501,1994
14,0.5107,-0.6016,-0.5637,-0.5975,0.1511,0.2107,2046
14,0.501,-0.6172,-0.5581,-0.5815,0.1105,0.1422,2061
14,0.5142,-0.6147,-0.542,-0.5831,0.13,0.0664,2063
14,0.5361,-0.6128,-0.5342,-0.565,0.187,0.019,2005
14,0.5364,-0.6111,-0.5256,-0.5026,0.2003,0.0222,2065
14,0.5447,-0.6306,-0.5654,-0.5384,0.1824,0.0538,2050
14,0.563,-0.6543,-0.5784,-0.5624,0.1629,0.0658,2065
14,0.5579,-0.678,-0.5862,-0.5616,0.142,0.0333,2025
14,0.5466,-0.6787,-0.5859,-0.5675,0.1282,0.0165,2064
14,0.5366,-0.6609,-0.5796,-0.5837,0.0722,0.0121,2068
14,0.519,-0.6299,-0.5774,-0.5522,0.0718,-0.0001,1978
14,0.5168,-0.6306,-0.5574,-0.5336,0.1277,-0.0157,2039
14,0.511,-0.6165,-0.5547,-0.4956,0.136,-0.0044,2036
14,0.5244,-0.6099,-0.5632,-0.4715,0.1563,0.0081,2029
14,0.531,-0.6169,-0.5608,-0.4336,0.1706,-0.0157,2015
14,0.5413,-0.6289,-0.5481,-0.4295,0.1593,-0.0234,2038
14,0.5317,-0.6289,-0.5637,-0.4408,0.1036,-0.0173,2056
14,0.5271,-0.6265,-0.5542,-0.4272,0.0763,-0.0012,2072
14,0.5154,-0.6003,-0.5508,-0.4239,0.0293,0.0044,2033
14,0.5073,-0.5808,-0.5752,-0.3935,-0.031,-0.0192,2059
14,0.5242,-0.5747,-0.5955,-0.3235,-0.03,-0.0431,2047
14,0.5408,-0.5835,-0.6077,-0.2967,-0.0337,-0.0385,2038
14,0.5537,-0.5925,-0.6155,-0.2721,-0.083,-0.0309,2024
14,0.5889,-0.5786,-0.5896,-0.2824,-0.1786,0.026,2042
14,0.604,-0.5608,-0.5884,-0.3179,-0.3159,0.0738,2052
14,0.6736,-0.5498,-0.5959,-0.4024,-0.5311,0.1589,2042
14,0.7,-0.4832,-0.6592,-0.3394,-0.6153,0.231,2061
14,0.6541,-0.4385,-0.6201,-0.2123,-0.6452,0.2057,2034
14,0.5703,-0.4312,-0.6182,-0.0874,-0.7502,0.0774,2063
14,0.5359,-0.4595,-0.6128,-0.0678,-0.6675,-0.0057,2027
14,0.5403,-0.4524,-0.6433,0.0021,-0.5215,-0.0474,2033
14,0.6182,-0.4402,-0.6499,0.0019,-0.4532,-0.0788,2045
14,0.6487,-0.4231,-0.6562,0.0076,-0.3643,-0.173,2028
14,0.6606,-0.4326,-0.6624,-0.0292,-0.3473,-0.223,2039
14,0.6953,-0.4558,-0.6624,-0.07,-0.3979,-0.2148,2058
14,0.6941,-0.4507,-0.6504,-0.0748,-0.3782,-0.1908,2082
14,0.6885,-0.4312,-0.6272,-0.0892,-0.3702,-0.1553,2011
14,0.667,-0.4456,-0.6238,-0.0786,-0.3175,-0.1085,2038
14,0.6631,-0.4556,-0.637,-0.0397,-0.2605,-0.0491,2030
14,0.6853,-0.4761,-0.6462,-0.0206,-0.2376,0.0039,2043
14,0.7227,-0.5039,-0.6516,0.0233,-0.2517,0.0332,2044
14,0.7529,-0.5378,-0.6672,0.0482,-0.2914,0.0502,2040
14,0.7815,-0.5894,-0.6819,0.0625,-0.3651,0.0751,2052
14,0.749,-0.6362,-0.6794,0.0418,-0.4288,0.081,2025
14,0.6531,-0.6536,-0.6492,0.0166,-0.4518,0.087,2019
14,0.5913,-0.6462,-0.6528,-0.0264,-0.4164,0.0959,2041
14,0.5708,-0.6484,-0.6772,-0.0613,-0.333,0.1103,2003
15,0.5898,-0.6423,-0.7021,-0.0578,-0.237,0.1579,2035
15,0.6016,-0.627,-0.7197,-0.0442,-0.1565,0.1614,2042
15,0.6213,-0.6326,-0.7515,-0.0342,-0.0949,0.1346,2033
15,0.6721,-0.6589,-0.8125,-0.0382,-0.1031,0.1404,2062
15,0.7231,-0.6746,-0.885,-0.0415,-0.1859,0.1378,2048
15,0.7405,-0.668,-0.949,-0.071,-0.3044,0.1274,2033
15,0.7329,-0.6873,-1.0054,-0.0716,-0.4028,0.0961,2042
15,0.7114,-0.7178,-1.0386,-0.057,-0.4243,0.0778,2031
15,0.6619,-0.7485,-1.0342,-0.1023,-0.4221,0.0692,2047
15,0.6284,-0.7559,-1.0601,-0.1057,-0.369,0.0442,2074
15,0.5989,-0.7534,-1.0273,-0.0997,-0.2348,0.0228,2042
15,0.5527,-0.7715,-0.9556,-0.0664,-0.0229,-0.0079,2033
15,0.5037,-0.7791,-0.8921,-0.1145,0.1095,-0.0411,2032
15,0.4668,-0.7837,-0.8254,-0.128,0.2025,-0.1262,2026
15,0.4309,-0.7566,-0.7346,-0.1421,0.3097,-0.1784,2072
15,0.4187,-0.7278,-0.6533,-0.1703,0.4404,-0.1965,2038
15,0.3972,-0.6938,-0.6086,-0.2288,0.5481,-0.22,2041
15,0.3904,-0.6497,-0.6003,-0.2398,0.6048,-0.2503,2052
15,0.4031,-0.6121,-0.5803,-0.2172,0.6203,-0.287,2055
15,0.4136,-0.5852,-0.605,-0.1864,0.5943,-0.3032,2015
15,0.4133,-0.5544,-0.6348,-0.1646,0.5506,-0.3079,2082
15,0.3677,-0.5342,-0.6682,-0.1285,0.5516,-0.3219,2034
15,0.3186,-0.499,-0.7019,-0.08,0.6022,-0.3159,2032
15,0.2944,-0.4753,-0.7124,-0.0123,0.6815,-0.3466,2037
15,0.3499,-0.4697,-0.7197,0.0457,0.7407,-0.4655,2035
15,0.4006,-0.4814,-0.7407,0.0627,0.7801,-0.5612,2043
15,0.3911,-0.4773,-0.7642,0.0953,0.6787,-0.5755,2055
15,0.3662,-0.4658,-0.7529,0.0764,0.5461,-0.6039,2049
15,0.3489,-0.4722,-0.7273,0.078,0.4579,-0.6826,2025
15,0.3323,-0.459,-0.7122,0.08,0.4156,-0.736,2036
15,0.2993,-0.4563,-0.7104,0.0694,0.3742,-0.7186,2046
15,0.2886,-0.4509,-0.7183,0.0996,0.3509,-0.7272,2031
15,0.2998,-0.4663,-0.7021,0.1246,0.3496,-0.7419,2040
15,0.3047,-0.4832,-0.6692,0.1147,0.3591,-0.7348,2061
15,0.3198,-0.4883,-0.6423,0.1069,0.3208,-0.734,2025
15,0.3198,-0.4924,-0.6384,0.0895,0.2434,-0.7417,2041
15,0.3425,-0.4763,-0.6252,0.104,0.123,-0.7448,2037
15,0.3496,-0.4746,-0.6199,0.1112,0.032,-0.7319,2022
15,0.3835,-0.4739,-0.6121,0.1683,-0.0854,-0.7525,2039
15,0.3904,-0.4792,-0.5828,0.1983,-0.1547,-0.7148,2049
15,0.4023,-0.4841,-0.5767,0.226,-0.2606,-0.7186,2032
15,0.4241,-0.4973,-0.5691,0.2409,-0.3916,-0.7356,2014
15,0.4407,-0.4834,-0.5708,0.2599,-0.5128,-0.7482,2045
15,0.4399,-0.4771,-0.5994,0.2808,-0.6224,-0.7582,2030
15,0.4666,-0.4675,-0.5972,0.3205,-0.7095,-0.7528,2055
15,0.4697,-0.4775,-0.6187,0.3502,-0.7496,-0.7478,2040
15,0.4546,-0.4724,-0.6152,0.3791,-0.7841,-0.7372,2027
15,0.4556,-0.469,-0.5942,0.3998,-0.8116,-0.717,2039
15,0.4563,-0.459,-0.571,0.4067,-0.8304,-0.6798,2042
15,0.4629,-0.4492,-0.5583,0.4115,-0.84,-0.6597,2032
15,0.4871,-0.4307,-0.5532,0.4073,-0.8602,-0.6249,2033
15,0.4963,-0.4182,-0.5564,0.4052,-0.8741,-0.5799,2046
15,0.5039,-0.4065,-0.5659,0.3968,-0.8757,-0.5167,2035
15,0.5205,-0.3918,-0.5803,0.3967,-0.8847,-0.4425,2043
15,0.5447,-0.3875,-0.606,0.4115,-0.9092,-0.3517,2045
15,0.5664,-0.3826,-0.6372,0.4267,-0.9448,-0.2615,2014
15,0.5791,-0.3845,-0.6833,0.4545,-0.9553,-0.1531,2047
15,0.5972,-0.3989,-0.728,0.5225,-0.9413,-0.0634,2055
15,0.5957,-0.4136,-0.7722,0.5841,-0.9147,0.0357,2039
15,0.6174,-0.4382,-0.8079,0.6305,-0.8927,0.0945,2033
15,0.6101,-0.4526,-0.833,0.6698,-0.8467,0.1493,2066
15,0.6074,-0.4573,-0.8755,0.7075,-0.866,0.1915,2041
15,0.6013,-0.4751,-0.8931,0.779,-0.8429,0.2294,2053
15,0.6057,-0.5117,-0.8811,0.8629,-0.7742,0.2746,2052
15,0.603,-0.5464,-0.8271,0.9144,-0.7232,0.3196,2038
15,0.6116,-0.5969,-0.8035,0.9096,-0.7063,0.2835,2074
15,0.6384,-0.6416,-0.769,0.8696,-0.7022,0.2292,2049
15,0.6726,-0.6462,-0.7295,0.819,-0.696,0.2031,2041
15,0.676,-0.6191,-0.6851,0.7435,-0.7319,0.193,2033
15,0.6587,-0.5747,-0.6489,0.6645,-0.7482,0.2025,2037
15,0.6294,-0.5415,-0.6208,0.607,-0.742,0.2147,2044
15,0.6162,-0.5181,-0.5945,0.5899,-0.7011,0.2465,2047
15,0.592,-0.4944,-0.5913,0.567,-0.6628,0.2818,2033
15,0.5601,-0.4622,-0.5813,0.5441,-0.6003,0.3346,2053
15,0.5349,-0.4268,-0.575,0.5264,-0.5027,0.3915,2040
15,0.5229,-0.3916,-0.5867,0.5225,-0.3918,0.4255,2058
15,0.5159,-0.3652,-0.5984,0.5268,-0.3002,0.428,2033
15,0.5186,-0.3613,-0.6382,0.5873,-0.2204,0.449,2049
15,0.5427,-0.355,-0.656,0.6685,-0.1854,0.4777,2040
15,0.5461,-0.3643,-0.6685,0.797,-0.1582,0.5076,2049
15,0.5564,-0.3794,-0.6748,0.8569,-0.185,0.5737,2028
15,0.5312,-0.4055,-0.7095,0.9015,-0.2369,0.6537,2049
15,0.5154,-0.4404,-0.7537,0.9718,-0.2262,0.6994,2044
15,0.5706,-0.4761,-0.7959,1.0436,-0.2557,0.7556,2074
15,0.6672,-0.4695,-0.8083,1.1854,-0.3939,0.7668,2026
15,0.7393,-0.5388,-0.8042,1.311,-0.6168,0.7413,2065
15,0.7439,-0.6221,-0.7942,1.4034,-0.8227,0.5506,2058
15,0.769,-0.655,-0.7622,1.5858,-0.9993,0.0459,2050
15,0.8079,-0.7014,-0.6938,1.656,-0.9911,-0.4879,2040
15,0.8032,-0.7371,-0.719,1.4364,-0.8769,-0.7638,2053
15,0.7656,-0.6746,-0.7483,1.415,-0.7757,-0.6219,2037
15,0.6858,-0.6255,-0.7095,1.348,-0.6978,-0.4863,2037
15,0.6121,-0.6013,-0.7,1.1018,-0.4607,-0.2675,2044
15,0.5972,-0.6157,-0.7373,0.9336,-0.1855,-0.1434,2044
15,0.6929,-0.6121,-0.762,0.8705,-0.106,-0.1409,2039
15,0.7297,-0.6079,-0.7773,0.811,0.0113,-0.1005,2055
15,0.6978,-0.6235,-0.7456,0.6952,0.1525,-0.0213,2041
15,0.5986,-0.6636,-0.7415,0.5151,0.285,0.0535,2037
15,0.553,-0.658,-0.7549,0.4414,0.3481,0.1017,2042
15,0.4724,-0.689,-0.7605,0.3438,0.5646,0.1308,2026
15,0.4321,-0.6865,-0.7886,0.2872,0.8034,0.1446,2021
15,0.4426,-0.6995,-0.8093,0.2285,0.9845,0.1562,2038
15,0.4785,-0.7183,-0.8208,0.1991,1.0356,0.1977,2024
15,0.4929,-0.7456,-0.8147,0.1677,1.0339,0.282,2037
16,0.4746,-0.76,-0.7898,0.1071,1.0159,0.3826,2033
16,0.4609,-0.7681,-0.7678,0.0899,0.8799,0.4757,2036
16,0.3997,-0.8113,-0.7188,-0.0008,0.8198,0.5749,2059
16,0.3352,-0.8274,-0.6628,-0.1165,0.815,0.6436,2034
16,0.2949,-0.8347,-0.5933,-0.2514,0.8489,0.6146,2039
16,0.3049,-0.8201,-0.5483,-0.3863,0.8204,0.5438,2042
16,0.2722,-0.8198,-0.5098,-0.585,0.8328,0.5039,2036
16,0.2805,-0.7786,-0.4998,-0.6773,0.7474,0.4112,2054
16,0.29,-0.7678,-0.4722,-0.7665,0.6339,0.3284,2034
16,0.2881,-0.7451,-0.4617,-0.8954,0.5723,0.292,2043
16,0.314,-0.7095,-0.4539,-0.9572,0.4362,0.2586,2028
16,0.2893,-0.7046,-0.4414,-1.0417,0.3489,0.2679,2041
16,0.2537,-0.6741,-0.4741,-1.0393,0.2661,0.2468,2033
16,0.2209,-0.6553,-0.4858,-0.9931,0.1943,0.2264,2062
16,0.2483,-0.637,-0.4858,-0.9622,0.1402,0.1523,2035
16,0.2546,-0.6533,-0.5007,-0.9144,0.0968,0.023,2048
16,0.3218,-0.5833,-0.4963,-0.7589,-0.0686,-0.0152,2026
16,0.2866,-0.6323,-0.4731,-0.6709,-0.1233,-0.0762,2048
16,0.2507,-0.6538,-0.4316,-0.613,-0.1755,-0.1477,2043
16,0.2468,-0.6616,-0.4294,-0.5345,-0.1767,-0.2336,2046
16,0.2715,-0.6802,-0.4268,-0.3884,-0.2188,-0.396,2032
16,0.325,-0.7278,-0.4321,-0.3445,-0.1426,-0.545,2048
16,0.3813,-0.7551,-0.4189,-0.3971,-0.0479,-0.6253,2075
16,0.4641,-0.7449,-0.395,-0.3826,-0.0441,-0.6675,2035
16,0.4958,-0.762,-0.3425,-0.4163,-0.0491,-0.6042,2041
16,0.4868,-0.7898,-0.3015,-0.4782,-0.1305,-0.4891,2037
16,0.49,-0.7561,-0.3049,-0.4833,-0.3023,-0.4275,2063
16,0.4775,-0.7358,-0.3213,-0.5337,-0.3639,-0.3365,2038
16,0.512,-0.7095,-0.356,-0.4786,-0.4472,-0.3191,2036
16,0.5249,-0.7195,-0.3726,-0.4529,-0.5003,-0.2563,2043
16,0.5374,-0.7161,-0.3704,-0.4079,-0.5928,-0.1848,2029
16,0.5198,-0.7344,-0.3896,-0.3996,-0.655,-0.0932,2040
16,0.5198,-0.7324,-0.3975,-0.3938,-0.7324,-0.0004,2043
16,0.4409,-0.7893,-0.395,-0.4299,-0.7393,0.0212,2051
16,0.4377,-0.7754,-0.4153,-0.4677,-0.7609,0.0398,2042
16,0.3894,-0.8245,-0.4185,-0.5243,-0.6239,0.0591,2026
16,0.3901,-0.7952,-0.4395,-0.6143,-0.5312,0.0723,2025
16,0.3887,-0.7566,-0.4604,-0.6118,-0.473,0.0553,2038
16,0.4058,-0.7527,-0.4907,-0.6248,-0.4127,0.0589,2035
16,0.4338,-0.7324,-0.5271,-0.5972,-0.3717,0.0766,2052
16,0.4949,-0.7078,-0.5588,-0.5538,-0.3966,0.1119,2035
16,0.5354,-0.7004,-0.6042,-0.5088,-0.4277,0.1714,2045
16,0.5459,-0.697,-0.6299,-0.489,-0.4809,0.2404,2043
16,0.5608,-0.6877,-0.6519,-0.4462,-0.5667,0.3115,2036
16,0.5593,-0.6797,-0.647,-0.4108,-0.6674,0.3702,2067
16,0.5466,-0.6863,-0.6426,-0.4077,-0.7367,0.4124,2042
16,0.5208,-0.6953,-0.6287,-0.4173,-0.7626,0.4426,2032
16,0.4866,-0.7051,-0.6255,-0.436,-0.7311,0.4647,2045
16,0.48,-0.7217,-0.6616,-0.4207,-0.6568,0.5119,2040
16,0.4436,-0.7346,-0.7078,-0.379,-0.4707,0.6685,2070
16,0.4683,-0.7654,-0.7258,-0.3826,-0.297,0.6794,2039
16,0.4714,-0.8071,-0.7578,-0.3774,-0.1071,0.6738,2033
16,0.5322,-0.8235,-0.8354,-0.3163,-0.0144,0.6525,2040
16,0.5444,-0.8584,-0.9546,-0.2123,0.1185,0.7174,2046
16,0.6116,-0.873,-1.0342,-0.0704,0.1832,0.6886,2034
16,0.5808,-0.9329,-1.054,-0.0144,0.3041,0.7229,2059
16,0.5217,-0.9529,-1.0081,0.036,0.2682,0.6295,2027
16,0.4397,-0.97,-0.9453,0.0048,0.2751,0.509,2028
16,0.3496,-0.864,-0.8931,0.045,0.3358,0.5188,2033
16,0.2898,-0.78,-0.8059,0.0357,0.3883,0.4143,2036
16,0.2827,-0.814,-0.7595,0.0423,0.439,0.3558,2033
16,0.2869,-0.8018,-0.719,0.0854,0.5561,0.4915,2051
16,0.1965,-0.7327,-0.6812,0.124,0.767,0.5861,2036
16,0.1802,-0.7144,-0.6836,0.1261,0.8842,0.6195,2054
16,0.2334,-0.781,-0.7039,0.131,0.9889,0.5263,2032
16,0.2102,-0.76,-0.7195,0.1412,1.1136,0.5023,2036
16,0.2449,-0.7561,-0.6895,0.084,1.0692,0.3998,2038
16,0.2993,-0.7412,-0.655,-0.106,1.056,0.4093,2039
16,0.3655,-0.6973,-0.6653,-0.1631,0.8725,0.3286,2039
16,0.3267,-0.6475,-0.6711,-0.227,0.7509,0.3037,2049
16,0.2769,-0.5852,-0.6504,-0.3075,0.5789,0.2802,2041
16,0.2581,-0.5283,-0.6416,-0.3786,0.4572,0.2663,2064
16,0.2505,-0.4939,-0.6436,-0.4145,0.4229,0.2827,2039
16,0.2339,-0.4419,-0.6501,-0.369,0.3302,0.2598,2030
16,0.2393,-0.4226,-0.6453,-0.3484,0.2338,0.239,2046
16,0.2676,-0.3767,-0.6575,-0.2646,0.0634,0.2252,2039
16,0.2769,-0.365,-0.6499,-0.1702,-0.0788,0.2205,2042
16,0.248,-0.3796,-0.6799,-0.1169,-0.2039,0.2264,2043
16,0.2212,-0.3813,-0.6924,-0.0766,-0.273,0.2285,2054
16,0.21,-0.3689,-0.6921,-0.0266,-0.3128,0.1954,2029
16,0.2188,-0.3667,-0.6797,0.0099,-0.3637,0.1557,2053
16,0.23,-0.3452,-0.6917,0.0318,-0.4073,0.1007,2036
16,0.2659,-0.3396,-0.6897,0.1152,-0.491,-0.0538,2043
16,0.2876,-0.3481,-0.6851,0.169,-0.5253,-0.1779,2035
16,0.2864,-0.3489,-0.6931,0.2036,-0.5838,-0.2737,2031
16,0.2749,-0.3323,-0.7083,0.2428,-0.6084,-0.3396,2040
16,0.2458,-0.322,-0.717,0.3298,-0.4817,-0.414,2040
16,0.2839,-0.311,-0.7124,0.4485,-0.3167,-0.4598,2036
16,0.3643,-0.3406,-0.689,0.575,-0.2397,-0.4454,2043
16,0.4304,-0.3857,-0.7014,0.6813,-0.2457,-0.497,2040
16,0.5269,-0.4731,-0.71,0.7665,-0.3151,-0.6562,2050
16,0.6138,-0.5369,-0.7261,0.7946,-0.3814,-0.8245,2037
16,0.6404,-0.603,-0.7366,0.7979,-0.4377,-0.8922,2039
16,0.6191,-0.5852,-0.72,0.7019,-0.5626,-0.8417,2036
16,0.5764,-0.5127,-0.7,0.7191,-0.7104,-0.6895,2032
16,0.5583,-0.4758,-0.6904,0.7545,-0.8222,-0.5434,2054
16,0.4839,-0.5144,-0.7007,0.8116,-0.8652,-0.3762,2042
16,0.4326,-0.5713,-0.6995,0.8779,-0.8441,-0.2332,2042
16,0.3867,-0.6309,-0.7219,0.961,-0.7156,-0.1013,2038
16,0.3677,-0.6541,-0.7285,0.995,-0.5569,0.0184,2046
16,0.3914,-0.6296,-0.7339,1.1113,-0.481,0.1743,2045
16,0.363,-0.7134,-0.6885,1.1774,-0.3306,0.2361,2016
17,0.3767,-0.7563,-0.6895,1.1148,-0.2342,0.3506,2039
17,0.3364,-0.8286,-0.6721,1.016,-0.1653,0.5255,2053
17,0.2771,-0.8794,-0.6956,0.8633,-0.1172,0.6573,2026
17,0.2354,-0.8926,-0.751,0.705,0.0178,0.7534,2020
17,0.2507,-0.8313,-0.7795,0.6546,0.2521,0.8087,2103
17,0.2432,-0.772,-0.7935,0.7112,0.5862,0.9204,2053
17,0.3474,-0.7839,-0.7625,0.6205,0.6992,0.8034,2043
17,0.3818,-0.7788,-0.7695,0.5714,0.6628,0.8132,2039
17,0.3818,-0.7827,-0.741,0.5179,0.5723,0.773,2036
17,0.3955,-0.75,-0.7168,0.4955,0.556,0.6837,2052
17,0.4338,-0.7192,-0.6948,0.4811,0.5079,0.6157,2053
17,0.4817,-0.687,-0.6936,0.5269,0.3167,0.5231,2042
17,0.4871,-0.6763,-0.6982,0.5735,0.1282,0.4825,2034
17,0.4858,-0.6851,-0.7041,0.6287,-0.0687,0.4192,2047
17,0.5039,-0.7126,-0.7463,0.6903,-0.2587,0.3816,2032
17,0.5029,-0.7451,-0.7583,0.7476,-0.4613,0.2581,2034
17,0.4812,-0.7739,-0.7974,0.821,-0.6786,0.1831,2029
17,0.4041,-0.8091,-0.7668,0.871,-0.7561,0.1491,2026
17,0.3616,-0.8201,-0.7664,0.9263,-0.801,0.0941,2044
17,0.3726,-0.8499,-0.7632,0.9702,-0.8409,0.0406,2045
17,0.3586,-0.8896,-0.7834,1.0353,-0.8055,0.0305,2040
17,0.437,-0.9536,-0.7627,1.0473,-0.7755,-0.0611,2034
17,0.5032,-1.0134,-0.7324,1.0202,-0.8168,-0.1352,2044
17,0.5461,-1.0728,-0.6667,0.9224,-0.9271,-0.2334,2039
17,0.5544,-1.0808,-0.6096,0.7605,-0.9883,-0.2835,2041
17,0.4934,-1.054,-0.563,0.5767,-0.9753,-0.287,2031
17,0.4226,-1.0244,-0.5127,0.3626,-0.8933,-0.2918,2031
17,0.3684,-0.9883,-0.5037,0.1475,-0.715,-0.2952,2051
17,0.3047,-0.9177,-0.5161,-0.0302,-0.4691,-0.3175,2033
17,0.2842,-0.8525,-0.5352,-0.1822,-0.1993,-0.359,2026
17,0.261,-0.7932,-0.5464,-0.2735,0.0618,-0.3875,2037
17,0.2847,-0.751,-0.552,-0.3634,0.2509,-0.4097,2036
17,0.2844,-0.7202,-0.533,-0.4698,0.4,-0.438,2028
17,0.269,-0.6836,-0.5168,-0.5719,0.493,-0.4711,2040
17,0.2549,-0.6418,-0.5049,-0.6478,0.5667,-0.4871,2041
17,0.2297,-0.6162,-0.4902,-0.708,0.6352,-0.5211,2036
17,0.2168,-0.6274,-0.4702,-0.7609,0.7224,-0.5606,2044
17,0.2168,-0.6328,-0.4741,-0.7626,0.7847,-0.5762,2044
17,0.22,-0.6541,-0.4778,-0.759,0.8119,-0.5906,2038
17,0.2617,-0.677,-0.4729,-0.7577,0.7938,-0.6059,2053
17,0.2769,-0.7122,-0.4658,-0.7512,0.7457,-0.6038,2032
17,0.2861,-0.7256,-0.4536,-0.7279,0.6324,-0.5797,2031
17,0.2781,-0.752,-0.4419,-0.7042,0.4879,-0.5612,2063
17,0.2627,-0.7832,-0.4287,-0.6919,0.332,-0.5518,2041
17,0.262,-0.7839,-0.4302,-0.6574,0.2139,-0.5593,2042
17,0.2717,-0.801,-0.4128,-0.6297,0.0847,-0.5798,2046
17,0.2812,-0.811,-0.3843,-0.5962,-0.0068,-0.6035,2036
17,0.2644,-0.8167,-0.3357,-0.6114,-0.0656,-0.6149,2051
17,0.259,-0.7913,-0.3079,-0.6287,-0.1707,-0.6268,2047
17,0.2805,-0.782,-0.2793,-0.6637,-0.271,-0.6389,2063
17,0.2656,-0.7822,-0.2937,-0.7343,-0.3225,-0.5938,2041
17,0.2563,-0.7705,-0.314,-0.805,-0.3172,-0.5272,2038
17,0.2754,-0.7463,-0.345,-0.814,-0.3984,-0.4918,2042
17,0.3047,-0.7109,-0.3669,-0.8106,-0.4088,-0.4661,2058
17,0.3264,-0.6912,-0.3875,-0.7863,-0.4642,-0.4472,2029
17,0.3501,-0.6689,-0.4082,-0.7633,-0.5725,-0.3936,2034
17,0.3535,-0.6614,-0.4275,-0.7364,-0.6894,-0.3418,2049
17,0.3794,-0.6667,-0.4492,-0.7182,-0.7919,-0.2794,2052
17,0.3899,-0.6599,-0.4712,-0.7012,-0.8722,-0.2132,2033
17,0.3862,-0.6538,-0.4788,-0.6801,-0.9168,-0.1057,2055
17,0.3779,-0.6406,-0.4797,-0.6665,-0.9293,0.0088,2023
17,0.3582,-0.6184,-0.4897,-0.6473,-0.9002,0.122,2063
17,0.3706,-0.605,-0.4946,-0.6618,-0.8491,0.1617,2032
17,0.4199,-0.594,-0.5225,-0.6412,-0.7787,0.1788,2029
17,0.4626,-0.5771,-0.5369,-0.5892,-0.6959,0.2049,2033
17,0.4915,-0.5774,-0.5571,-0.5604,-0.5964,0.2445,2047
17,0.5178,-0.5764,-0.5911,-0.5464,-0.559,0.2804,2028
17,0.5427,-0.5686,-0.6204,-0.5175,-0.5335,0.3133,2044
17,0.5618,-0.5652,-0.6465,-0.4627,-0.5297,0.3312,2034
17,0.563,-0.5781,-0.6604,-0.4116,-0.5404,0.3409,2045
17,0.5679,-0.6062,-0.678,-0.3895,-0.5453,0.3432,2040
17,0.554,-0.645,-0.7119,-0.3799,-0.518,0.3852,2071
17,0.5669,-0.6348,-0.7363,-0.3682,-0.4864,0.4765,2055
17,0.5388,-0.6838,-0.7581,-0.3235,-0.3975,0.5417,2057
17,0.5264,-0.7324,-0.7869,-0.2811,-0.3252,0.6164,2031
17,0.5168,-0.7754,-0.8108,-0.2123,-0.2111,0.6751,2042
17,0.4585,-0.845,-0.8535,-0.2216,0.0417,0.7762,2039
17,0.46,-0.895,-0.8938,-0.1748,0.2056,0.7665,2044
17,0.4644,-0.9795,-1.002,-0.075,0.3508,0.7682,2041
17,0.5027,-1.0464,-1.0732,0.0642,0.5099,0.8373,2039
17,0.4739,-1.1453,-1.0593,0.1429,0.6168,0.7883,2031
17,0.4236,-1.1284,-1.0215,0.185,0.7042,0.6921,2046
17,0.3826,-1.0891,-0.9766,0.1617,0.7982,0.7155,2049
17,0.3577,-1.0181,-0.9243,0.2087,0.7572,0.6602,2030
17,0.1147,-1.1587,-0.7842,0.022,0.853,0.522,2044
17,0.2161,-1.0686,-0.7188,-0.0454,0.8267,0.3714,2059
17,0.3374,-0.8892,-0.7017,-0.1254,0.8568,0.6834,2037
17,0.1687,-0.7048,-0.7644,-0.091,1.1633,0.9532,2068
17,0.071,-0.6609,-0.6978,0.0553,1.4828,0.8642,2026
17,0.1111,-0.6885,-0.6243,0.0979,1.6703,0.5721,2057
17,0.2153,-0.7322,-0.5815,0.0547,1.6056,0.3442,2044
17,0.324,-0.7485,-0.5562,-0.0539,1.3938,0.3089,2037
17,0.3745,-0.7617,-0.5891,-0.1938,1.3039,0.3321,2035
17,0.3796,-0.7117,-0.6321,-0.2527,1.2006,0.2998,2043
17,0.3176,-0.6528,-0.6101,-0.3472,0.927,0.3203,2043
17,0.2527,-0.6138,-0.616,-0.3665,0.755,0.3372,2034
17,0.2019,-0.5908,-0.6577,-0.3231,0.6867,0.3312,2035
17,0.1814,-0.5864,-0.686,-0.2838,0.6094,0.2543,2045
17,0.2271,-0.5889,-0.6741,-0.2606,0.4735,0.1983,2034
17,0.2612,-0.5786,-0.6665,-0.2772,0.2927,0.208,2032
17,0.2681,-0.5491,-0.6824,-0.2767,0.0394,0.1898,2038
17,0.2441,-0.5288,-0.6782,-0.2561,-0.2107,0.1429,2050
18,0.208,-0.4873,-0.6736,-0.1939,-0.4105,0.0768,2032
18,0.1506,-0.436,-0.6626,-0.0941,-0.5058,0.0033,2038
18,0.085,-0.4065,-0.6531,0.0185,-0.4698,-0.0855,2034
18,0.075,-0.3965,-0.6416,0.1393,-0.3278,-0.2075,2032
18,0.1206,-0.4155,-0.6016,0.2533,-0.1764,-0.3185,2043
18,0.1848,-0.4443,-0.5901,0.3215,-0.0641,-0.4116,2035
18,0.2395,-0.468,-0.5605,0.3665,-0.0009,-0.4932,2029
18,0.3027,-0.4978,-0.543,0.3671,0.0088,-0.5292,2059
18,0.3462,-0.5073,-0.5366,0.3049,-0.0758,-0.5036,2039
18,0.3503,-0.5234,-0.5408,0.2204,-0.1918,-0.4548,2050
18,0.3364,-0.5288,-0.5615,0.1332,-0.3091,-0.3902,2035
18,0.3225,-0.5178,-0.5864,0.0615,-0.3975,-0.3324,2042
18,0.2954,-0.4978,-0.6279,0.0218,-0.4362,-0.2752,2059
18,0.2693,-0.4631,-0.658,0.0575,-0.4042,-0.2067,2037
18,0.2729,-0.4546,-0.6619,0.1414,-0.3286,-0.1471,2041
18,0.2732,-0.4968,-0.6646,0.1827,-0.2944,-0.0984,2049
18,0.2666,-0.5415,-0.6897,0.1988,-0.2836,-0.0771,2036
18,0.3118,-0.5703,-0.707,0.1864,-0.2547,-0.0409,2035
18,0.3828,-0.5608,-0.7183,0.2013,-0.1988,0.0503,2034
18,0.4192,-0.5427,-0.7488,0.2597,-0.1682,0.1416,2027
18,0.4189,-0.533,-0.7595,0.3237,-0.1579,0.2109,2036
18,0.4397,-0.5513,-0.7532,0.389,-0.1298,0.2606,2036
18,0.4666,-0.5693,-0.7468,0.4741,-0.0847,0.3324,2028
18,0.4827,-0.5879,-0.7422,0.5469,-0.0778,0.386,2062
18,0.4766,-0.6438,-0.752,0.6264,-0.0856,0.4145,2046
18,0.4746,-0.7083,-0.7664,0.685,-0.0736,0.4309,2035
18,0.4968,-0.7754,-0.759,0.7241,-0.0634,0.4313,2054
18,0.5242,-0.8149,-0.7791,0.758,-0.1143,0.4145,2087
18,0.5481,-0.8494,-0.772,0.7862,-0.2168,0.3666,2018
18,0.5437,-0.8752,-0.7307,0.7493,-0.3484,0.3144,2041
18,0.5208,-0.8748,-0.7261,0.7016,-0.5027,0.2484,2043
18,0.5383,-0.8684,-0.6995,0.7086,-0.6055,0.1602,2031
18,0.5325,-0.9058,-0.6587,0.6645,-0.6516,0.0487,2051
18,0.5322,-0.9534,-0.6462,0.5155,-0.6814,-0.1105,2038
18,0.5549,-0.9626,-0.6423,0.4084,-0.6711,-0.2709,2030
18,0.5784,-0.9514,-0.6509,0.2747,-0.7415,-0.4157,2041
18,0.4485,-0.8623,-0.6873,0.1971,-0.6747,-0.4931,2051
18,0.3533,-0.7632,-0.7102,0.1336,-0.5765,-0.5012,2041
18,0.3108,-0.6841,-0.7815,0.0804,-0.4595,-0.4743,2046
18,0.3132,-0.6694,-0.8743,0.1345,-0.3172,-0.4229,2046
18,0.3428,-0.6914,-0.9224,0.2201,-0.214,-0.3575,2040
18,0.3982,-0.7295,-0.9202,0.3203,-0.2189,-0.3392,2051
18,0.4314,-0.7458,-0.9089,0.3729,-0.3286,-0.3465,2054
18,0.4233,-0.7415,-0.8979,0.389,-0.5627,-0.3781,2030
18,0.3853,-0.7656,-0.8628,0.4155,-0.7753,-0.3939,2038
18,0.2747,-0.7729,-0.8108,0.3727,-0.807,-0.3932,2044
18,0.1868,-0.8108,-0.7861,0.3008,-0.7727,-0.3838,2035
18,0.1599,-0.843,-0.7532,0.224,-0.6849,-0.3613,2041
18,0.1831,-0.8538,-0.7222,0.1225,-0.5946,-0.3586,2037
18,0.2185,-0.8494,-0.6694,-0.0072,-0.4841,-0.3655,2041
18,0.2158,-0.8447,-0.6104,-0.1462,-0.3694,-0.389,2041
18,0.1907,-0.7959,-0.5691,-0.269,-0.2591,-0.4034,2041
18,0.1714,-0.7239,-0.5186,-0.3418,-0.1513,-0.4128,2023
18,0.1516,-0.6821,-0.4734,-0.3734,-0.0668,-0.4141,2041
18,0.1287,-0.6619,-0.4358,-0.4007,0.0067,-0.3799,2040
18,0.1113,-0.6602,-0.4338,-0.4256,0.0373,-0.3048,2045
18,0.1135,-0.6619,-0.4531,-0.4497,-0.026,-0.2493,2043
18,0.1233,-0.6665,-0.4956,-0.4369,-0.1276,-0.1844,2051
18,0.156,-0.657,-0.533,-0.4034,-0.2593,-0.114,2048
18,0.1641,-0.6479,-0.5464,-0.3175,-0.41,-0.0563,2031
18,0.1729,-0.6477,-0.5369,-0.2354,-0.4639,0.0132,2035
18,0.2007,-0.6602,-0.5222,-0.1635,-0.5245,0.0574,2040
18,0.2119,-0.6667,-0.4844,-0.1218,-0.594,0.0796,2044
18,0.2185,-0.6572,-0.4619,-0.0886,-0.6022,0.0944,2041
18,0.251,-0.6641,-0.4355,-0.0747,-0.6034,0.0513,2060
18,0.301,-0.6824,-0.4131,-0.0819,-0.5932,0.0441,2042
18,0.325,-0.6943,-0.4102,-0.1029,-0.5778,0.0531,2052
18,0.3435,-0.696,-0.4097,-0.1549,-0.5719,0.0783,2067
18,0.3411,-0.6873,-0.4216,-0.2068,-0.5944,0.1127,2039
18,0.3164,-0.6726,-0.4155,-0.2577,-0.6197,0.1593,2038
18,0.283,-0.6445,-0.429,-0.2943,-0.6008,0.2044,2042
18,0.2722,-0.6238,-0.4446,-0.3326,-0.5665,0.2357,2033
18,0.2559,-0.5903,-0.4844,-0.3161,-0.5745,0.2677,2045
18,0.2537,-0.5969,-0.5066,-0.2827,-0.539,0.2559,2038
18,0.2512,-0.593,-0.5266,-0.2603,-0.5032,0.2361,2042
18,0.2517,-0.5945,-0.5508,-0.2499,-0.4647,0.2325,2044
18,0.2485,-0.6179,-0.5916,-0.2786,-0.4318,0.2438,2036
18,0.2705,-0.6353,-0.6289,-0.292,-0.4089,0.2759,2039
18,0.2808,-0.6262,-0.6282,-0.288,-0.3711,0.2824,2043
18,0.3206,-0.6223,-0.5994,-0.2597,-0.332,0.2565,2044
18,0.3369,-0.6321,-0.5708,-0.2603,-0.2657,0.2666,2058
18,0.3511,-0.645,-0.5352,-0.2237,-0.2238,0.2509,2054
18,0.3811,-0.6599,-0.5205,-0.2406,-0.1694,0.2187,2045
18,0.4502,-0.6741,-0.531,-0.2163,-0.1971,0.2089,2027
18,0.4617,-0.759,-0.5305,-0.2316,-0.2031,0.2057,2049
18,0.4543,-0.7729,-0.5647,-0.2678,-0.2718,0.1965,2045
18,0.4392,-0.762,-0.5872,-0.2147,-0.2898,0.2084,2064
18,0.3894,-0.7334,-0.5813,-0.1843,-0.2268,0.2388,2048
18,0.3459,-0.7283,-0.5906,-0.2068,-0.1771,0.2464,2045
18,0.3499,-0.7319,-0.624,-0.1946,-0.177,0.2422,2047
18,0.3457,-0.718,-0.6812,-0.2175,-0.1381,0.2545,2039
18,0.3508,-0.699,-0.7334,-0.2183,-0.1137,0.226,2045
18,0.3572,-0.6987,-0.7566,-0.1715,-0.0856,0.2085,2046
18,0.3743,-0.7051,-0.7795,-0.2183,-0.0477,0.2438,2050
18,0.4089,-0.7329,-0.8169,-0.2497,-0.053,0.2657,1987
18,0.4084,-0.7947,-0.8645,-0.2615,-0.1272,0.2119,2041
18,0.4109,-0.8303,-0.885,-0.3549,-0.1565,0.1988,2039
18,0.427,-0.8494,-0.8926,-0.4034,-0.2055,0.14,2052
18,0.4158,-0.8608,-0.8777,-0.4031,-0.2204,0.0796,2032
18,0.387,-0.8716,-0.8423,-0.4143,-0.1282,0.0642,2047
18,0.4043,-0.9248,-0.8125,-0.4583,-0.0246,0.0202,2062
18,0.4382,-0.9768,-0.7913,-0.5972,0.0256,0.0862,2036
18,0.4333,-0.967,-0.8486,-0.6946,-0.0884,0.1052,2024
19,0.4556,-0.9141,-0.8799,-0.6188,-0.2083,0.0024,2052
19,0.4426,-0.8486,-0.9121,-0.5208,-0.1598,-0.068,2027
19,0.3892,-0.8342,-0.9355,-0.3734,-0.0285,-0.1201,2036
19,0.2966,-0.8599,-0.9348,-0.1962,0.2175,-0.1856,2054
19,0.2605,-0.8406,-0.959,0.0357,0.4641,-0.3091,2029
19,0.2898,-0.7915,-0.9106,0.3669,0.7052,-0.339,2039
19,0.302,-0.8145,-0.7952,0.4449,0.8791,-0.2927,2060
19,0.2861,-0.9666,-0.783,0.608,0.9232,-0.4112,2052
19,0.4622,-0.9648,-0.729,0.6757,0.8261,-0.1562,2044
19,0.542,-0.835,-0.7197,0.6476,0.6975,0.0989,2046
19,0.468,-0.8096,-0.7568,0.9104,0.8071,0.2093,2027
19,0.3335,-0.8716,-0.5493,0.9207,0.7694,-0.0719,1997
19,0.3555,-0.8611,-0.4661,0.6367,0.7608,-0.2655,2055
19,0.356,-0.7705,-0.4858,0.54,0.8955,-0.2265,2035
19,0.332,-0.7261,-0.4746,0.6323,1.0337,-0.1902,2038
19,0.3057,-0.6624,-0.4202,0.5518,1.0549,-0.1639,2035
19,0.2639,-0.605,-0.4043,0.4847,1.0376,-0.0902,1996
19,0.2214,-0.5801,-0.4509,0.4968,1.2033,-0.0269,2058
19,0.1907,-0.6194,-0.5203,0.5544,1.4015,0.0109,2004
19,0.1841,-0.6489,-0.5903,0.6253,1.5715,0.0591,1990
19,0.2053,-0.6575,-0.6292,0.7371,1.6661,0.1202,2014
19,0.2642,-0.6797,-0.634,0.773,1.6695,0.1938,2064
19,0.2932,-0.6855,-0.6594,0.7735,1.644,0.2734,2057
19,0.2939,-0.6787,-0.6775,0.7875,1.6085,0.3249,2075
19,0.2791,-0.668,-0.6794,0.7798,1.5285,0.347,2065
19,0.2563,-0.6606,-0.6846,0.7927,1.4234,0.3476,2045
19,0.249,-0.6729,-0.677,0.7536,1.3443,0.3345,2014
19,0.2407,-0.6887,-0.709,0.7787,1.223,0.343,2032
19,0.2212,-0.7095,-0.6899,0.7745,1.1627,0.3256,1971
19,0.2183,-0.7205,-0.7183,0.7779,0.9874,0.2824,2048
19,0.2349,-0.7505,-0.6926,0.673,0.9484,0.2803,2036
19,0.239,-0.7756,-0.6985,0.509,0.8931,0.2739,2080
19,0.1958,-0.7847,-0.7466,0.3538,0.8158,0.3212,1998
19,0.1912,-0.7427,-0.7429,0.2433,0.7578,0.3906,2005
19,0.1765,-0.6672,-0.7253,0.1332,0.6319,0.4769,1956
19,0.1455,-0.5774,-0.7239,0.1329,0.5881,0.5877,2062
19,0.1426,-0.4924,-0.6694,0.1529,0.6873,0.6345,2063
19,0.1428,-0.4863,-0.6541,0.1826,0.754,0.6363,2041
19,0.1926,-0.5669,-0.6008,0.0828,0.8632,0.6617,2048
19,0.2263,-0.6353,-0.5891,-0.1229,0.8986,0.7244,2019
19,0.2576,-0.6331,-0.6096,-0.3272,0.8537,0.7431,2043
19,0.2485,-0.5596,-0.6958,-0.4685,0.6379,0.8764,1962
19,0.2463,-0.4849,-0.667,-0.4409,0.4899,0.9979,2108
19,0.238,-0.4109,-0.605,-0.4389,0.5305,1.1326,2056
19,0.2354,-0.3918,-0.6101,-0.449,0.4348,1.1303,2051
19,0.2737,-0.4177,-0.5911,-0.4516,0.3984,1.1505,2066
19,0.2798,-0.4556,-0.532,-0.4918,0.4101,1.1907,2038
19,0.272,-0.4963,-0.5149,-0.5596,0.3061,1.3126,2031
19,0.2468,-0.5227,-0.5156,-0.5944,0.189,1.4527,2025
19,0.2268,-0.5508,-0.4895,-0.6255,0.0824,1.5797,2053
19,0.2131,-0.6064,-0.5085,-0.6737,-0.0005,1.6375,1991
19,0.1636,-0.6985,-0.5774,-0.6585,-0.0067,1.713,2050
19,-0.0623,-0.8181,-0.6438,-0.493,0.2642,1.6825,2046
19,-0.0515,-0.7668,-0.4553,-0.0205,0.8376,1.2083,2038
19,0.0574,-0.8357,-0.1926,0.4396,1.6041,0.5875,2032
19,0.3928,-1.0786,-0.1338,0.3946,2.3112,0.3485,2060
19,0.7229,-1.1614,-0.0972,0.3077,2.2888,0.6476,2040
19,0.8738,-1.092,-0.0173,0.0812,1.4723,0.9517,1973
19,0.8643,-1.1194,-0.2285,-0.188,0.6217,1.1648,2043
19,0.6987,-1.2043,-0.408,-0.4373,0.0923,1.4009,2062
19,0.4902,-1.189,-0.4248,-0.4807,0.0981,1.6109,2044
19,0.3081,-1.1279,-0.418,-0.2657,0.3103,1.6185,2037
19,0.3179,-1.1072,-0.4075,-0.0957,0.5546,1.3185,2043
19,0.4121,-1.1345,-0.4543,-0.3075,0.5613,1.2119,2025
19,0.4294,-1.071,-0.5171,-0.3504,0.3374,1.1256,2038
19,0.5779,-0.9761,-0.5488,-0.2641,0.1783,0.9774,2040
19,0.6365,-0.9194,-0.5051,-0.0309,0.0763,0.983,2044
19,0.4514,-0.9531,-0.5242,0.0454,0.0308,0.9507,2037
19,0.3313,-0.9829,-0.6543,0.0152,-0.1469,0.6846,2055
19,0.356,-1.0083,-0.7935,0.0205,-0.1539,0.3352,2023
19,0.4028,-0.948,-0.7825,0.1003,-0.1523,0.1113,2049
19,0.4629,-0.8738,-0.6687,0.1451,-0.2185,-0.0517,2039
19,0.5444,-0.8472,-0.5251,0.1875,-0.3385,-0.2306,2043
19,0.54,-0.771,-0.4814,0.2115,-0.4006,-0.2117,2046
19,0.448,-0.7334,-0.4932,0.2176,-0.5927,-0.2121,2037
19,0.3496,-0.6853,-0.5449,0.2838,-0.7397,-0.1108,2049
19,0.3484,-0.6704,-0.5588,0.3135,-0.8376,-0.0304,2037
19,0.3892,-0.73,-0.5723,0.4031,-0.9894,-0.0723,2053
19,0.3674,-0.7756,-0.6484,0.5433,-1.0608,-0.1312,2041
19,0.3462,-0.9075,-0.7756,0.5524,-0.9871,-0.3826,2045
19,0.2495,-1.0115,-0.8806,0.5054,-0.6983,-0.4793,2042
19,0.1648,-0.9949,-0.9033,0.3606,-0.6541,-0.5412,2044
19,0.3086,-0.9458,-0.8274,0.2159,-0.6742,-0.7371,2033
19,0.2847,-0.8958,-0.7439,0.1141,-0.661,-0.7489,2038
19,0.2036,-0.8269,-0.6917,0.1262,-0.9072,-0.7709,2052
19,0.2034,-0.7947,-0.655,0.1936,-1.223,-0.8526,2040
19,0.2004,-0.7966,-0.6047,0.1828,-1.3432,-0.8399,2027
19,0.1096,-0.8035,-0.5479,0.1328,-1.4005,-0.8405,2042
19,0.0347,-0.7639,-0.54,0.0248,-1.39,-0.812,2039
19,0.0278,-0.7151,-0.542,-0.0794,-1.3117,-0.76,2026
19,0.0979,-0.6743,-0.5032,-0.179,-1.2643,-0.7624,2039
19,0.1177,-0.6709,-0.5066,-0.2741,-1.2291,-0.7148,2034
19,0.0906,-0.6958,-0.5178,-0.3156,-1.2134,-0.7276,2039
19,0.0867,-0.7341,-0.5381,-0.3863,-1.205,-0.7598,2038
19,0.146,-0.7725,-0.5591,-0.4168,-1.385,-0.8014,2023
19,0.1909,-0.8098,-0.54,-0.4477,-1.4524,-0.828,2035
19,0.1963,-0.8352,-0.4819,-0.4577,-1.4677,-0.7961,2043
19,0.1313,-0.8555,-0.438,-0.4,-1.4125,-0.7975,2032
19,0.1025,-0.9033,-0.4409,-0.3537,-1.2065,-0.7765,2042
19,0.1792,-0.9001,-0.4294,-0.3007,-0.9204,-0.6882,2045
19,0.3699,-0.9207,-0.4019,-0.3587,-0.8399,-0.6773,2043
20,0.4958,-0.9011,-0.4026,-0.5135,-0.8472,-0.6305,2055
20,0.5137,-0.9363,-0.3972,-0.5304,-0.9773,-0.6307,2038
20,0.4673,-0.9368,-0.3994,-0.6259,-0.8617,-0.497,2056
20,0.4297,-0.9229,-0.3198,-0.6307,-0.8163,-0.492,2036
20,0.3525,-0.8516,-0.2937,-0.6078,-0.5773,-0.5349,2032
20,0.3699,-0.8184,-0.2761,-0.5634,-0.4902,-0.6506,2039
20,0.4211,-0.7878,-0.2385,-0.5006,-0.2948,-0.6753,2045
20,0.5442,-0.7285,-0.21,-0.4381,-0.3619,-0.707,2045
20,0.6289,-0.6809,-0.2441,-0.3983,-0.4826,-0.732,2035
20,0.6116,-0.6982,-0.2603,-0.2856,-0.7432,-0.7825,2036
20,0.4692,-0.7903,-0.2268,-0.3669,-0.7152,-0.7825,2050
20,0.4993,-0.7424,-0.2361,-0.2734,-0.9254,-0.8008,2028
20,0.4763,-0.8079,-0.2705,-0.2674,-1.0802,-0.864,2037
20,0.469,-0.8101,-0.3069,-0.3161,-1.1463,-0.8504,2049
20,0.4841,-0.7827,-0.3208,-0.2229,-1.2547,-0.8347,2027
20,0.4846,-0.7798,-0.3174,-0.2653,-1.2541,-0.7955,2038
20,0.5806,-0.7681,-0.394,-0.2653,-1.7263,-0.6956,2056
20,0.5627,-0.781,-0.4084,-0.1687,-2.2173,-0.6272,2035
20,0.1077,-0.8862,-0.3311,-0.2169,-1.7733,-0.543,2028
20,0.0732,-0.8269,-0.3445,-0.1357,-1.7492,-0.6087,2027
20,0.1023,-0.8069,-0.3333,-0.0394,-1.6242,-0.6175,2038
20,0.0916,-0.8628,-0.2969,-0.0091,-1.3332,-0.5561,2039
20,0.1006,-0.9062,-0.3752,0.0815,-1.1637,-0.5048,2032
20,0.0337,-0.9434,-0.4231,0.1662,-0.9713,-0.3484,2043
20,0.0083,-0.9568,-0.4365,0.2061,-0.7654,-0.2204,2049
20,0.0105,-0.9526,-0.4343,0.218,-0.4741,-0.2015,2034
20,0.1196,-0.991,-0.4763,0.175,-0.2405,-0.2169,2039
20,0.2493,-1.0039,-0.5879,0.0949,-0.2344,-0.1595,2027
20,0.2834,-0.9563,-0.678,0.1266,-0.4014,-0.0792,2040
20,0.3003,-0.9597,-0.7126,0.185,-0.5205,0.0049,2044
20,0.2673,-0.9976,-0.7153,0.2412,-0.5216,0.1117,2036
20,0.1956,-1.0312,-0.7288,0.4072,-0.6738,0.1531,2046
20,0.1792,-1.032,-0.7102,0.3332,-0.4275,0.2232,2037
20,0.3032,-1.1086,-0.7695,0.4916,-0.4647,0.1373,2034
20,0.4207,-1.3445,-0.7107,0.2594,-0.6687,-0.1527,2037
20,0.5205,-1.521,-0.6624,0.4128,-1.4783,-0.5769,2053
20,0.0811,-0.6807,-0.6245,0.1535,-1.6314,-0.031,2040
20,0.2473,-0.6455,-0.782,0.0493,-0.7199,1.093,2032
20,0.0283,-0.9614,-0.9482,0.6075,-0.2705,1.1737,2040
20,-0.1304,-1.1306,-0.9038,0.5267,-0.1878,0.7447,2042
20,0.0564,-1.0671,-0.8879,0.2737,-0.4532,0.5657,2034
20,0.0725,-1.0293,-0.8879,0.3496,-0.1836,0.3318,2042
20,0.012,-1.0471,-0.8333,0.3674,0.2959,0.4155,2044
20,-0.0432,-1.1147,-0.8176,0.2858,0.4829,0.5686,2055
20,-0.0542,-1.0862,-0.8364,0.3405,0.3221,0.6379,2051
20,0.0676,-0.9641,-0.8398,0.5426,0.0815,0.6685,2044
20,0.1482,-0.8833,-0.8232,0.6114,0.0146,0.6335,2027
20,0.1926,-0.8428,-0.8047,0.6024,-0.0868,0.589,2042
20,0.2241,-0.7991,-0.7239,0.559,-0.3149,0.5171,2039
20,0.22,-0.7297,-0.582,0.5915,-0.5349,0.4654,2036
20,0.1516,-0.6716,-0.4651,0.6353,-0.6088,0.4235,2046
20,0.1372,-0.7124,-0.4592,0.7023,-0.8372,0.3288,2044
20,-0.0105,-0.7468,-0.4646,0.7521,-0.7821,0.3036,2035
20,-0.0403,-0.8088,-0.4031,0.6833,-0.7612,0.2795,2039
20,-0.1035,-0.7966,-0.3755,0.6574,-0.6664,0.2733,2045
20,-0.1506,-0.873,-0.3674,0.6509,-0.6034,0.218,2044
20,-0.1677,-0.8364,-0.3945,0.5891,-0.4481,0.1489,2021
20,-0.1399,-0.7366,-0.4741,0.585,-0.2228,0.1701,2032
20,-0.0066,-0.6799,-0.5254,0.6597,-0.3842,0.1779,2045
20,0.0737,-0.6519,-0.5352,0.7594,-0.4778,0.2501,2043
20,0.0837,-0.6785,-0.5156,0.7958,-0.5667,0.3171,2034
20,0.0332,-0.6758,-0.4741,0.7474,-0.9877,0.3148,2029
20,-0.0635,-0.6873,-0.3823,0.7457,-0.781,0.3409,2039
20,-0.0593,-0.7051,-0.3203,0.7693,-0.9504,0.3049,2049
20,-0.0964,-0.7183,-0.2905,0.8328,-0.9508,0.32,2043
20,-0.156,-0.6812,-0.2712,0.901,-0.6312,0.3727,2037
20,-0.156,-0.6277,-0.2673,0.8866,-0.5066,0.4059,2049
20,-0.095,-0.6216,-0.2932,0.8947,-0.4255,0.3781,2039
20,-0.075,-0.6372,-0.2651,0.8505,-0.537,0.3595,2050
20,-0.1116,-0.6331,-0.2393,0.7425,-0.7854,0.3345,2050
20,-0.2117,-0.6606,-0.2251,0.7328,-0.5807,0.3069,2049
20,-0.251,-0.666,-0.2537,0.6317,-0.6713,0.2745,2047
20,-0.2847,-0.6118,-0.2769,0.6564,-0.4634,0.2248,2039
20,-0.2073,-0.6577,-0.2847,0.6894,-0.4473,0.2169,2042
20,-0.1787,-0.6401,-0.2939,0.6747,-0.4204,0.2735,2044
20,-0.2161,-0.6707,-0.366,0.5919,-0.3754,0.296,2049
20,-0.2461,-0.7461,-0.3657,0.5717,-0.3324,0.2593,2045
20,-0.2544,-0.7988,-0.2866,0.4699,-0.3558,0.2027,2045
20,-0.1213,-0.8582,-0.2654,0.276,-0.8677,0.1294,2034
20,-0.0754,-0.7859,-0.4304,0.5931,-0.4746,0.2409,2040
20,0.0288,-0.7942,-0.4834,0.6526,-0.5389,0.3613,2047
20,0.0212,-0.8345,-0.5383,0.6453,-0.4337,0.44,2042
20,-0.0449,-0.9041,-0.5562,0.6441,-0.4087,0.477,2043
20,-0.0786,-0.929,-0.5137,0.6344,-0.4436,0.4826,2052
20,-0.0691,-0.9668,-0.4829,0.6345,-0.4236,0.4795,2034
20,-0.0659,-0.978,-0.4822,0.6703,-0.475,0.5055,2044
20,-0.0479,-0.9573,-0.521,0.7462,-0.5478,0.5576,2040
21,-0.0725,-1.0054,-0.5669,0.7995,-0.5332,0.6138,2038
21,-0.0942,-1.0476,-0.5898,0.8291,-0.4598,0.6695,2040
21,-0.1233,-1.0503,-0.5933,0.8111,-0.4051,0.6809,2042
21,-0.1313,-1.0554,-0.5232,0.7927,-0.3687,0.6518,2043
21,-0.134,-1.0747,-0.449,0.7565,-0.3573,0.6315,2038
21,-0.1475,-1.0798,-0.4163,0.7272,-0.3366,0.6347,2038
21,-0.0818,-1.0396,-0.4456,0.754,-0.3791,0.6861,2038
21,-0.0049,-1.022,-0.5168,0.823,-0.4188,0.7594,2044
21,0.0376,-1.0586,-0.5845,0.8546,-0.394,0.8179,2050
21,-0.0986,-1.137,-0.6018,0.597,-0.4469,0.6894,2035
21,-0.2153,-1.0461,-0.6299,0.7147,-0.4639,0.3558,2045
21,-0.1799,-0.9766,-0.0398,0.4079,-1.1152,0.5935,2037
21,0.0757,-0.9741,-0.5999,0.5087,0.1105,1.0907,2039
21,-0.1223,-1.1873,-0.6321,0.9416,0.0403,0.9054,2033
21,-0.0063,-1.1519,-0.5962,0.6197,-0.3228,0.8568,2059
21,0.0789,-1.1985,-0.6299,0.8062,-0.2108,0.8863,2036
21,0.0278,-1.2632,-0.7612,0.3464,-0.1606,0.8457,2032
21,-0.1494,-1.2676,-0.6311,0.5091,0.0333,0.7,2027
21,-0.2161,-1.3333,-0.4275,0.4128,-0.1989,0.6518,2040
21,-0.2671,-1.2874,-0.3953,0.1939,-0.2286,0.5968,2032
21,-0.4395,-1.2573,-0.488,0.1117,-0.0273,0.4759,2030
21,-0.5498,-1.2275,-0.4189,-0.02,0.1633,0.3333,2041
21,-0.4993,-1.24,-0.2979,-0.2416,0.3051,0.1991,2043
21,-0.4302,-1.1199,-0.2419,-0.387,0.445,0.0965,2040
21,-0.3755,-1.0208,-0.2112,-0.5237,0.5344,-0.0714,2046
21,-0.2861,-0.967,-0.1807,-0.7208,0.4694,-0.2381,2051
21,-0.2366,-0.9216,-0.1223,-0.8464,0.4581,-0.3546,2045
21,-0.1755,-0.8901,-0.1375,-0.9536,0.4956,-0.4734,2036
21,-0.1123,-0.8733,-0.1746,-0.9861,0.4987,-0.5466,2050
21,-0.0435,-0.8733,-0.2197,-0.9653,0.5015,-0.587,2044
21,-0.0037,-0.8792,-0.2795,-0.9524,0.5525,-0.5952,2040
21,-0.0261,-0.9067,-0.2854,-0.9488,0.5843,-0.6369,2032
21,-0.0491,-0.9429,-0.2551,-0.9439,0.5794,-0.6679,2045
21,-0.0088,-0.9133,-0.2383,-0.8894,0.5657,-0.6966,2045
21,0.002,-0.9211,-0.252,-0.8251,0.5885,-0.6878,2039
21,-0.0256,-0.9155,-0.2825,-0.7586,0.5706,-0.6618,2041
21,-0.061,-0.9048,-0.2891,-0.719,0.5105,-0.6548,2048
21,-0.0945,-0.9268,-0.2737,-0.6865,0.5171,-0.6376,2046
21,-0.0986,-0.9128,-0.2639,-0.6375,0.4928,-0.6473,2041
21,-0.092,-0.9192,-0.2493,-0.6292,0.453,-0.644,2043
21,-0.1038,-0.8733,-0.2344,-0.5914,0.4401,-0.6508,2041
21,-0.1179,-0.8926,-0.1785,-0.592,0.4402,-0.6751,2045
21,-0.0906,-0.8765,-0.1604,-0.5196,0.351,-0.6936,2032
21,-0.054,-0.8484,-0.1587,-0.5408,0.4148,-0.6513,2038
21,-0.0439,-0.8469,-0.1904,-0.5125,0.4295,-0.6128,2042
21,-0.0491,-0.8303,-0.1492,-0.4842,0.379,-0.6052,2044
21,-0.054,-0.8125,-0.147,-0.4811,0.2779,-0.6177,2040
21,-0.0911,-0.8379,-0.1304,-0.5123,0.3063,-0.6385,2043
21,-0.0981,-0.8042,-0.1167,-0.5043,0.4004,-0.6373,2041
21,-0.0686,-0.7942,-0.1353,-0.4428,0.4829,-0.6321,2041
21,0.0125,-0.7749,-0.1633,-0.24,0.499,-0.5877,2039
21,0.1108,-0.7656,-0.2188,-0.1068,0.4661,-0.5012,2039
21,0.1252,-0.8237,-0.2549,-0.0499,0.4629,-0.4085,2042
21,0.1296,-0.8428,-0.2534,-0.0538,0.4522,-0.3297,2036
21,0.0889,-0.8647,-0.2388,-0.0848,0.4284,-0.2895,2044
21,0.0513,-0.8691,-0.2378,-0.1075,0.4264,-0.2587,2038
21,0.0632,-0.8545,-0.2307,-0.0948,0.4599,-0.2236,2042
21,0.051,-0.8542,-0.2234,-0.0248,0.4968,-0.1661,2041
21,0.052,-0.8748,-0.2336,0.0742,0.5038,-0.0605,2047
21,0.0576,-0.9023,-0.2844,0.1884,0.5043,0.0455,2048
21,0.0325,-0.9258,-0.3091,0.2121,0.4587,0.1297,2041
21,0.0098,-0.9517,-0.3601,0.2028,0.3992,0.1723,2044
21,-0.0173,-0.9858,-0.3711,0.1967,0.3795,0.1981,2050
21,-0.0332,-1.0139,-0.3638,0.1575,0.3489,0.2068,2039
21,-0.0581,-1.0476,-0.3538,0.1236,0.3065,0.2282,2042
21,-0.0742,-1.0874,-0.3674,0.136,0.2939,0.2754,2043
21,-0.0688,-1.126,-0.4067,0.1879,0.2642,0.3541,2047
21,-0.0562,-1.1506,-0.4272,0.1972,0.2225,0.4549,2037
21,-0.0618,-1.1562,-0.4678,0.1926,0.1704,0.5413,2043
21,-0.0498,-1.1047,-0.4912,0.1497,0.1244,0.5943,2040
21,-0.0454,-1.0969,-0.4834,0.0723,0.0989,0.5887,2035
21,-0.1284,-1.2751,-0.4392,-0.0819,0.2148,0.5091,2036
21,-0.0242,-1.3262,-0.4878,-0.1341,0.1655,0.5633,2044
21,-0.062,-1.3311,-0.448,-0.0728,0.0447,0.4988,2046
21,0.1382,-1.2388,-0.5247,-0.1242,-0.4896,0.5655,2040
21,0.1514,-1.1404,-0.6836,-0.2514,-0.5185,0.7634,2034
21,0.1697,-1.1753,-0.8267,0.0141,-0.4955,0.8427,2043
21,-0.1001,-1.2373,-0.8506,0.0519,-0.3554,0.6347,2050
21,-0.2104,-1.3291,-0.8589,0.1262,-0.0517,0.4011,2036
21,-0.0452,-1.3289,-0.8267,0.1175,0.4392,0.3481,2036
21,0.1279,-1.2227,-0.6553,0.1009,0.9005,0.4243,2033
21,0.0356,-1.2036,-0.5037,0.0498,1.0991,0.4679,2046
21,-0.0227,-1.1414,-0.3721,-0.0581,0.9934,0.4173,2038
21,-0.0603,-0.998,-0.3074,-0.1226,0.8451,0.3791,2038
21,-0.1345,-0.8445,-0.2351,-0.1446,0.7356,0.3294,2037
21,-0.2102,-0.792,-0.2175,-0.2547,0.607,0.1926,2036
21,-0.2993,-0.7385,-0.2212,-0.2788,0.6018,0.0453,2037
21,-0.3118,-0.7002,-0.2256,-0.2922,0.5727,-0.1043,2040
21,-0.2773,-0.7065,-0.2444,-0.2847,0.5566,-0.2515,2044
21,-0.231,-0.7175,-0.2925,-0.1888,0.5548,-0.3345,2044
21,-0.1675,-0.7517,-0.3694,-0.1337,0.5205,-0.3874,2042
21,-0.1313,-0.7988,-0.4275,-0.121,0.5024,-0.4149,2045
21,-0.1169,-0.8323,-0.4268,-0.128,0.4731,-0.4396,2041
21,-0.1062,-0.8716,-0.3948,-0.1505,0.4265,-0.4482,2041
21,-0.0942,-0.8855,-0.3594,-0.155,0.3948,-0.4349,2047
21,-0.0752,-0.9067,-0.3521,-0.1262,0.3907,-0.402,2041
21,-0.0701,-0.9487,-0.3376,-0.0907,0.4422,-0.3223,2046
21,-0.0713,-0.9534,-0.3369,-0.0526,0.4809,-0.2541,2032
22,-0.0557,-0.9377,-0.3323,-0.0292,0.5168,-0.181,2046
22,-0.0522,-0.9221,-0.3274,-0.0513,0.5343,-0.1499,2040
22,-0.0496,-0.875,-0.3152,-0.0694,0.5243,-0.1525,2039
22,-0.0374,-0.8557,-0.2959,-0.067,0.4746,-0.1888,2038
22,-0.0181,-0.8313,-0.3064,-0.0374,0.3794,-0.2073,2039
22,-0.0095,-0.8237,-0.3333,-0.0093,0.3139,-0.1838,2046
22,-0.0044,-0.7913,-0.3589,0.0246,0.2771,-0.1658,2038
22,-0.0042,-0.7742,-0.3486,0.0393,0.2553,-0.1731,2043
22,-0.0071,-0.7612,-0.3403,0.029,0.2349,-0.1942,2040
22,-0.0137,-0.762,-0.3081,0.0146,0.2408,-0.2141,2041
22,-0.0222,-0.7417,-0.2769,0.0043,0.2627,-0.222,2041
22,-0.0332,-0.7393,-0.2778,0.0093,0.2776,-0.2147,2043
22,-0.0513,-0.7332,-0.2874,0.0542,0.2958,-0.1792,2048
22,-0.0378,-0.748,-0.3091,0.114,0.3095,-0.124,2041
22,-0.0366,-0.7754,-0.3284,0.1168,0.3284,-0.0525,2037
22,-0.05,-0.782,-0.3496,0.0932,0.3766,-0.004,2043
22,-0.0491,-0.7578,-0.3501,0.0547,0.4125,0.0245,2033
22,-0.0369,-0.7188,-0.3557,0.0312,0.4422,0.0523,2045
22,-0.0237,-0.7063,-0.3552,0.0561,0.4681,0.0615,2042
22,-0.0183,-0.7261,-0.3853,0.1065,0.5722,0.1354,2038
22,-0.0154,-0.7239,-0.3955,0.1296,0.6308,0.2071,2041
22,-0.0078,-0.7134,-0.439,0.2135,0.4552,0.1887,2039
22,0.0437,-0.7627,-0.4553,0.2597,0.2297,0.1563,2049
22,0.0002,-0.8096,-0.4585,0.2428,0.0915,0.149,2043
22,-0.0305,-0.8535,-0.4609,0.2356,0.0048,0.1738,2045
22,-0.0679,-0.8716,-0.4778,0.2523,-0.065,0.2165,2049
22,-0.0918,-0.8828,-0.4873,0.3101,-0.0481,0.3157,2040
22,-0.0664,-0.9216,-0.5249,0.4063,-0.0089,0.394,2041
22,-0.052,-0.9504,-0.5298,0.4947,0.0642,0.5185,2040
22,-0.0117,-1.0027,-0.5237,0.4807,-0.0214,0.5774,2043
22,0.0073,-0.9963,-0.5002,0.5099,0.0372,0.697,2046
22,0.051,-0.9929,-0.4546,0.4896,0.0096,0.7312,2038
22,0.0728,-0.9954,-0.4028,0.4593,-0.0202,0.8027,2044
22,0.0889,-1.0198,-0.3997,0.4461,-0.0747,0.8545,2046
22,0.0781,-1.0688,-0.4282,0.4719,-0.1161,0.8777,2048
22,0.0723,-1.1338,-0.4583,0.4738,-0.1491,0.8947,2037
22,0.0593,-1.1699,-0.4688,0.4279,-0.2456,0.86,2038
22,-0.0186,-1.2354,-0.4497,0.4677,-0.1891,0.7698,2035
22,-0.0625,-1.1931,-0.4993,0.4179,-0.1398,0.7232,2040
22,-0.0681,-1.1492,-0.397,0.3701,-0.2623,0.6231,2039
22,0.0037,-1.0925,-0.4126,0.3781,-0.2342,0.5739,2040
22,0.1082,-1.0149,-0.4478,0.5749,-0.0088,0.7633,2037
22,0.2607,-1.0281,-0.4548,0.5141,-0.032,0.8807,2048
22,0.269,-1.1338,-0.5117,0.5007,-0.0611,0.8704,2051
22,0.1938,-1.1707,-0.5195,0.4583,-0.1201,0.824,2034
22,0.157,-1.1072,-0.5088,0.3919,0.0121,0.7866,2049
22,0.1433,-1.2024,-0.4714,0.3634,-0.0579,0.5995,2041
22,0.0845,-1.2319,-0.5134,0.351,-0.1368,0.4946,2043
22,-0.0054,-1.2883,-0.5161,0.3822,-0.1135,0.4553,2041
22,-0.084,-1.3293,-0.4805,0.3428,-0.1328,0.3742,2039
22,-0.1287,-1.3264,-0.4985,0.1932,-0.0794,0.2894,2039
22,-0.1455,-1.2112,-0.4961,0.1595,0.0479,0.2232,2041
22,-0.1873,-1.1506,-0.4468,0.1091,0.1798,0.1416,2042
22,-0.1848,-1.1375,-0.4492,-0.021,0.163,0.0238,2040
22,-0.1504,-1.0781,-0.436,-0.159,0.0811,-0.0534,2042
22,-0.1824,-0.9912,-0.4678,-0.2613,0.0818,-0.0728,2048
22,-0.2573,-0.9229,-0.4563,-0.2649,0.228,-0.0949,2045
22,-0.2725,-0.8779,-0.3921,-0.3269,0.4389,-0.1617,2044
22,-0.2085,-0.7986,-0.3162,-0.3661,0.5934,-0.2582,2024
22,-0.0991,-0.7712,-0.2153,-0.4042,0.6138,-0.4018,2036
22,0.0237,-0.7983,-0.189,-0.4735,0.5281,-0.5521,2039
22,0.1104,-0.8665,-0.168,-0.5514,0.4027,-0.6533,2046
22,0.115,-0.9192,-0.176,-0.6142,0.2798,-0.6946,2041
22,0.0674,-0.9119,-0.1938,-0.6474,0.1397,-0.7215,2042
22,0.0366,-0.9534,-0.2222,-0.7413,0.0075,-0.7716,2044
22,0.0117,-0.9602,-0.2234,-0.7649,0.0224,-0.7849,2047
22,-0.0266,-0.9451,-0.2087,-0.7879,0.0831,-0.8007,2042
22,-0.0596,-0.9492,-0.2305,-0.8283,0.1244,-0.8207,2039
22,-0.0593,-0.9429,-0.2651,-0.8112,0.1465,-0.8079,2036
22,-0.0325,-0.9045,-0.3254,-0.74,0.1573,-0.7778,2044
22,-0.0005,-0.8872,-0.3694,-0.6572,0.2168,-0.717,2040
22,0.0242,-0.8882,-0.3718,-0.6305,0.2931,-0.6668,2041
22,0.0181,-0.895,-0.3503,-0.6256,0.3326,-0.6514,2039
22,0.0156,-0.9058,-0.3457,-0.6279,0.3268,-0.6496,2043
22,0.032,-0.9104,-0.3091,-0.6403,0.3096,-0.6508,2040
22,0.0435,-0.8975,-0.2593,-0.6335,0.3193,-0.6446,2038
22,0.0342,-0.8877,-0.2229,-0.6333,0.324,-0.6296,2040
22,0.019,-0.8884,-0.1965,-0.6106,0.332,-0.6026,2041
22,-0.0029,-0.8782,-0.1709,-0.5697,0.3354,-0.5871,2037
22,-0.0078,-0.8777,-0.188,-0.5454,0.3693,-0.5662,2040
22,-0.0095,-0.865,-0.1833,-0.5453,0.4525,-0.5412,2041
22,-0.0002,-0.8513,-0.1694,-0.5665,0.5534,-0.5184,2041
22,0.012,-0.835,-0.1538,-0.5846,0.6349,-0.4998,2042
22,0.0295,-0.8047,-0.1643,-0.5456,0.6711,-0.4856,2042
22,0.0828,-0.7654,-0.1926,-0.4709,0.6621,-0.4501,2041
22,0.1094,-0.7605,-0.2126,-0.4428,0.6429,-0.3816,2038
22,0.1147,-0.7664,-0.23,-0.4485,0.6203,-0.3027,2047
22,0.094,-0.7681,-0.2388,-0.4762,0.6223,-0.2577,2040
22,0.0835,-0.7712,-0.2234,-0.5408,0.6296,-0.2156,2037
22,0.0559,-0.7485,-0.2268,-0.5621,0.6536,-0.177,2038
22,0.0579,-0.7241,-0.2327,-0.5639,0.6613,-0.1361,2042
22,0.0737,-0.719,-0.2659,-0.5179,0.6556,-0.0754,2038
22,0.092,-0.7361,-0.3176,-0.4753,0.6421,0.0109,2039
22,0.0864,-0.7476,-0.3481,-0.4456,0.6516,0.1244,2044
22,0.0813,-0.7686,-0.4053,-0.3807,0.6653,0.2356,2040
22,0.0957,-0.8376,-0.4341,-0.3393,0.6147,0.277,2043
22,0.1287,-0.8821,-0.4319,-0.3065,0.5512,0.3195,2049
22,0.1492,-0.8613,-0.4705,-0.2362,0.4161,0.3703,2040
22,0.189,-0.8386,-0.4863,-0.1455,0.1675,0.3923,2038
22,0.1858,-0.8635,-0.4717,-0.1012,-0.059,0.4469,2044
22,0.1553,-0.9358,-0.4321,-0.1048,-0.1325,0.5112,2045
22,-0.0376,-0.9048,-0.4475,-0.0144,0.1594,0.7277,2045
22,-0.1064,-1.0989,-0.4119,-0.0968,0.3623,0.5669,2043
22,-0.0479,-1.1372,-0.3809,-0.1111,0.3278,0.4682,2039
22,0.0999,-1.2358,-0.2222,-0.2595,-0.1139,0.3966,2043
22,0.1831,-1.0823,-0.2874,-0.3806,-0.3514,0.664,2036
22,0.1475,-1.0171,-0.4368,-0.3605,-0.0197,1.1023,2044
22,0.2742,-1.0139,-0.5459,-0.2229,0.0772,1.2994,2044
22,0.3103,-1.0181,-0.6306,-0.3625,0.0085,1.2656,2046
22,0.249,-1.1367,-0.5984,-0.316,-0.194,1.0515,2047
22,0.343,-1.1545,-0.6528,-0.4587,-0.257,1.0041,2038
22,0.3994,-1.137,-0.6938,-0.4416,-0.3203,1.0431,2041
22,0.3743,-1.1519,-0.7073,-0.3265,-0.3579,0.9918,2041
22,0.2646,-1.2014,-0.7395,-0.2123,-0.3522,1.0083,2035
22,0.1006,-1.269,-0.739,-0.1498,-0.2944,0.885,2035
22,0.1135,-1.2793,-0.7554,-0.0774,-0.0862,0.7407,2031
22,0.2307,-1.2598,-0.748,0.0128,0.2786,0.6337,2032
22,0.3208,-1.2461,-0.6941,0.2015,0.6367,0.6709,2028
22,0.2949,-1.1904,-0.646,0.3294,0.7793,0.6819,2038
22,0.2627,-1.1455,-0.6401,0.2894,0.7372,0.6397,2046
22,0.1042,-1.1934,-0.5979,0.1772,0.696,0.5837,2044
22,-0.0693,-1.2122,-0.5627,0.0466,0.7111,0.5267,2048
22,-0.1733,-1.0884,-0.5681,-0.0361,0.7291,0.4643,2040
23,-0.1951,-0.9524,-0.5525,-0.0511,0.8004,0.3404,2033
23,-0.1343,-0.8589,-0.5332,-0.0369,0.7441,0.179,2039
23,-0.0867,-0.8008,-0.5276,-0.0012,0.6329,0.0924,2039
23,-0.0679,-0.7507,-0.5227,0.0297,0.5847,0.0511,2037
23,-0.0618,-0.7024,-0.5107,0.022,0.5094,-0.0013,2035
23,-0.0469,-0.6692,-0.4897,0.0045,0.3205,-0.1053,2043
23,-0.0505,-0.6506,-0.4934,-0.0073,0.1281,-0.1997,2045
23,-0.054,-0.6479,-0.4873,0.0181,-0.0313,-0.2754,2045
23,-0.0569,-0.6775,-0.4636,0.0317,-0.1786,-0.3278,2036
23,-0.0725,-0.6831,-0.5005,0.0502,-0.3229,-0.3678,2040
23,-0.0896,-0.7314,-0.5281,0.0949,-0.4,-0.3769,2042
23,-0.0833,-0.78,-0.5383,0.1228,-0.4038,-0.3796,2039
23,-0.0603,-0.7942,-0.5505,0.1519,-0.3646,-0.3761,2042
23,-0.0144,-0.7888,-0.5483,0.1509,-0.3051,-0.3666,2038
23,0.0278,-0.7908,-0.52,0.1679,-0.2762,-0.3743,2040
23,0.0552,-0.8455,-0.4731,0.1645,-0.2637,-0.3581,2040
23,0.0642,-0.8652,-0.4585,0.1627,-0.2782,-0.3298,2034
23,0.0654,-0.8379,-0.4263,0.1603,-0.3,-0.3155,2041
23,0.0654,-0.804,-0.4102,0.1426,-0.3073,-0.3224,2041
23,0.0686,-0.7637,-0.3804,0.1446,-0.3,-0.348,2040
23,0.0608,-0.751,-0.3638,0.1378,-0.2871,-0.3689,2039
23,0.052,-0.74,-0.3364,0.1252,-0.278,-0.3955,2046
23,0.0413,-0.7161,-0.3052,0.1188,-0.2662,-0.4024,2044
23,0.0149,-0.6938,-0.2944,0.1333,-0.2365,-0.4275,2042
23,0.0042,-0.6694,-0.2935,0.1641,-0.1959,-0.4565,2040
23,0.009,-0.6758,-0.3252,0.1891,-0.1317,-0.4647,2042
23,0.0146,-0.6873,-0.3662,0.2309,-0.0553,-0.451,2035
23,0.009,-0.6924,-0.4058,0.2617,0.0149,-0.428,2038
23,0.0051,-0.696,-0.4436,0.2919,0.0672,-0.3988,2041
23,0.0083,-0.7073,-0.4802,0.3215,0.1147,-0.3611,2043
23,0.0078,-0.7222,-0.4817,0.3466,0.1575,-0.3179,2044
23,0.0081,-0.7434,-0.4736,0.3366,0.1975,-0.2695,2041
23,0.0071,-0.7622,-0.4497,0.3333,0.2123,-0.2213,2036
23,0.0093,-0.7493,-0.4207,0.3541,0.1802,-0.1606,2044
23,0.01,-0.7407,-0.4114,0.3618,0.1196,-0.1095,2038
23,0.0125,-0.752,-0.4077,0.3461,0.061,-0.057,2040
23,0.0002,-0.7542,-0.4229,0.338,0.0417,-0.0178,2043
23,-0.0063,-0.7627,-0.4202,0.3219,-0.0136,0.0132,2043
23,-0.0173,-0.7837,-0.4353,0.3191,-0.0964,0.0364,2044
23,-0.022,-0.8325,-0.4678,0.3285,-0.1878,0.0597,2039
23,-0.0029,-0.8633,-0.4905,0.3533,-0.3006,0.1031,2041
23,0.0049,-0.9109,-0.5522,0.3755,-0.4087,0.1724,2040
23,0.03,-0.9504,-0.593,0.4092,-0.5111,0.247,2042
23,0.0425,-0.9507,-0.5962,0.4382,-0.5994,0.3353,2039
23,0.0564,-0.9426,-0.562,0.448,-0.6805,0.4228,2037
23,0.0867,-0.9177,-0.5137,0.4514,-0.7343,0.5168,2040
23,0.1082,-0.9182,-0.4417,0.4646,-0.7317,0.6151,2041
23,0.1228,-0.9492,-0.3792,0.4525,-0.7361,0.6849,2040
23,0.1409,-1.0251,-0.3645,0.4012,-0.805,0.7225,2047
23,0.0952,-1.1177,-0.3757,0.3454,-0.8495,0.7621,2045
23,0.0493,-1.1895,-0.418,0.2746,-0.8468,0.7874,2039
23,-0.0134,-1.2063,-0.4788,0.2476,-0.8098,0.7909,2037
23,-0.05,-1.1833,-0.5427,0.2642,-0.7288,0.7837,2047
23,-0.0796,-1.1536,-0.5754,0.3271,-0.5689,0.7497,2038
23,-0.0498,-1.0886,-0.6042,0.396,-0.4089,0.7321,2037
23,0.0149,-1.0771,-0.6375,0.4781,-0.2843,0.6893,2029
23,0.0569,-1.1111,-0.6235,0.5592,-0.1434,0.6867,2050
23,0.1555,-1.189,-0.5654,0.5577,-0.1401,0.6982,2042
23,0.1873,-1.269,-0.5376,0.4625,-0.1758,0.7652,2032
23,0.1733,-1.2834,-0.5107,0.3116,-0.2859,0.8052,2041
23,0.1062,-1.1536,-0.4939,0.1828,-0.4116,0.8028,2043
23,0.0532,-1.0234,-0.4304,0.1308,-0.4841,0.6753,2048
23,0.0071,-1.0632,-0.3687,0.0688,-0.4221,0.5257,2040
23,-0.0566,-1.0784,-0.3794,0.016,-0.2727,0.4661,2046
23,-0.1187,-1.0435,-0.4312,-0.0238,-0.1712,0.3757,2038
23,-0.1284,-0.9717,-0.5396,-0.004,-0.1292,0.2764,2035
23,-0.0767,-0.9641,-0.6162,0.0049,-0.1386,0.124,2044
23,-0.0212,-1.0564,-0.6338,-0.0439,-0.1313,-0.0108,2046
23,0.0125,-1.0967,-0.6279,-0.0758,-0.0887,-0.0245,2041
23,0.0737,-1.0469,-0.625,-0.0964,-0.2083,-0.0566,2038
23,0.0,-0.9829,-0.5754,-0.1694,-0.2401,-0.1107,2038
23,-0.0178,-0.9751,-0.5046,-0.2238,-0.2699,-0.2131,2038
23,-0.0574,-0.9675,-0.3735,-0.2591,-0.2685,-0.2215,2034
23,-0.0718,-0.8708,-0.2571,-0.3104,-0.2871,-0.296,2038
23,-0.0654,-0.8347,-0.2075,-0.3172,-0.3623,-0.3846,2042
23,-0.0457,-0.8479,-0.1763,-0.3196,-0.3939,-0.4698,2047
23,-0.0225,-0.9243,-0.1406,-0.336,-0.3775,-0.5195,2047
23,-0.0303,-0.9646,-0.1348,-0.4524,-0.3521,-0.534,2032
23,-0.0261,-0.9116,-0.1672,-0.5173,-0.3414,-0.5446,2036
23,0.0334,-0.8235,-0.2041,-0.499,-0.3686,-0.5762,2043
23,0.0891,-0.7808,-0.2395,-0.4609,-0.4167,-0.5998,2041
23,0.1003,-0.8101,-0.2612,-0.4422,-0.4077,-0.5746,2046
23,0.0732,-0.8403,-0.2781,-0.441,-0.3579,-0.5244,2045
23,0.0432,-0.8464,-0.3032,-0.4315,-0.3071,-0.4655,2041
23,0.0361,-0.8115,-0.3262,-0.4164,-0.2675,-0.4221,2038
23,0.0383,-0.7839,-0.2896,-0.385,-0.1939,-0.414,2040
23,0.031,-0.8057,-0.2305,-0.3607,-0.1061,-0.4091,2037
23,0.0242,-0.8201,-0.2068,-0.3425,-0.0575,-0.4065,2038
23,0.0225,-0.8174,-0.1821,-0.3084,-0.0711,-0.3904,2038
23,0.0039,-0.8105,-0.1592,-0.2831,-0.1099,-0.3899,2047
23,-0.0171,-0.804,-0.1506,-0.2529,-0.1443,-0.3956,2039
24,-0.0361,-0.8105,-0.1411,-0.2408,-0.1309,-0.4143,2047
24,-0.032,-0.8152,-0.1299,-0.2357,-0.1113,-0.4255,2037
24,-0.02,-0.8076,-0.1426,-0.2189,-0.0507,-0.4144,2043
24,0.0032,-0.7815,-0.1736,-0.2354,-0.0067,-0.4046,2043
24,0.0168,-0.7844,-0.2031,-0.2053,0.0218,-0.3831,2044
24,0.0435,-0.8127,-0.2278,-0.2004,0.0149,-0.357,2041
24,0.0464,-0.8357,-0.2505,-0.1633,0.0414,-0.3201,2041
24,0.0549,-0.8455,-0.2637,-0.1541,0.0597,-0.2715,2037
24,0.0552,-0.855,-0.2798,-0.1348,0.0618,-0.2349,2046
24,0.0825,-0.8735,-0.281,-0.1039,0.0566,-0.1844,2039
24,0.072,-0.8787,-0.2891,-0.0746,0.0744,-0.1328,2043
24,0.0886,-0.8999,-0.302,-0.0419,0.0776,-0.0856,2037
24,0.0828,-0.9299,-0.3059,-0.0153,0.0919,-0.0277,2042
24,0.0789,-0.9729,-0.311,-0.0063,0.1123,0.0312,2043
24,0.0725,-0.9951,-0.3042,0.0222,0.1453,0.0844,2041
24,0.0786,-1.0117,-0.3022,0.053,0.1369,0.1325,2040
24,0.0947,-0.9978,-0.3113,0.0931,0.0957,0.1898,2041
24,0.0991,-1.0144,-0.3347,0.1277,0.0461,0.248,2038
24,0.0823,-1.0667,-0.3645,0.1527,0.0075,0.2928,2041
24,0.0657,-1.0945,-0.3794,0.1715,-0.0101,0.3498,2045
24,0.0364,-1.0952,-0.3853,0.1451,-0.0955,0.3814,2039
24,0.0281,-1.0916,-0.3994,0.1469,-0.1673,0.4322,2042
24,0.0178,-1.1133,-0.3914,0.1282,-0.208,0.4649,2047
24,0.0205,-1.1553,-0.3994,0.1037,-0.1983,0.5232,2043
24,0.0107,-1.2017,-0.4236,0.0676,-0.1928,0.5586,2046
24,0.0566,-1.2134,-0.4558,0.0434,-0.2454,0.5888,2042
24,0.1809,-1.1265,-0.5173,0.0142,-0.5401,0.6149,2041
24,-0.043,-1.3608,-0.6511,-0.439,-0.3389,0.5637,2035
24,-0.1204,-1.5051,-0.9033,-0.4761,0.0577,0.4414,2045
24,0.1001,-1.5046,-1.1116,-0.6695,0.6672,-0.0878,2018
24,0.8459,-0.9656,-1.2371,-0.5843,0.7284,-0.7231,2015
24,1.4329,-0.4006,-1.0615,0.1035,0.1165,-0.7589,2033
24,0.9585,-0.969,-0.7476,-0.1447,0.3333,-0.0394,2057
24,0.2344,-1.532,-0.627,-0.2168,0.3867,0.2621,2050
24,-0.1196,-1.6235,-0.5933,-0.3759,0.155,0.072,2033
24,-0.1116,-1.3833,-0.6272,-0.5794,0.0216,-0.1169,2031
24,-0.1309,-1.187,-0.4133,-0.5482,0.5031,-0.0364,2054
24,-0.2192,-1.1206,-0.0955,-0.5225,0.9938,0.2056,2037
24,-0.3079,-1.002,0.0403,-0.5084,0.9806,0.3581,2031
24,-0.4429,-0.7571,-0.0027,-0.3803,0.6833,0.2663,2032
24,-0.4783,-0.6843,-0.1479,-0.2506,0.4326,-0.1209,2046
24,-0.3376,-0.8757,-0.2693,-0.2093,0.5657,-0.3606,2052
24,-0.2266,-1.0139,-0.3469,-0.2413,0.8847,-0.4464,2044
24,-0.1721,-0.9448,-0.4866,-0.2518,0.9814,-0.4843,2038
24,-0.0999,-0.7295,-0.6582,-0.1735,0.7528,-0.5803,2035
24,0.0017,-0.6299,-0.7075,-0.1079,0.3802,-0.6834,2037
24,0.0896,-0.6917,-0.6646,-0.0989,0.1703,-0.7174,2045
24,0.0315,-0.823,-0.5994,-0.1171,0.1442,-0.7043,2036
24,-0.0579,-0.8696,-0.5525,-0.1398,0.0851,-0.655,2044
24,-0.0886,-0.8066,-0.5229,-0.0995,-0.0099,-0.5947,2038
24,-0.0732,-0.7249,-0.4221,-0.0482,-0.0559,-0.5185,2042
24,-0.0657,-0.7197,-0.3486,-0.0439,-0.0188,-0.4797,2035
24,-0.0361,-0.7905,-0.2988,-0.1015,0.0658,-0.4213,2043
24,-0.0457,-0.8423,-0.2656,-0.1971,0.1487,-0.3698,2043
24,-0.0608,-0.8286,-0.3105,-0.2413,0.1927,-0.3032,2037
24,-0.0364,-0.7932,-0.3784,-0.2304,0.1856,-0.2513,2041
24,-0.0129,-0.7444,-0.4404,-0.2013,0.1665,-0.2076,2049
24,0.0059,-0.7529,-0.4734,-0.1763,0.195,-0.1923,2041
24,0.0085,-0.7888,-0.4683,-0.1704,0.248,-0.165,2041
24,0.0039,-0.801,-0.4541,-0.153,0.2641,-0.1436,2047
24,0.0046,-0.7971,-0.4448,-0.1412,0.2025,-0.1245,2040
24,0.01,-0.7581,-0.4182,-0.1434,0.1233,-0.121,2043
24,0.0237,-0.7395,-0.3879,-0.128,0.0903,-0.1123,2049
24,0.0129,-0.7317,-0.3623,-0.1003,0.1079,-0.0952,2045
24,0.0046,-0.7151,-0.3684,-0.087,0.1422,-0.0579,2039
24,0.0042,-0.7029,-0.353,-0.0864,0.1647,-0.0234,2038
24,0.0171,-0.7024,-0.3511,-0.078,0.1892,0.0095,2042
24,0.0266,-0.7271,-0.3601,-0.0886,0.1946,0.0326,2039
24,0.0293,-0.7341,-0.3845,-0.0767,0.2137,0.0855,2039
24,0.0264,-0.7258,-0.4014,-0.0927,0.1992,0.1214,2043
24,0.0391,-0.7065,-0.4199,-0.0643,0.1545,0.1646,2038
24,0.0366,-0.7322,-0.4373,-0.0451,0.137,0.2139,2043
24,0.0422,-0.7751,-0.4297,-0.0479,0.1262,0.2474,2041
24,0.0439,-0.7688,-0.4785,-0.0201,0.1288,0.324,2040
24,0.0371,-0.7507,-0.5007,-0.0128,0.0983,0.3529,2036
24,0.0413,-0.7778,-0.5396,0.0308,0.0501,0.384,2045
24,0.0474,-0.8323,-0.5491,0.0578,0.0003,0.4104,2038
24,0.0432,-0.9019,-0.5637,0.09,-0.0551,0.4598,2046
24,0.0364,-0.9517,-0.5906,0.1208,-0.1357,0.5241,2042
24,0.0342,-0.9587,-0.5959,0.1613,-0.2128,0.6181,2044
24,0.0371,-0.9622,-0.6118,0.1888,-0.2623,0.6777,2038
24,0.0405,-0.948,-0.5696,0.225,-0.2725,0.756,2043
24,0.0667,-0.9683,-0.5623,0.2641,-0.2505,0.836,2044
24,0.0728,-0.9824,-0.5383,0.2844,-0.238,0.9457,2044
24,0.073,-0.9668,-0.5417,0.2934,-0.1899,1.0633,2047
24,0.0735,-0.9707,-0.5249,0.2911,-0.1455,1.1399,2046
24,0.073,-0.9893,-0.51,0.2748,-0.0948,1.1889,2037
24,0.0725,-1.0264,-0.5078,0.2513,-0.0558,1.2282,2048
24,0.0327,-1.0803,-0.4951,0.2221,0.0206,1.2633,2050
24,0.0312,-1.1013,-0.5137,0.2574,0.0688,1.2629,2043
24,0.0188,-1.1335,-0.5242,0.2091,0.1087,1.2665,2039
24,0.0117,-1.1174,-0.5457,0.1976,0.1879,1.2475,2039
24,0.0266,-1.104,-0.5454,0.2264,0.2824,1.2162,2042
24,0.085,-1.1545,-0.5654,0.287,0.3421,1.167,2043
24,0.1521,-1.1997,-0.5488,0.232,0.304,1.1609,2041
24,0.1743,-1.1711,-0.5361,0.1337,0.1836,1.1616,2037
24,0.1533,-1.0701,-0.5583,0.0217,0.0855,1.1065,2032
24,0.1653,-1.0332,-0.6157,-0.0048,-0.0466,1.0581,2062
24,0.1687,-1.0479,-0.655,0.0316,-0.0534,1.0642,2037
24,0.115,-1.0854,-0.7007,0.023,0.004,1.0409,2046
24,0.0349,-1.103,-0.7273,0.0309,0.0884,0.959,2030
24,-0.0105,-1.1431,-0.7334,0.0384,0.2021,0.8752,2038
24,-0.0339,-1.1458,-0.6917,0.0502,0.3081,0.7789,2047
24,-0.0232,-1.0684,-0.6355,0.0706,0.3334,0.6706,2042
24,-0.0159,-0.9834,-0.5603,0.0278,0.2824,0.5333,2040
24,0.0293,-0.938,-0.4966,0.0055,-0.0056,0.3069,2046
24,-0.0352,-0.8914,-0.436,-0.0188,-0.2084,0.1827,2039
24,-0.123,-0.8298,-0.3679,-0.1092,-0.3055,0.0645,2039
24,-0.1794,-0.7554,-0.3564,-0.1433,-0.3233,-0.1181,2042
24,-0.1567,-0.6855,-0.3489,-0.1386,-0.2911,-0.2633,2041
24,-0.1104,-0.6519,-0.3716,-0.1405,-0.22,-0.3875,2038
24,-0.0876,-0.6689,-0.3948,-0.1808,-0.132,-0.4817,2040
24,-0.0605,-0.6836,-0.4324,-0.1681,-0.0924,-0.556,2043
24,-0.0215,-0.7046,-0.4419,-0.1803,-0.1357,-0.6392,2039
25,0.0029,-0.7363,-0.45,-0.1719,-0.2111,-0.6982,2033
25,0.0012,-0.7725,-0.4324,-0.1748,-0.2868,-0.7458,2041
25,-0.0076,-0.8391,-0.415,-0.1975,-0.343,-0.8004,2043
25,-0.0154,-0.895,-0.3833,-0.2241,-0.3703,-0.8124,2044
25,-0.02,-0.9316,-0.3828,-0.2816,-0.3711,-0.8417,2040
25,-0.0203,-0.9497,-0.3691,-0.3551,-0.3441,-0.8497,2039
25,-0.0339,-0.926,-0.3862,-0.4119,-0.2715,-0.8521,2041
25,-0.0442,-0.8623,-0.3701,-0.4131,-0.1926,-0.8732,2037
25,-0.0337,-0.8096,-0.354,-0.3811,-0.1334,-0.9214,2044
25,-0.0061,-0.7798,-0.3662,-0.3248,-0.1047,-0.9875,2038
25,0.0369,-0.7986,-0.3572,-0.2533,-0.0838,-1.0178,2046
25,0.0283,-0.8508,-0.3525,-0.2432,-0.0708,-1.0258,2043
25,0.0134,-0.8684,-0.3245,-0.259,-0.0579,-1.0361,2039
25,0.0024,-0.8708,-0.303,-0.2855,-0.0787,-1.0725,2045
25,0.009,-0.8938,-0.2917,-0.2766,-0.0953,-1.0873,2048
25,0.0078,-0.8882,-0.262,-0.3007,-0.0723,-1.0837,2041
25,0.0032,-0.8853,-0.2708,-0.3219,-0.0154,-1.0852,2046
25,0.0215,-0.8706,-0.3003,-0.2726,0.031,-1.0718,2037
25,0.0498,-0.8848,-0.3157,-0.2071,0.1011,-1.0356,2037
25,0.0784,-0.8853,-0.3196,-0.2281,0.1695,-0.9831,2035
25,0.094,-0.8989,-0.3096,-0.2498,0.247,-0.932,2043
25,0.1064,-0.906,-0.2854,-0.3077,0.3081,-0.8842,2041
25,0.0959,-0.907,-0.2744,-0.3547,0.3259,-0.8457,2046
25,0.0703,-0.8784,-0.2976,-0.365,0.363,-0.7871,2037
25,0.0774,-0.8452,-0.3257,-0.3404,0.3236,-0.7324,2032
25,0.0454,-0.8433,-0.3623,-0.3224,0.3832,-0.6392,2046
25,0.0479,-0.8235,-0.3643,-0.3241,0.4717,-0.5691,2044
25,0.0398,-0.8015,-0.3782,-0.298,0.4785,-0.5151,2037
25,0.0386,-0.7964,-0.3701,-0.286,0.5191,-0.4579,2041
25,0.0452,-0.8242,-0.3726,-0.2964,0.526,-0.4026,2040
25,0.0483,-0.8438,-0.3779,-0.3006,0.5119,-0.3255,2044
25,0.0627,-0.8472,-0.3845,-0.3425,0.4309,-0.2519,2036
25,0.0657,-0.7983,-0.4263,-0.324,0.3113,-0.1752,2042
25,0.0715,-0.7781,-0.4285,-0.3123,0.1938,-0.1184,2042
25,0.0989,-0.7874,-0.459,-0.2717,0.0928,-0.0549,2040
25,0.1069,-0.8416,-0.4656,-0.2775,0.0376,0.0153,2042
25,0.093,-0.8674,-0.4751,-0.2764,-0.0063,0.1093,2042
25,0.093,-0.8699,-0.5066,-0.2764,-0.0666,0.19,2039
25,0.1089,-0.8889,-0.5103,-0.261,-0.0988,0.2603,2044
25,0.1191,-0.9585,-0.5059,-0.2622,-0.0896,0.3245,2044
25,0.1177,-1.0327,-0.4988,-0.2879,-0.0485,0.4006,2044
25,0.1045,-1.0671,-0.5276,-0.3009,-0.0602,0.4549,2037
25,0.1069,-1.106,-0.5498,-0.3105,-0.0936,0.5377,2046
25,0.1094,-1.113,-0.5671,-0.3152,-0.1241,0.6034,2042
25,0.1204,-1.0955,-0.5364,-0.3392,-0.1081,0.6703,2040
25,0.1304,-1.1064,-0.5408,-0.3701,-0.1178,0.6707,2042
25,0.1213,-1.1384,-0.5327,-0.3991,-0.126,0.6807,2041
25,0.1555,-1.1755,-0.5591,-0.4042,-0.1378,0.6951,2047
25,0.1313,-1.197,-0.6562,-0.3512,-0.1514,0.7343,2039
25,0.1313,-1.2322,-0.7471,-0.2358,-0.1623,0.7797,2043
25,0.1365,-1.2229,-0.8184,-0.1818,-0.1377,0.8281,2039
25,0.1584,-1.2222,-0.8384,-0.1031,-0.0489,0.8572,2045
25,0.1636,-1.2195,-0.8208,-0.0597,0.0051,0.8766,2039
25,0.1748,-1.2158,-0.7783,-0.0201,0.0499,0.9348,2040
25,0.176,-1.1814,-0.7666,0.006,0.0186,0.9833,2039
25,0.2009,-1.179,-0.7178,0.0025,-0.0589,0.9943,2043
25,0.1697,-1.186,-0.6589,-0.0515,-0.0599,1.0049,2051
25,0.1289,-1.0652,-0.6116,-0.053,-0.0173,1.0347,2034
25,0.053,-0.8936,-0.5439,-0.1192,0.0784,1.0104,2040
25,0.0413,-0.7073,-0.4834,-0.0332,0.0489,0.8821,2032
25,0.0049,-0.6968,-0.3965,0.0427,0.1049,0.7458,2049
25,-0.0647,-0.679,-0.3516,0.0422,0.2466,0.6869,2039
25,-0.1299,-0.5957,-0.373,0.0077,0.3597,0.6027,2042
25,-0.1152,-0.5515,-0.425,0.1039,0.2958,0.4406,2042
25,-0.0911,-0.5999,-0.4905,0.2104,0.335,0.3565,2043
25,-0.083,-0.5908,-0.5623,0.2834,0.3891,0.3027,2050
25,-0.0159,-0.5466,-0.6777,0.3804,0.3494,0.2246,2033
25,0.0835,-0.5894,-0.7368,0.5059,0.2128,0.1539,2049
25,0.1306,-0.7341,-0.7288,0.5144,0.1041,0.1172,2044
25,0.1023,-0.8152,-0.676,0.4283,0.0726,0.1077,2038
25,0.0659,-0.8093,-0.6572,0.3449,0.0225,0.0654,2038
25,0.0718,-0.7739,-0.6235,0.3037,-0.0583,0.0395,2039
25,0.0566,-0.804,-0.5957,0.2932,-0.1016,0.0141,2041
25,0.0208,-0.8716,-0.563,0.2535,-0.0684,-0.023,2038
25,-0.0007,-0.9016,-0.5359,0.2163,-0.0261,-0.061,2034
25,0.0037,-0.8386,-0.5259,0.1795,-0.0202,-0.0989,2043
25,0.0349,-0.7605,-0.5173,0.1486,-0.025,-0.1474,2039
25,0.0708,-0.7104,-0.5115,0.1537,0.0121,-0.2128,2036
25,0.0835,-0.7285,-0.5068,0.1348,0.0759,-0.2432,2043
25,0.0815,-0.7412,-0.5195,0.1421,0.11,-0.2586,2044
25,0.0835,-0.7192,-0.5283,0.1563,0.0875,-0.2764,2039
25,0.1035,-0.6987,-0.5374,0.1746,0.0734,-0.3027,2041
25,0.1194,-0.6719,-0.5183,0.186,0.0814,-0.3239,2044
25,0.1135,-0.6836,-0.4775,0.2003,0.1181,-0.3442,2044
25,0.1018,-0.7227,-0.459,0.2013,0.169,-0.3321,2044
25,0.0864,-0.74,-0.4202,0.1708,0.18,-0.3282,2040
25,0.0664,-0.71,-0.416,0.1441,0.2121,-0.298,2034
25,0.0703,-0.6904,-0.4111,0.1288,0.2356,-0.3024,2040
25,0.0679,-0.7217,-0.4048,0.0992,0.3464,-0.2832,2043
25,0.0779,-0.7197,-0.4082,0.0414,0.4121,-0.2449,2041
25,0.0803,-0.6929,-0.3999,0.014,0.4366,-0.2091,2041
25,0.0735,-0.647,-0.4058,-0.0206,0.4441,-0.1823,2044
25,0.072,-0.6311,-0.3914,-0.066,0.4601,-0.1646,2041
25,0.0679,-0.614,-0.3845,-0.1135,0.4697,-0.1341,2040
25,0.0371,-0.5969,-0.4304,-0.1178,0.5103,-0.1068,2045
25,0.0344,-0.5918,-0.4529,-0.124,0.5316,-0.0912,2048
25,0.0405,-0.5835,-0.4846,-0.089,0.4934,-0.0868,2043
25,0.0486,-0.6265,-0.5347,-0.0618,0.4237,-0.0839,2038
25,0.0569,-0.7263,-0.5784,-0.0402,0.343,-0.0714,2045
25,0.0674,-0.8044,-0.6257,-0.0218,0.2557,-0.0401,2034
25,0.0803,-0.8599,-0.6587,0.0004,0.1273,0.0025,2045
25,0.0984,-0.8823,-0.698,0.0228,0.015,0.0582,2039
25,0.1379,-0.9021,-0.6848,0.0346,-0.0743,0.1236,2038
26,0.1687,-0.9373,-0.6641,0.0466,-0.1298,0.1992,2042
26,0.1501,-0.908,-0.6658,0.1152,-0.1298,0.3566,2042
26,0.1357,-1.1106,-0.6008,0.0603,-0.2422,0.2988,2041
26,0.0916,-1.2039,-0.6326,-0.0221,-0.2763,0.1878,2042
26,-0.0168,-0.9778,-0.6462,0.2593,-0.1136,0.28,2040
26,-0.0613,-0.7402,-0.5808,0.1911,-0.2535,0.61,2034
26,-0.0151,-0.9824,-0.3823,0.0716,-0.3948,0.4638,2048
26,0.325,-1.1611,-0.5139,-0.2143,-0.1533,0.7046,2053
26,0.447,-1.3325,-0.5288,0.0036,0.008,0.9122,2043
26,0.4763,-1.23,-0.4688,-0.2815,-0.265,0.7734,2037
26,0.2585,-0.8999,-0.4543,-0.3983,-0.3799,0.8268,2036
26,0.0618,-0.8374,-0.4341,-0.2894,-0.3892,0.8022,2039
26,-0.0183,-1.0039,-0.363,-0.3219,-0.2376,0.7517,2041
26,-0.103,-1.0527,-0.4395,-0.3317,0.0863,0.7176,2045
26,-0.1086,-0.991,-0.6216,-0.159,0.316,0.7015,2040
26,0.0251,-1.0061,-0.7903,0.0916,0.4907,0.6577,2037
26,0.1755,-1.0996,-0.844,0.2211,0.7124,0.6534,2044
26,0.2727,-1.2209,-0.8423,0.2195,0.9082,0.7138,2047
26,0.2905,-1.2898,-0.8105,0.1617,0.8487,0.7139,2037
26,0.2617,-1.2888,-0.7698,0.0692,0.547,0.6541,2036
26,0.2322,-1.3274,-0.7434,-0.0071,0.1775,0.5594,2040
26,0.1265,-1.3452,-0.7439,-0.0069,0.0197,0.5096,2037
26,0.0247,-1.2646,-0.6914,-0.081,0.053,0.4714,2046
26,-0.0625,-1.1001,-0.6187,-0.1491,0.0963,0.4167,2039
26,-0.136,-0.9429,-0.5322,-0.1838,0.0992,0.291,2037
26,-0.1782,-0.8445,-0.5012,-0.1767,0.0712,0.1605,2041
26,-0.219,-0.7881,-0.5156,-0.1939,0.0523,0.0281,2040
26,-0.2156,-0.7166,-0.5703,-0.1553,0.0005,-0.0999,2043
26,-0.2053,-0.6685,-0.6033,-0.1583,-0.0003,-0.2149,2043
26,-0.1726,-0.6423,-0.6277,-0.1447,-0.0117,-0.3582,2040
26,-0.1223,-0.6577,-0.6213,-0.125,-0.0273,-0.5039,2043
26,-0.082,-0.6704,-0.5806,-0.1093,-0.0542,-0.6337,2041
26,-0.0391,-0.7329,-0.5674,-0.1113,-0.131,-0.7388,2037
26,-0.0256,-0.8582,-0.5745,-0.1334,-0.2095,-0.7934,2043
26,-0.0295,-0.895,-0.5518,-0.1738,-0.2819,-0.8214,2039
26,-0.0308,-0.8269,-0.5464,-0.1828,-0.3713,-0.8451,2045
26,0.0042,-0.7825,-0.5095,-0.1774,-0.4727,-0.9335,2035
26,0.0491,-0.8159,-0.4478,-0.1766,-0.507,-1.011,2043
26,0.0623,-0.8748,-0.3843,-0.2135,-0.455,-1.0094,2042
26,0.0354,-0.855,-0.3557,-0.3052,-0.4268,-0.973,2039
26,0.0173,-0.8271,-0.3735,-0.2974,-0.4337,-0.9875,2036
26,0.0015,-0.8638,-0.3855,-0.2974,-0.3707,-1.0323,2045
26,0.0278,-0.9463,-0.3728,-0.3316,-0.2578,-1.0343,2046
26,0.0327,-0.9077,-0.386,-0.3694,-0.1824,-0.983,2035
26,0.0181,-0.8381,-0.4099,-0.3655,-0.1346,-0.9781,2039
26,0.0398,-0.8352,-0.3784,-0.3408,-0.1276,-1.01,2043
26,0.0464,-0.8684,-0.3909,-0.3309,-0.0788,-1.0365,2041
26,0.0415,-0.8708,-0.387,-0.3356,-0.0061,-0.9993,2039
26,0.0371,-0.8313,-0.4036,-0.3099,0.0433,-0.9626,2038
26,0.073,-0.793,-0.4263,-0.2999,0.0346,-0.9167,2043
26,0.0676,-0.7537,-0.4121,-0.2713,0.0937,-0.8922,2043
26,0.0662,-0.7903,-0.3848,-0.2987,0.091,-0.881,2043
26,0.0676,-0.8435,-0.3508,-0.3345,0.0992,-0.8625,2048
26,0.0415,-0.835,-0.345,-0.3919,0.0451,-0.8192,2038
26,0.0217,-0.8323,-0.3564,-0.4024,0.0154,-0.7794,2043
26,0.0366,-0.7883,-0.3582,-0.4372,-0.026,-0.734,2035
26,0.0266,-0.748,-0.376,-0.4449,0.0256,-0.6755,2043
26,0.0417,-0.6902,-0.3823,-0.4398,0.1159,-0.6051,2042
26,0.0549,-0.6816,-0.3999,-0.4169,0.1328,-0.5727,2039
26,0.0767,-0.7273,-0.3877,-0.4072,0.143,-0.5217,2039
26,0.0693,-0.748,-0.3967,-0.4304,0.1372,-0.4493,2037
26,0.052,-0.7385,-0.4231,-0.4326,0.0738,-0.3743,2039
26,0.0481,-0.7183,-0.4219,-0.4313,0.0068,-0.3059,2042
26,0.0784,-0.72,-0.4175,-0.4311,-0.0606,-0.263,2044
26,0.1013,-0.7217,-0.4104,-0.4026,-0.0627,-0.1658,2041
26,0.1086,-0.679,-0.4023,-0.3919,-0.1226,-0.0921,2042
26,0.1462,-0.697,-0.436,-0.3112,-0.2045,-0.0029,2039
26,0.156,-0.7214,-0.4285,-0.349,-0.2537,0.086,2044
26,0.1528,-0.6877,-0.4458,-0.2927,-0.2611,0.1912,2044
26,0.1704,-0.7034,-0.4575,-0.2863,-0.2851,0.2593,2041
26,0.1858,-0.7302,-0.4744,-0.2654,-0.2891,0.3365,2043
26,0.1824,-0.762,-0.5017,-0.2312,-0.2658,0.4566,2041
26,0.1233,-0.7878,-0.5176,-0.2301,-0.1903,0.54,2043
26,0.1248,-0.925,-0.4922,-0.2452,-0.2409,0.5155,2041
26,0.0535,-0.9692,-0.5103,-0.312,-0.1266,0.571,2040
26,0.0017,-1.0488,-0.4729,-0.3673,-0.1304,0.3943,2040
26,0.0642,-0.9507,-0.5178,-0.4296,-0.1274,0.5506,2039
26,0.123,-0.8176,-0.4333,-0.4132,-0.2436,0.899,2044
26,0.2004,-0.7695,-0.5732,-0.5199,0.0276,1.1801,2050
26,0.2222,-0.8206,-0.7188,-0.2689,0.2938,1.2254,2042
26,0.2324,-0.937,-0.6907,-0.2412,0.2012,1.0895,2036
26,0.2427,-0.9663,-0.6414,-0.3882,0.1096,0.9606,2046
26,0.2363,-0.9214,-0.6492,-0.4417,0.0831,0.9602,2037
26,0.2791,-0.908,-0.5701,-0.5544,0.0695,1.046,2035
26,0.3005,-0.8657,-0.5869,-0.6413,0.1471,1.1705,2051
26,0.3057,-0.8374,-0.6289,-0.5337,0.0497,1.16,2042
26,0.2505,-0.887,-0.5913,-0.4542,-0.1313,1.1101,2038
26,0.2437,-0.9001,-0.6365,-0.5783,-0.0975,0.9989,2047
26,0.416,-0.8743,-0.7449,-0.5127,-0.1229,0.9425,2037
26,0.5508,-0.928,-0.7554,-0.3389,-0.2164,0.8709,2049
26,0.5532,-1.0352,-0.8147,-0.4548,-0.1681,0.8764,2037
26,0.4917,-1.1057,-0.875,-0.541,-0.284,0.8489,2051
26,0.2935,-1.1062,-0.9348,-0.3794,-0.2141,0.747,2043
26,0.2625,-1.1223,-0.9058,-0.118,0.0477,0.5586,2035
26,0.3171,-1.1941,-0.8984,0.0531,0.4043,0.455,2037
26,0.4028,-1.2192,-0.8916,0.1461,0.5414,0.3842,2038
26,0.416,-1.1687,-0.8391,0.2096,0.6546,0.2923,2044
26,0.3762,-1.1646,-0.7732,0.2072,0.7771,0.2021,2037
26,0.2607,-1.1775,-0.7498,0.0972,0.795,0.1698,2039
26,0.1304,-1.0962,-0.7961,0.0232,0.658,0.2,2042
26,0.0105,-0.9546,-0.8389,-0.0109,0.5593,0.1838,2039
26,-0.0605,-0.8174,-0.8699,0.0395,0.5711,0.0599,2039
26,-0.031,-0.7419,-0.8706,0.1009,0.593,-0.0799,2039
26,0.0105,-0.6667,-0.8127,0.1677,0.5382,-0.1686,2036
27,0.031,-0.5945,-0.7566,0.2441,0.3643,-0.2678,2039
27,0.0471,-0.5615,-0.7234,0.3199,0.1478,-0.3729,2040
27,0.0452,-0.6226,-0.6724,0.3639,0.0201,-0.4113,2047
27,0.0146,-0.6494,-0.6421,0.3566,-0.0734,-0.4666,2037
27,-0.0156,-0.5896,-0.6445,0.3216,-0.1888,-0.5149,2043
27,-0.0139,-0.5842,-0.6421,0.3851,-0.2388,-0.5797,2051
27,0.0063,-0.6165,-0.6167,0.4205,-0.2083,-0.6645,2042
27,0.002,-0.6804,-0.6006,0.4803,-0.1324,-0.6461,2047
27,0.0125,-0.7168,-0.645,0.4064,-0.198,-0.6526,2036
27,0.0254,-0.7039,-0.7026,0.3638,-0.3083,-0.7115,2055
27,0.0579,-0.6978,-0.7021,0.391,-0.2808,-0.74,2043
27,0.0957,-0.7002,-0.6731,0.345,-0.2682,-0.7637,2052
27,0.0991,-0.6375,-0.6614,0.3261,-0.3117,-0.7731,2039
27,0.1045,-0.6194,-0.6216,0.3093,-0.3305,-0.7974,2038
27,0.095,-0.6375,-0.5847,0.3041,-0.2956,-0.8349,2043
27,0.0955,-0.6516,-0.5786,0.3097,-0.2918,-0.8349,2039
27,0.0989,-0.6472,-0.5857,0.3155,-0.3529,-0.8216,2045
27,0.0872,-0.6387,-0.5894,0.3068,-0.367,-0.8036,2040
27,0.0884,-0.6331,-0.5588,0.275,-0.3091,-0.8024,2050
27,0.0708,-0.6033,-0.5088,0.2456,-0.2832,-0.8425,2043
27,0.0771,-0.646,-0.46,0.2055,-0.286,-0.893,2041
27,0.0649,-0.6978,-0.4341,0.1706,-0.2326,-0.851,2046
27,0.0544,-0.6453,-0.4509,0.1453,-0.2625,-0.7974,2038
27,0.0574,-0.5427,-0.5095,0.189,-0.3217,-0.7767,2038
27,0.0618,-0.54,-0.511,0.1977,-0.1707,-0.7474,2042
27,0.1104,-0.6321,-0.4949,0.1437,-0.0386,-0.7295,2045
27,0.0967,-0.6738,-0.4807,0.0766,0.0336,-0.6438,2045
27,0.0767,-0.6182,-0.4868,0.057,-0.0346,-0.5801,2041
27,0.053,-0.5991,-0.4873,0.0337,-0.1157,-0.5601,2044
27,0.0554,-0.6428,-0.4736,-0.0065,-0.0768,-0.5153,2040
27,0.0566,-0.666,-0.4993,-0.0384,-0.024,-0.448,2045
27,0.0552,-0.6204,-0.5383,-0.0309,-0.0426,-0.3723,2039
27,0.0483,-0.5784,-0.5542,0.0131,-0.0843,-0.3251,2043
27,0.0657,-0.6194,-0.5342,0.019,-0.0507,-0.2875,2046
27,0.0601,-0.6523,-0.5161,-0.0083,0.0064,-0.2217,2039
27,0.0413,-0.6404,-0.5166,-0.0178,-0.0121,-0.1514,2037
27,0.0378,-0.6079,-0.5405,0.0226,-0.0894,-0.1192,2053
27,0.0527,-0.6768,-0.5535,0.0352,-0.1156,-0.0703,2043
27,0.082,-0.7468,-0.5735,0.0041,-0.0908,0.0089,2046
27,0.0732,-0.6975,-0.6084,0.0415,-0.0993,0.0899,2037
27,0.1414,-0.6479,-0.6643,0.1224,-0.2707,0.1457,2035
27,0.2156,-0.687,-0.6948,0.2024,-0.3733,0.2521,2040
27,0.2478,-0.7781,-0.6724,0.2221,-0.3215,0.3974,2040
27,0.2314,-0.8,-0.6467,0.1754,-0.261,0.5412,2040
27,0.1978,-0.7383,-0.5859,0.1409,-0.2784,0.6668,2036
27,0.2065,-0.7402,-0.5059,0.1254,-0.3844,0.7263,2043
27,0.2227,-0.8215,-0.4194,0.0676,-0.4562,0.7862,2046
27,0.1887,-0.8623,-0.4089,-0.0099,-0.4721,0.8676,2037
27,0.1467,-0.9014,-0.467,-0.0385,-0.4655,0.9112,2044
27,0.1577,-0.9514,-0.5664,-0.0372,-0.4132,0.9503,2042
27,0.137,-1.0166,-0.6428,-0.0029,-0.2661,0.9922,2037
27,0.0796,-1.0601,-0.7527,0.0854,-0.028,1.0557,2046
27,0.1343,-1.1143,-0.801,0.1597,0.1308,1.0543,2037
27,0.187,-1.0928,-0.8352,0.2336,0.2125,1.1401,2046
27,0.2822,-1.0522,-0.7751,0.3546,0.169,1.23,2040
27,0.3657,-1.0725,-0.6882,0.3574,-0.0131,1.2303,2047
27,0.3843,-1.0974,-0.5525,0.1995,-0.2421,1.2888,2045
27,0.3389,-1.0278,-0.4666,0.0272,-0.4457,1.3628,2034
27,0.2749,-0.9121,-0.4417,-0.1091,-0.5428,1.4207,2047
27,0.2383,-0.8313,-0.4639,-0.2385,-0.5368,1.4528,2040
27,0.2007,-0.8032,-0.5159,-0.3111,-0.4113,1.4625,2044
27,0.1592,-0.8494,-0.5879,-0.3599,-0.1674,1.497,2044
27,0.1145,-0.8655,-0.6738,-0.3723,0.0694,1.5735,2044
27,0.0894,-0.7341,-0.7468,-0.3011,0.2935,1.6189,2034
27,0.1838,-0.6543,-0.7949,-0.2015,0.383,1.5728,2041
27,0.2559,-0.7063,-0.7986,-0.0684,0.4791,1.4351,2042
27,0.2898,-0.8574,-0.7805,0.0185,0.4669,1.3535,2055
27,0.2693,-0.9734,-0.8208,-0.0138,0.3223,1.1926,2048
27,0.2456,-1.0718,-0.8684,-0.0289,0.0984,1.0511,2037
27,0.168,-1.1169,-0.8799,-0.0601,0.0119,0.9034,2037
27,0.1746,-1.136,-0.8921,-0.2059,-0.1253,0.6821,2042
27,0.2029,-1.0894,-0.9133,-0.3235,-0.3055,0.5662,2044
27,0.1626,-0.9443,-0.9114,-0.3955,-0.4852,0.4067,2036
27,0.1482,-0.8274,-0.9077,-0.4129,-0.7488,0.1916,2043
27,0.0986,-0.8413,-0.9219,-0.3882,-0.872,-0.0137,2038
27,0.0737,-0.8286,-0.9329,-0.2598,-0.8697,-0.2103,2041
27,0.0935,-0.7405,-0.8833,-0.1164,-0.8112,-0.4032,2041
27,0.1016,-0.7668,-0.7905,-0.0226,-0.6042,-0.4755,2036
27,0.113,-0.7664,-0.6958,0.0748,-0.367,-0.5815,2048
27,0.1094,-0.7593,-0.6279,0.0902,-0.2412,-0.7071,2034
27,0.1267,-0.8184,-0.604,0.0723,-0.2428,-0.8433,2046
27,0.1365,-0.9009,-0.5869,0.0582,-0.2561,-0.9299,2047
27,0.0923,-0.8857,-0.553,-0.0009,-0.2587,-1.0151,2042
27,0.0669,-0.8523,-0.5513,-0.072,-0.2461,-1.0853,2034
27,0.0237,-0.8752,-0.5571,-0.1537,-0.2077,-1.1484,2042
27,0.0081,-0.8813,-0.5479,-0.2293,-0.2236,-1.2157,2047
27,-0.0034,-0.7842,-0.5605,-0.278,-0.3161,-1.2814,2029
27,0.0015,-0.6643,-0.5508,-0.2679,-0.3742,-1.3427,2038
27,-0.0073,-0.6316,-0.5327,-0.2203,-0.3816,-1.3938,2042
27,-0.0344,-0.72,-0.4802,-0.2092,-0.3305,-1.4408,2053
27,-0.0425,-0.8225,-0.4468,-0.24,-0.3565,-1.5067,2043
27,-0.0818,-0.8274,-0.4351,-0.3002,-0.3823,-1.5303,2036
27,-0.0808,-0.8135,-0.4297,-0.3217,-0.3942,-1.6076,2039
27,-0.0933,-0.8223,-0.3977,-0.3306,-0.2398,-1.5968,2041
27,-0.0325,-0.8765,-0.3799,-0.3498,-0.2425,-1.7065,2047
27,-0.0332,-0.9043,-0.3921,-0.389,-0.1839,-1.6595,2036
28,-0.0154,-0.8958,-0.4236,-0.44,-0.2313,-1.6321,2043
28,0.0105,-0.8899,-0.4221,-0.5128,-0.2513,-1.5848,2039
28,0.0208,-0.8679,-0.4114,-0.5541,-0.2207,-1.535,2040
28,0.0613,-0.864,-0.4102,-0.598,-0.3223,-1.5679,2037
28,0.041,-0.8501,-0.4011,-0.6614,-0.3545,-1.5327,2036
28,-0.0034,-0.7964,-0.4358,-0.6679,-0.3887,-1.4398,2045
28,-0.0037,-0.7483,-0.4373,-0.662,-0.3609,-1.3892,2040
28,-0.0266,-0.7266,-0.4346,-0.7028,-0.2494,-1.2786,2044
28,-0.0361,-0.6936,-0.4285,-0.6787,-0.1402,-1.235,2042
28,-0.0186,-0.6692,-0.4285,-0.6481,-0.0967,-1.2367,2041
28,-0.019,-0.6926,-0.4355,-0.6578,0.0087,-1.1487,2043
28,0.0229,-0.7534,-0.4331,-0.6858,-0.0055,-1.0973,2041
28,0.0352,-0.738,-0.4626,-0.6867,-0.0443,-1.0045,2040
28,0.0471,-0.6807,-0.5098,-0.642,-0.1206,-0.9248,2051
28,0.0767,-0.6919,-0.5261,-0.5778,-0.1888,-0.8476,2037
28,0.1008,-0.7405,-0.5129,-0.5521,-0.2036,-0.775,2046
28,0.1028,-0.8052,-0.533,-0.548,-0.1955,-0.6682,2038
28,0.0979,-0.79,-0.5674,-0.506,-0.2119,-0.5537,2042
28,0.1265,-0.8042,-0.5642,-0.4342,-0.289,-0.4731,2038
28,0.1833,-0.8423,-0.543,-0.4092,-0.3168,-0.3707,2048
28,0.2185,-0.8555,-0.5139,-0.3934,-0.3048,-0.2384,2042
28,0.2268,-0.8281,-0.5193,-0.3615,-0.3257,-0.1079,2038
28,0.2395,-0.8323,-0.5317,-0.3231,-0.3595,0.0091,2043
28,0.2366,-0.832,-0.5374,-0.3171,-0.3329,0.1372,2039
28,0.2234,-0.8372,-0.5752,-0.2762,-0.2719,0.2714,2049
28,0.2112,-0.8684,-0.6196,-0.2185,-0.2184,0.3847,2044
28,0.1885,-0.9312,-0.6421,-0.2072,-0.1537,0.4833,2037
28,0.0696,-0.9763,-0.7036,-0.2675,0.1105,0.707,2040
28,0.0557,-1.0808,-0.72,-0.3412,0.2962,0.6369,2041
28,0.0315,-1.1292,-0.667,-0.4003,0.3404,0.5871,2035
28,0.0356,-1.074,-0.7161,-0.2766,0.3149,0.5098,2047
28,0.1196,-1.0107,-0.7339,-0.1189,0.2333,0.5019,2026
28,0.2717,-1.0142,-0.8223,-0.3365,0.0012,0.7842,2048
28,0.3176,-1.0591,-1.051,-0.2776,0.1025,1.2129,2050
28,0.3152,-1.0542,-1.1499,-0.0494,0.1715,1.4189,2036
28,0.3047,-1.0168,-1.0676,-0.0465,-0.0302,1.33,2042
28,0.377,-0.9336,-0.9663,-0.1523,-0.3013,1.1099,2045
28,0.3101,-0.8047,-0.9023,-0.1856,-0.1611,1.129,2038
28,0.2581,-0.801,-0.8225,-0.3316,-0.1209,1.1682,2042
28,0.1677,-0.8091,-0.7952,-0.369,-0.1189,1.2856,2046
28,0.0452,-0.7578,-0.8137,-0.3951,0.0816,1.3838,2032
28,-0.001,-0.696,-0.8625,-0.3919,0.2249,1.3946,2035
28,0.0359,-0.6008,-0.9351,-0.24,0.1539,1.2395,2029
28,0.1201,-0.5291,-0.9775,-0.0312,0.1048,1.0833,2049
28,0.1782,-0.5293,-0.9758,0.075,0.1425,1.0353,2036
28,0.1707,-0.5173,-0.9695,0.1155,0.102,0.9845,2038
28,0.167,-0.4509,-0.9187,0.1774,-0.0382,0.8748,2037
28,0.1558,-0.3345,-0.8347,0.2522,-0.234,0.7321,2043
28,0.114,-0.3206,-0.7661,0.2607,-0.329,0.6379,2036
28,0.0464,-0.3723,-0.7363,0.2626,-0.3734,0.5574,2041
28,-0.0369,-0.4089,-0.7156,0.2794,-0.4035,0.4721,2032
28,-0.064,-0.3677,-0.7017,0.3028,-0.4884,0.3446,2045
28,-0.0312,-0.3635,-0.7007,0.3235,-0.608,0.2059,2043
28,0.0195,-0.4575,-0.7095,0.3191,-0.6371,0.1178,2050
28,0.0522,-0.5095,-0.7219,0.2687,-0.6341,0.0836,2042
28,0.0859,-0.4595,-0.7534,0.2713,-0.6715,0.0426,2043
28,0.168,-0.4233,-0.7539,0.341,-0.7256,-0.0104,2051
28,0.2239,-0.4841,-0.7112,0.3611,-0.72,-0.0182,2038
28,0.2087,-0.571,-0.6958,0.3093,-0.6359,0.0193,2040
28,0.1426,-0.606,-0.6748,0.2579,-0.5727,0.0547,2048
28,0.1045,-0.564,-0.6626,0.2637,-0.5388,0.0471,2038
28,0.1143,-0.5278,-0.5969,0.2722,-0.4627,0.0001,2041
28,0.1357,-0.5391,-0.52,0.2675,-0.347,-0.0402,2043
28,0.103,-0.5847,-0.4875,0.2349,-0.2514,-0.038,2045
28,0.0596,-0.6133,-0.5015,0.2081,-0.2594,-0.0537,2044
28,0.0481,-0.5845,-0.5396,0.233,-0.2746,-0.0798,2044
28,0.0627,-0.562,-0.5803,0.2787,-0.2745,-0.138,2037
28,0.0933,-0.5603,-0.5791,0.3076,-0.1872,-0.1586,2040
28,0.0862,-0.5664,-0.5945,0.3362,-0.1007,-0.1465,2042
28,0.0679,-0.5901,-0.6125,0.337,-0.0321,-0.1178,2042
28,0.0688,-0.6162,-0.6431,0.3043,-0.0076,-0.1104,2037
28,0.0691,-0.6113,-0.658,0.2943,0.0124,-0.0882,2047
28,0.0671,-0.5784,-0.678,0.3221,0.0265,-0.0754,2048
28,0.0737,-0.583,-0.6631,0.3397,0.0617,-0.0595,2044
28,0.082,-0.6064,-0.6311,0.2915,0.0694,-0.0124,2042
28,0.0642,-0.6143,-0.6104,0.2498,0.0181,0.0201,2039
28,0.0291,-0.5879,-0.625,0.232,-0.0296,0.0599,2036
28,0.0242,-0.5715,-0.6284,0.2217,-0.1176,0.0471,2036
28,0.0225,-0.6016,-0.6484,0.2028,-0.1365,0.0671,2040
28,0.0149,-0.6243,-0.6938,0.1811,-0.1328,0.0859,2043
28,0.0129,-0.6301,-0.729,0.1776,-0.1338,0.0976,2034
28,0.0388,-0.6443,-0.7542,0.2031,-0.1503,0.1004,2040
28,0.0737,-0.6938,-0.7917,0.229,-0.1874,0.1232,2039
28,0.0776,-0.7356,-0.8206,0.2425,-0.228,0.1633,2041
28,0.0776,-0.7778,-0.8621,0.2382,-0.3053,0.1919,2045
28,0.0898,-0.8293,-0.8535,0.2257,-0.3645,0.2145,2047
28,0.1089,-0.8547,-0.8391,0.2139,-0.3956,0.2494,2049
28,0.1011,-0.8933,-0.812,0.2008,-0.4305,0.278,2047
28,0.0869,-0.9004,-0.8103,0.2084,-0.4904,0.2944,2039
28,0.0962,-0.8945,-0.8049,0.1943,-0.537,0.3125,2038
28,0.1162,-0.886,-0.8098,0.2008,-0.5291,0.3199,2045
28,0.1455,-0.9026,-0.7749,0.183,-0.4891,0.3211,2041
28,0.1462,-0.9136,-0.7473,0.1739,-0.4532,0.3465,2046
28,0.1606,-0.8667,-0.729,0.1943,-0.4658,0.4163,2037
28,0.1531,-0.7759,-0.6936,0.2039,-0.5083,0.4745,2043
28,0.1543,-0.8081,-0.6753,0.1578,-0.4657,0.4587,2041
28,0.1328,-0.8801,-0.6587,0.0302,-0.3171,0.479,2040
28,0.0728,-0.8882,-0.7183,-0.0337,-0.2386,0.5131,2039
28,0.0713,-0.8574,-0.8594,0.006,-0.2571,0.5121,2046
28,0.0969,-0.8472,-0.9683,0.0575,-0.2052,0.4757,2034
28,0.1108,-0.9143,-1.0376,0.1073,-0.0724,0.4476,2044
28,0.0818,-0.9934,-1.0408,0.1693,0.0751,0.4141,2041
28,0.0652,-1.0854,-1.0039,0.1433,0.0719,0.3766,2037
28,0.0764,-1.0789,-0.9375,0.1332,-0.077,0.3454,2037
28,0.1082,-0.9553,-0.8513,0.0601,-0.3773,0.2353,2041
28,0.061,-0.8674,-0.78,-0.0172,-0.4269,0.1533,2046
28,0.0063,-0.9277,-0.7556,-0.0489,-0.4035,0.0514,2033
29,-0.0881,-0.9062,-0.7615,-0.0971,-0.3912,-0.0373,2041
29,-0.1357,-0.8015,-0.814,-0.1197,-0.385,-0.1502,2039
29,-0.0806,-0.7551,-0.8379,-0.1117,-0.3093,-0.2579,2040
29,-0.0354,-0.75,-0.8015,-0.0622,-0.1253,-0.3151,2042
29,-0.0449,-0.7661,-0.7595,-0.0345,0.0181,-0.3553,2043
29,-0.095,-0.7832,-0.7212,-0.0495,-0.0017,-0.4032,2034
29,-0.113,-0.7595,-0.6895,-0.0265,-0.0771,-0.5468,2041
29,-0.0669,-0.7341,-0.6414,0.0362,-0.1545,-0.6664,2040
29,-0.0825,-0.7944,-0.5454,0.0153,-0.1814,-0.7811,2042
29,-0.1145,-0.864,-0.4873,-0.0124,-0.2121,-0.8594,2047
29,-0.137,-0.8481,-0.4492,-0.0935,-0.3426,-0.9345,2046
29,-0.1599,-0.8379,-0.4421,-0.174,-0.4251,-1.0465,2039
29,-0.115,-0.8682,-0.4404,-0.2148,-0.4189,-1.1196,2046
29,-0.0962,-0.8552,-0.4197,-0.2944,-0.3498,-1.1364,2047
29,-0.0828,-0.7427,-0.47,-0.2955,-0.2803,-1.1254,2038
29,-0.063,-0.6614,-0.5059,-0.2566,-0.1454,-1.1311,2041
29,-0.0129,-0.7085,-0.512,-0.22,-0.0792,-1.1632,2038
29,-0.0032,-0.8726,-0.5386,-0.2791,0.0589,-1.1275,2048
29,-0.0088,-0.9075,-0.5879,-0.3121,0.1446,-1.0504,2042
29,-0.0359,-0.8279,-0.6042,-0.3513,0.1151,-0.9982,2043
29,0.0125,-0.7529,-0.5657,-0.3466,0.0566,-1.0088,2044
29,0.0486,-0.7996,-0.4932,-0.3775,0.096,-1.0232,2039
29,0.0515,-0.8264,-0.4597,-0.4385,0.1561,-0.9846,2042
29,0.0115,-0.7534,-0.4673,-0.4666,0.1285,-0.9287,2040
29,-0.0271,-0.6799,-0.4817,-0.3942,0.0253,-0.9594,2037
29,-0.0115,-0.7913,-0.4819,-0.3983,0.0214,-1.0336,2044
29,-0.019,-0.8372,-0.4878,-0.4646,0.1167,-1.0182,2045
29,-0.0361,-0.6836,-0.5322,-0.4184,0.1281,-0.924,2040
29,0.002,-0.5154,-0.5547,-0.2417,-0.0521,-1.0377,2038
29,0.019,-0.6707,-0.4902,-0.2304,0.1527,-1.0348,2042
29,0.0942,-0.8706,-0.4436,-0.3462,0.3011,-0.9118,2048
29,0.042,-0.7737,-0.4973,-0.3864,0.3666,-0.7256,2040
29,0.0693,-0.4939,-0.5464,-0.2721,0.2811,-0.6128,2043
29,0.1599,-0.4312,-0.5149,-0.13,0.2344,-0.6574,2045
29,0.2581,-0.6904,-0.4678,-0.2293,0.4212,-0.5665,2045
29,0.2041,-0.823,-0.5425,-0.3228,0.5919,-0.277,2045
29,0.0615,-0.6895,-0.6731,-0.3179,0.5079,-0.0623,2035
29,0.0613,-0.5686,-0.6907,-0.2049,0.3635,-0.0463,2041
29,0.1155,-0.6348,-0.5669,-0.1798,0.3705,-0.0485,2045
29,0.103,-0.7737,-0.5073,-0.2462,0.4657,0.0372,2042
29,0.0146,-0.8579,-0.5642,-0.3563,0.471,0.1776,2037
29,-0.0718,-0.7966,-0.6848,-0.3709,0.3168,0.2448,2044
29,0.002,-0.7908,-0.7786,-0.3273,0.1786,0.2298,2046
29,0.1072,-0.8911,-0.7925,-0.3309,0.2306,0.2224,2048
29,0.1338,-0.9832,-0.813,-0.4733,0.2866,0.322,2041
29,0.0974,-0.9954,-0.8855,-0.6086,0.2366,0.463,2035
29,0.1072,-0.9541,-0.9263,-0.6407,0.0818,0.5429,2034
29,0.1335,-0.9268,-0.866,-0.6598,0.0537,0.6379,2042
29,0.134,-0.9006,-0.8071,-0.7628,0.1824,0.7834,2044
29,0.1252,-0.825,-0.7451,-0.8705,0.297,0.9162,2045
29,0.1824,-0.7937,-0.7649,-0.8056,0.212,0.8885,2041
29,0.199,-0.9761,-0.8567,-0.7946,0.2377,0.8993,2048
29,0.2515,-1.0959,-0.9966,-0.7462,0.2172,1.119,2049
29,0.2983,-1.0161,-1.155,-0.6699,0.1084,1.3701,2036
29,0.1978,-0.887,-1.2217,-0.7058,0.3824,1.4567,2035
29,0.2559,-0.9968,-1.0876,-0.5809,0.4758,1.0096,2046
29,0.1926,-0.9768,-0.9309,-0.4315,0.6122,0.8219,2043
29,-0.0173,-0.7102,-0.9082,-0.5113,0.3341,0.8905,2027
29,0.1025,-0.4956,-0.7991,-0.8188,-0.08,1.2077,2048
29,0.137,-0.6206,-0.7683,-0.8449,-0.0097,1.381,2058
29,0.2246,-0.6584,-0.8281,-0.7212,0.2555,1.4858,2041
29,0.2622,-0.5408,-0.8293,-0.6433,0.1337,1.1557,2041
29,0.1206,-0.4675,-0.7832,-0.5781,0.2806,0.889,2045
29,-0.0288,-0.3645,-0.6733,-0.4109,0.5171,0.7301,2029
29,-0.1631,-0.1882,-0.5491,-0.3506,0.5548,0.6662,2040
29,-0.1191,-0.1423,-0.5623,-0.2482,0.447,0.6528,2033
29,0.0049,-0.3062,-0.6575,-0.0916,0.3349,0.642,2045
29,0.0615,-0.3867,-0.6982,-0.0141,0.3028,0.5635,2046
29,0.0439,-0.4353,-0.7434,-0.0551,0.1884,0.4151,2044
29,0.0503,-0.4851,-0.7844,-0.1029,0.1048,0.3007,2040
29,0.031,-0.4053,-0.7766,-0.1071,0.0933,0.2887,2039
29,-0.0037,-0.3467,-0.7913,-0.0349,0.0341,0.2882,2037
29,-0.019,-0.4519,-0.772,0.073,0.034,0.2786,2047
29,-0.0452,-0.634,-0.7419,0.0518,0.0609,0.3269,2039
29,-0.072,-0.6599,-0.7581,-0.0037,0.0527,0.2983,2033
29,0.0029,-0.5796,-0.7632,0.0316,-0.0064,0.2047,2044
29,0.1125,-0.5466,-0.6995,0.0914,-0.0031,0.1529,2043
29,0.134,-0.5774,-0.6079,0.1119,0.0646,0.1641,2036
29,0.0669,-0.6326,-0.5728,0.1009,0.0748,0.1799,2044
29,0.0037,-0.5857,-0.5925,0.094,0.0081,0.1479,2036
29,0.0283,-0.4895,-0.6301,0.1273,-0.1358,0.1004,2038
29,0.0854,-0.4565,-0.637,0.1614,-0.1039,0.0543,2041
29,0.0891,-0.5244,-0.6445,0.1972,0.1145,0.1273,2042
29,0.0718,-0.5874,-0.6416,0.1261,0.1617,0.2056,2034
29,0.0208,-0.5977,-0.6853,0.078,0.0341,0.2333,2039
29,0.0352,-0.5354,-0.7007,0.0378,-0.0333,0.2356,2040
29,0.0737,-0.4138,-0.6929,0.0662,-0.0899,0.236,2039
29,0.1194,-0.3701,-0.6853,0.104,-0.0009,0.2882,2043
29,0.1125,-0.4614,-0.6697,0.1442,0.1352,0.4004,2043
29,0.043,-0.5415,-0.6804,0.0388,0.1292,0.498,2042
29,-0.0278,-0.4983,-0.7007,0.0236,0.0427,0.495,2037
29,0.001,-0.4194,-0.6709,0.0421,-0.0581,0.4474,2043
29,0.0283,-0.4419,-0.6221,0.0736,-0.0838,0.4125,2044
29,0.0315,-0.5151,-0.6116,0.0534,-0.0455,0.4402,2040
29,-0.0474,-0.5081,-0.6279,0.068,-0.0646,0.4626,2032
29,-0.0425,-0.4585,-0.6936,0.0822,-0.1798,0.406,2044
29,0.0566,-0.4709,-0.7385,0.1679,-0.2671,0.3673,2035
29,0.1396,-0.5603,-0.7622,0.1987,-0.2987,0.4011,2044
29,0.1328,-0.6309,-0.8135,0.2068,-0.3309,0.4721,2047
29,0.1226,-0.676,-0.8882,0.204,-0.4183,0.5201,2047
29,0.1487,-0.699,-0.9138,0.2262,-0.4591,0.5758,2041
29,0.2009,-0.7312,-0.8901,0.2739,-0.432,0.6277,2029
29,0.2344,-0.7866,-0.8237,0.2637,-0.3959,0.7072,2040
30,0.2256,-0.8115,-0.8047,0.2203,-0.3685,0.8028,2039
30,0.1733,-0.771,-0.7837,0.1649,-0.3532,0.8701,2041
30,0.1479,-0.7749,-0.791,0.1549,-0.335,0.8441,2040
30,0.1638,-0.7896,-0.8047,0.138,-0.2057,0.7998,2034
30,0.1836,-0.7808,-0.7485,0.2112,-0.1225,0.7572,2047
30,0.1589,-0.7117,-0.7478,0.2176,-0.0589,0.7135,2045
30,0.1758,-0.7397,-0.7852,0.2393,-0.0756,0.604,2038
30,0.1633,-0.7791,-0.7737,0.3244,-0.0513,0.5231,2035
30,0.1677,-0.7505,-0.771,0.3699,-0.0518,0.4842,2031
30,0.1077,-0.769,-0.7764,0.304,-0.1035,0.3513,2044
30,0.1516,-0.7629,-0.8013,0.2706,-0.1599,0.2747,2051
30,0.0818,-0.7173,-0.793,0.2047,-0.0434,0.1707,2044
30,0.1465,-0.6189,-0.8789,0.1619,-0.039,0.0629,2049
30,0.0808,-0.7029,-0.9114,0.1593,0.0513,0.1159,2042
30,0.0776,-0.7654,-1.0054,0.1543,-0.0538,0.0477,2038
30,0.0535,-0.738,-1.0828,0.1085,-0.0964,-0.0507,2041
30,0.0793,-0.7966,-1.1506,0.1091,-0.2774,-0.1529,2033
30,0.1616,-0.8284,-1.2361,0.1101,-0.4207,-0.2747,2042
30,0.1436,-0.9084,-1.1667,0.1421,-0.3288,-0.235,2040
30,0.0667,-0.9868,-1.106,0.07,-0.2288,-0.3064,2043
30,0.0208,-0.9421,-1.0618,0.0514,-0.1973,-0.4497,2041
30,-0.0378,-0.8401,-1.0476,0.017,-0.2755,-0.5124,2038
30,-0.1025,-0.8396,-0.9941,0.0015,-0.3469,-0.5673,2035
30,-0.1536,-0.7471,-0.9397,0.0975,-0.2582,-0.6144,2035
30,-0.1462,-0.6885,-0.855,0.0727,-0.1892,-0.6886,2040
30,-0.1194,-0.6838,-0.8474,0.0607,-0.1615,-0.7513,2041
30,-0.0867,-0.6951,-0.8232,0.0317,-0.165,-0.8067,2049
30,-0.0549,-0.7141,-0.8533,-0.01,-0.3085,-0.8606,2035
30,-0.0872,-0.7332,-0.8577,-0.0431,-0.385,-0.9247,2040
30,-0.0994,-0.7063,-0.8306,-0.0265,-0.4936,-0.9817,2036
30,-0.1252,-0.6763,-0.7375,-0.012,-0.6185,-1.0472,2047
30,-0.1392,-0.6306,-0.6113,-0.0487,-0.6425,-1.1043,2037
30,-0.1533,-0.5969,-0.5222,-0.1141,-0.5762,-1.1497,2052
30,-0.1272,-0.6001,-0.4568,-0.1392,-0.5966,-1.186,2056
30,-0.176,-0.7258,-0.426,-0.2188,-0.4762,-1.1872,2037
30,-0.2153,-0.7756,-0.4231,-0.2818,-0.2601,-1.0794,2039
30,-0.2273,-0.6409,-0.4331,-0.3288,-0.2063,-1.0294,2044
30,-0.1021,-0.5054,-0.4697,-0.1988,-0.3312,-1.0287,2043
30,-0.041,-0.5613,-0.4114,-0.0981,-0.1618,-0.9545,2047
30,-0.0286,-0.6177,-0.4307,-0.0593,0.0067,-0.8135,2043
30,-0.0413,-0.6804,-0.5398,-0.0591,-0.0238,-0.6887,2036
30,-0.0476,-0.72,-0.6167,-0.0447,0.01,-0.5604,2040
30,0.0154,-0.7515,-0.6277,-0.0238,-0.0075,-0.4502,2038
30,0.0115,-0.7695,-0.5913,-0.0878,0.012,-0.3161,2039
30,-0.0322,-0.7217,-0.5464,-0.1653,-0.1555,-0.2589,2040
30,-0.1321,-0.7363,-0.5222,-0.2659,-0.2675,-0.1826,2040
30,-0.1887,-0.8406,-0.4897,-0.3184,-0.2618,-0.1296,2046
30,-0.2595,-0.8713,-0.4973,-0.4131,-0.2729,-0.0581,2038
30,-0.2961,-0.752,-0.5669,-0.4643,-0.3609,0.0033,2037
30,-0.2498,-0.5554,-0.5884,-0.377,-0.2585,0.074,2040
30,-0.1194,-0.4773,-0.5264,-0.2828,-0.1976,0.0521,2046
30,-0.0403,-0.5642,-0.5181,-0.3236,-0.1707,0.1164,2048
30,-0.0659,-0.5574,-0.5327,-0.3284,-0.1922,0.2298,2043
30,-0.0667,-0.5186,-0.5515,-0.2787,-0.4127,0.2694,2034
30,0.0032,-0.5554,-0.5283,-0.2533,-0.5798,0.289,2042
30,0.0605,-0.668,-0.5137,-0.2798,-0.6173,0.3565,2048
30,0.0466,-0.7427,-0.5388,-0.3976,-0.5974,0.4968,2039
30,-0.0059,-0.688,-0.5881,-0.4591,-0.5975,0.5948,2033
30,0.0359,-0.6138,-0.6292,-0.4392,-0.6207,0.6271,2036
30,0.1038,-0.686,-0.5952,-0.4245,-0.4642,0.6549,2047
30,0.1082,-0.7693,-0.5964,-0.5188,-0.185,0.7666,2041
30,0.0344,-0.7976,-0.665,-0.6086,-0.1851,0.9235,2038
30,0.0103,-0.7561,-0.748,-0.5544,-0.1249,0.9826,2048
30,0.0627,-0.7266,-0.7058,-0.4619,-0.1258,0.9039,2038
30,0.1245,-0.7515,-0.6504,-0.4492,-0.0878,0.8636,2045
30,0.0981,-0.781,-0.658,-0.5132,-0.0451,0.903,2034
30,0.0552,-0.7761,-0.6973,-0.5517,-0.0925,0.899,2047
30,0.042,-0.8013,-0.7971,-0.5444,-0.1008,0.8586,2043
30,0.061,-0.7925,-0.8999,-0.4599,-0.0487,0.8317,2052
30,0.0818,-0.8289,-0.9656,-0.4815,0.0896,0.8584,2036
30,0.0737,-0.8977,-1.0488,-0.4568,0.1796,0.7704,2029
30,0.1182,-0.9346,-1.0769,-0.3843,0.2213,0.7271,2044
30,0.2454,-0.8279,-1.0581,-0.2574,0.1378,0.6161,2040
30,0.2939,-0.8743,-1.0752,-0.5604,0.0474,0.4717,2039
30,0.604,-0.8921,-1.165,-0.8052,-0.4394,0.1851,2053
30,0.6443,-0.7468,-1.2532,-0.8834,-1.2868,-0.2906,2037
30,-0.0308,-0.9141,-1.1902,-0.7813,-0.6418,-0.2341,2040
30,-0.2791,-1.0034,-1.1248,-0.3003,0.0099,-0.2185,2043
30,-0.3403,-0.9612,-1.0083,-0.1952,0.7175,-0.0021,2026
30,-0.3489,-0.8618,-0.9612,0.0194,1.0495,0.1638,2031
30,-0.147,-0.8457,-1.135,0.071,1.0172,-0.365,2045
30,0.0059,-0.5195,-1.1514,0.5755,0.8034,-0.6751,2028
30,0.0974,-0.3787,-0.9668,0.1534,0.5854,-0.4802,2036
30,0.0713,-0.6792,-0.9712,-0.2669,0.8381,-0.1594,2049
30,0.0996,-0.678,-1.0896,0.0402,1.1592,-0.1701,2043
30,0.0835,-0.6511,-0.9739,0.2091,0.8854,-0.3317,2032
30,0.1035,-0.5791,-0.938,-0.0077,0.4677,-0.5931,2029
30,-0.0037,-0.3555,-0.8647,0.0322,0.5597,-0.8622,2034
30,-0.0212,-0.3127,-0.7288,0.0402,0.4546,-1.0274,2050
30,-0.0876,-0.2458,-0.6753,0.0748,0.2722,-0.9485,2044
30,-0.1157,-0.2961,-0.657,0.224,0.1637,-0.8389,2038
30,-0.1418,-0.3865,-0.6895,0.3221,0.2112,-0.8122,2048
30,-0.1753,-0.501,-0.71,0.3765,0.1642,-0.8281,2042
30,-0.1331,-0.4246,-0.7634,0.3635,-0.0828,-0.927,2042
30,-0.093,-0.3916,-0.7556,0.4791,-0.1017,-0.9736,2035
30,-0.0347,-0.4868,-0.6658,0.4647,0.0779,-0.9882,2039
30,-0.0649,-0.6201,-0.6143,0.343,0.2814,-0.869,2049
30,-0.1387,-0.6306,-0.6409,0.2208,0.2051,-0.7565,2042
30,-0.2004,-0.5627,-0.7046,0.2511,0.0923,-0.7387,2048
30,-0.1384,-0.5413,-0.7092,0.2525,0.1349,-0.7011,2048
30,-0.0999,-0.6531,-0.728,0.2076,0.3181,-0.6253,2061
30,-0.0996,-0.6428,-0.75,0.1214,0.3653,-0.5236,2183
30,-0.0625,-0.5591,-0.7397,0.1466,0.1776,-0.5173,1959
31,-0.0613,-0.5122,-0.7012,0.1521,0.0917,-0.4829,2003
31,-0.0593,-0.5283,-0.6423,0.0864,0.2081,-0.3686,2036
31,-0.0769,-0.5364,-0.6445,0.0083,0.2029,-0.2505,2036
31,-0.1523,-0.4902,-0.7144,-0.0016,0.1698,-0.1479,2032
31,-0.1538,-0.5061,-0.762,0.0447,0.1959,-0.0882,2045
31,-0.0845,-0.5549,-0.7642,0.0561,0.251,0.0048,2046
31,-0.0776,-0.5427,-0.7603,0.079,0.237,0.1079,2041
31,-0.0518,-0.5239,-0.7625,0.0794,0.1181,0.1573,2037
31,-0.0054,-0.551,-0.7561,0.0815,-0.0201,0.1975,2046
31,0.0071,-0.6301,-0.7478,0.0186,-0.0804,0.292,2038
31,-0.0393,-0.594,-0.7471,-0.0587,-0.1284,0.3793,2036
31,-0.0491,-0.5024,-0.7605,-0.1072,-0.2358,0.3928,2046
31,0.0071,-0.4543,-0.7561,-0.1141,-0.3366,0.4296,2041
31,0.0371,-0.4602,-0.7085,-0.1426,-0.3533,0.502,2045
31,0.0073,-0.4705,-0.6963,-0.1983,-0.384,0.5907,2036
31,-0.0234,-0.4871,-0.6912,-0.2349,-0.4638,0.6219,2044
31,-0.0312,-0.4749,-0.7012,-0.2623,-0.5055,0.6373,2041
31,-0.021,-0.4697,-0.6812,-0.2996,-0.554,0.6372,2041
31,0.0027,-0.4116,-0.6746,-0.2946,-0.5465,0.6325,2029
31,0.0266,-0.3516,-0.635,-0.2377,-0.5793,0.6494,2037
31,0.0732,-0.3616,-0.6428,-0.1931,-0.6074,0.6628,2039
31,0.0496,-0.4016,-0.6509,-0.181,-0.5524,0.6909,2047
31,0.074,-0.4355,-0.7056,-0.1595,-0.5904,0.7092,2036
31,0.1003,-0.4927,-0.7625,-0.0864,-0.6297,0.7429,2044
31,0.1011,-0.5515,-0.8196,-0.0658,-0.5357,0.7837,2047
31,0.1316,-0.5984,-0.8577,-0.0486,-0.5035,0.8263,2044
31,0.1516,-0.6453,-0.884,0.0069,-0.4769,0.8548,2043
31,0.1963,-0.6685,-0.8867,0.0457,-0.4847,0.8917,2055
31,0.2148,-0.6997,-0.8928,0.0216,-0.4677,0.9339,2038
31,0.2166,-0.6992,-0.9053,-0.0045,-0.3843,1.0171,2037
31,0.2085,-0.6963,-0.9045,0.0061,-0.3508,1.0744,2042
31,0.2244,-0.678,-0.8938,0.0246,-0.3723,1.0648,2043
31,0.1958,-0.6802,-0.8618,0.0325,-0.3807,1.0618,2048
31,0.1672,-0.6848,-0.8228,0.023,-0.3781,1.025,2036
31,0.0945,-0.7046,-0.8235,0.0039,-0.4018,0.9444,2045
31,0.0808,-0.6809,-0.8237,0.0156,-0.4272,0.8516,2038
31,0.05,-0.6331,-0.8291,0.0304,-0.3769,0.7653,2036
31,0.084,-0.5901,-0.8059,0.0308,-0.4047,0.6767,2035
31,0.0945,-0.5481,-0.8271,0.0634,-0.3541,0.6292,2050
31,-0.0454,-0.5171,-0.8594,0.0166,-0.1155,0.5857,2032
31,-0.0447,-0.6338,-0.9131,-0.0591,-0.0583,0.3169,2057
31,0.0593,-0.6438,-0.9783,0.0594,-0.2072,0.1274,2043
31,0.0771,-0.6946,-1.1123,0.0739,-0.3207,0.0554,2038
31,0.1626,-0.6367,-1.2175,0.0266,-0.5125,0.1665,2031
31,0.22,-0.6216,-1.3035,-0.0064,-0.5942,0.3037,2040
31,0.1841,-0.7244,-1.3188,0.1175,-0.4793,0.2029,2042
31,0.063,-0.8105,-1.2212,0.0967,-0.3313,0.0434,2038
31,-0.0681,-0.8774,-1.1211,0.0289,-0.2495,-0.1583,2032
31,-0.1589,-0.7905,-1.0076,-0.0244,-0.161,-0.3617,2041
31,-0.1628,-0.6279,-0.9055,-0.0044,-0.0834,-0.4984,2035
31,-0.1399,-0.5869,-0.7935,0.0477,-0.0898,-0.5524,2041
31,-0.1116,-0.585,-0.7766,0.0724,-0.1112,-0.6288,2036
31,-0.1099,-0.5603,-0.7964,0.1089,-0.2049,-0.7231,2041
31,-0.0757,-0.5291,-0.8716,0.1184,-0.3444,-0.8439,2042
31,-0.0557,-0.5281,-0.9282,0.1225,-0.3349,-0.9612,2048
31,-0.0959,-0.5911,-0.9583,0.122,-0.2003,-1.0267,2049
31,-0.1272,-0.6631,-0.9392,0.121,-0.0947,-1.0424,2034
31,-0.1831,-0.679,-0.9089,0.1147,-0.0863,-1.0756,2036
31,-0.1484,-0.6626,-0.8271,0.1216,-0.1112,-1.1532,2043
31,-0.1355,-0.6589,-0.7322,0.1091,-0.0325,-1.1981,2045
31,-0.1213,-0.708,-0.6528,0.0687,0.039,-1.2685,2045
31,-0.1482,-0.7844,-0.614,0.023,0.0256,-1.2821,2037
31,-0.1768,-0.8059,-0.5918,0.0316,-0.0654,-1.2918,2040
31,-0.1851,-0.7957,-0.5737,0.014,-0.1189,-1.3181,2046
31,-0.1406,-0.7495,-0.5525,-0.0037,-0.0758,-1.2924,2041
31,-0.1091,-0.7588,-0.5405,-0.0344,0.0352,-1.293,2039
31,-0.0898,-0.7546,-0.5742,-0.0708,0.131,-1.2162,2041
31,-0.1064,-0.7021,-0.6345,-0.07,0.2547,-1.0858,2040
31,-0.1033,-0.6809,-0.6646,-0.0473,0.3583,-0.9809,2040
31,-0.0918,-0.7095,-0.6987,-0.0594,0.5096,-0.8786,2049
31,-0.0752,-0.7791,-0.7102,-0.1374,0.5847,-0.7439,2038
31,-0.1099,-0.7356,-0.7278,-0.2148,0.503,-0.6411,2038
31,-0.0933,-0.7266,-0.6941,-0.2253,0.2846,-0.6458,2040
31,-0.1472,-0.7793,-0.6453,-0.2694,0.3253,-0.5999,2040
31,-0.1526,-0.8025,-0.5945,-0.3466,0.2321,-0.5837,2045
31,-0.2166,-0.7236,-0.6099,-0.3683,0.1083,-0.5433,2040
31,-0.2612,-0.7217,-0.6445,-0.345,0.1061,-0.5428,2038
31,-0.1794,-0.7163,-0.6389,-0.3563,0.1515,-0.5201,2039
31,-0.1257,-0.5454,-0.6321,-0.3429,0.1069,-0.4685,2041
31,-0.0295,-0.4065,-0.6331,-0.2511,-0.0466,-0.4504,2028
31,0.0818,-0.4915,-0.5952,-0.1742,-0.1804,-0.3956,2042
31,0.0608,-0.6404,-0.5967,-0.2593,-0.1707,-0.2188,2041
31,-0.0254,-0.6707,-0.6418,-0.3414,-0.1815,-0.0595,2039
31,-0.0547,-0.6289,-0.6741,-0.348,-0.2686,-0.0097,2040
31,0.0437,-0.5728,-0.637,-0.3129,-0.3069,0.0148,2039
31,0.0991,-0.5894,-0.5974,-0.3167,-0.2474,0.1079,2046
31,0.0972,-0.6741,-0.6101,-0.3421,-0.2101,0.2108,2042
31,0.0505,-0.6799,-0.6472,-0.352,-0.1795,0.3087,2043
31,0.0371,-0.5979,-0.6931,-0.3083,-0.1851,0.3297,2041
31,0.0776,-0.5632,-0.6895,-0.2389,-0.192,0.3811,2040
31,0.0874,-0.6072,-0.6558,-0.2665,-0.1212,0.418,2043
31,0.0737,-0.6611,-0.6699,-0.2673,-0.0944,0.453,2039
31,0.0369,-0.6677,-0.6755,-0.2999,-0.0653,0.5124,2041
31,0.0347,-0.6643,-0.709,-0.247,-0.2039,0.5165,2039
31,0.0149,-0.7524,-0.7622,-0.3063,-0.1304,0.5394,2037
31,0.0063,-0.7712,-0.8027,-0.3726,-0.0115,0.5947,2044
31,0.0352,-0.7683,-0.8799,-0.3895,-0.0835,0.6132,2050
31,0.084,-0.804,-0.9321,-0.4895,-0.0272,0.6456,2041
31,0.1599,-0.8064,-0.9741,-0.5042,0.0072,0.7147,2048
31,0.2007,-0.8352,-0.9983,-0.6509,0.1193,0.8855,2040
31,0.178,-0.76,-1.0391,-0.8297,0.1549,1.0511,2036
31,0.2495,-0.6711,-1.019,-0.9009,0.1246,1.062,2008
32,0.3174,-0.6375,-1.0347,-0.8857,0.0285,1.0198,2034
32,0.4624,-0.7156,-1.1814,-0.9657,-0.4047,0.7271,2073
32,0.1978,-0.8057,-1.2927,-0.7879,-0.3285,0.6131,2059
32,0.0876,-0.9595,-1.1333,-0.54,0.3123,0.6377,2035
32,0.0508,-1.071,-1.125,-0.6048,0.4501,0.5544,2032
32,0.0769,-0.8853,-1.1418,-0.5036,0.3056,0.0914,2042
32,0.2349,-0.3677,-1.106,-0.2115,0.2646,-0.0635,2036
32,0.1641,-0.1499,-0.8867,-0.2159,0.3131,0.1894,2044
32,0.0342,-0.427,-0.9529,-0.2639,0.35,0.2755,2043
32,0.0198,-0.6875,-1.0032,-0.218,0.5622,0.1977,2041
32,0.0488,-0.6431,-0.9644,-0.2448,0.8024,-0.0509,2036
32,0.1104,-0.5625,-0.9629,-0.2717,0.8493,-0.186,2032
32,0.1216,-0.428,-0.9705,-0.1916,0.8814,-0.1915,2037
32,0.0894,-0.3738,-0.8767,-0.1416,0.7893,-0.2951,2035
32,0.1482,-0.3394,-0.8508,-0.1392,0.6472,-0.4149,2038
32,0.115,-0.2815,-0.844,0.0077,0.499,-0.3846,2039
32,0.0674,-0.2734,-0.7952,0.1599,0.49,-0.4659,2044
32,0.021,-0.3223,-0.7791,0.2192,0.4492,-0.5667,2044
32,-0.0195,-0.334,-0.759,0.2376,0.3808,-0.655,2046
32,-0.0713,-0.3391,-0.7551,0.2278,0.308,-0.7452,2039
32,-0.1072,-0.3381,-0.7891,0.3111,0.2987,-0.7907,2038
32,-0.1321,-0.3491,-0.7766,0.4261,0.3171,-0.7999,2030
32,-0.1423,-0.3921,-0.7852,0.4711,0.34,-0.763,2042
32,-0.1401,-0.4551,-0.7966,0.4564,0.3345,-0.7883,2040
32,-0.1392,-0.488,-0.8145,0.4171,0.3649,-0.718,2042
32,-0.1313,-0.4934,-0.8489,0.3796,0.3585,-0.6625,2043
32,-0.1001,-0.4949,-0.8445,0.3532,0.285,-0.6715,2046
32,-0.0947,-0.51,-0.8379,0.3369,0.3069,-0.5552,2038
32,-0.0974,-0.5415,-0.8064,0.2718,0.2854,-0.4273,2043
32,-0.1233,-0.5618,-0.7898,0.2226,0.2064,-0.3304,2041
32,-0.1162,-0.5496,-0.7668,0.132,0.0208,-0.3116,2042
32,-0.1365,-0.5159,-0.7314,0.0875,0.0037,-0.2325,2032
32,-0.1292,-0.4922,-0.7151,0.0349,0.0505,-0.121,2047
32,-0.1406,-0.5,-0.696,-0.0097,0.1461,0.0141,2035
32,-0.1035,-0.5005,-0.7478,-0.0569,0.0973,0.1001,2042
32,-0.0925,-0.4773,-0.7937,-0.0501,0.0138,0.1916,2045
32,-0.0557,-0.4883,-0.8372,-0.0398,-0.1048,0.2794,2044
32,-0.0322,-0.5203,-0.8562,-0.0479,-0.1727,0.377,2044
32,-0.0459,-0.511,-0.856,-0.0898,-0.2362,0.4583,2043
32,-0.0359,-0.4995,-0.8455,-0.1089,-0.3344,0.5121,2035
32,-0.0193,-0.4741,-0.8059,-0.1316,-0.4054,0.5701,2043
32,-0.0151,-0.4326,-0.7532,-0.1513,-0.4386,0.6325,2038
32,-0.0149,-0.4099,-0.7278,-0.1863,-0.5072,0.6769,2042
32,-0.0029,-0.4299,-0.707,-0.1984,-0.5626,0.7095,2043
32,0.0015,-0.416,-0.6797,-0.2254,-0.5855,0.7533,2036
32,0.001,-0.3875,-0.6746,-0.2301,-0.6192,0.7754,2040
32,0.02,-0.3704,-0.6445,-0.2193,-0.6341,0.7938,2041
32,0.0522,-0.3533,-0.6116,-0.241,-0.6128,0.8032,2038
32,0.061,-0.3516,-0.6167,-0.2621,-0.5863,0.8606,2043
32,0.0476,-0.3474,-0.6394,-0.2465,-0.5514,0.8777,2040
32,0.0457,-0.3706,-0.6733,-0.2469,-0.5276,0.8748,2048
32,0.0613,-0.3911,-0.7026,-0.261,-0.4549,0.9021,2045
32,0.0933,-0.3708,-0.7419,-0.248,-0.4473,0.9087,2035
32,0.0984,-0.4043,-0.7849,-0.2044,-0.5,0.8963,2042
32,0.0754,-0.4653,-0.8242,-0.1866,-0.4745,0.905,2029
32,0.0662,-0.4829,-0.8835,-0.183,-0.4297,0.9148,2041
32,0.1165,-0.4685,-0.9192,-0.1466,-0.4942,0.8818,2047
32,0.1716,-0.4851,-0.9744,-0.077,-0.5478,0.8509,2044
32,0.1838,-0.5146,-0.978,-0.0434,-0.4713,0.8764,2039
32,0.2305,-0.5449,-0.9783,-0.0224,-0.4751,0.9044,2041
32,0.2227,-0.5701,-0.9929,0.0001,-0.5003,0.8893,2038
32,0.2214,-0.6106,-0.9934,-0.0053,-0.4943,0.8665,2037
32,0.3384,-0.6382,-0.9558,0.0282,-0.4605,0.8589,2048
32,0.3264,-0.606,-0.9243,0.0136,-0.4778,0.8407,2041
32,0.3145,-0.5808,-0.9048,0.025,-0.5038,0.7845,2040
32,0.322,-0.5918,-0.8577,0.1084,-0.4117,0.752,2044
32,0.1682,-0.5962,-0.801,0.1135,-0.22,0.6193,2039
32,0.2317,-0.6074,-0.7954,0.2614,-0.1923,0.4803,2037
32,0.1809,-0.5757,-0.7581,0.3804,-0.0543,0.3532,2042
32,0.1301,-0.5339,-0.7664,0.3936,0.0385,0.2919,2036
32,0.0657,-0.5706,-0.8281,0.4099,0.172,0.2328,2048
32,0.1179,-0.5662,-0.8787,0.3963,0.2721,0.0463,2038
32,0.1338,-0.5342,-0.8677,0.5332,0.2566,-0.1009,2036
32,0.0798,-0.4749,-0.8767,0.6309,0.1447,-0.2994,2032
32,0.1047,-0.3975,-0.7981,0.4754,-0.1035,-0.2149,2033
32,0.0903,-0.4929,-0.9109,0.2362,-0.1332,-0.0816,2039
32,0.1299,-0.5212,-1.0261,0.3546,-0.106,-0.127,2050
32,0.1816,-0.5159,-1.041,0.3982,-0.028,-0.2398,2047
32,0.1296,-0.5803,-1.0493,0.3598,0.1466,-0.3537,2042
32,0.0415,-0.5615,-1.1116,0.3694,0.2966,-0.4119,2032
32,-0.0417,-0.5381,-1.1538,0.4457,0.2796,-0.4496,2029
32,-0.0227,-0.6165,-1.2009,0.4999,0.1846,-0.507,2041
32,0.0269,-0.7644,-1.2583,0.5818,0.1461,-0.5129,2046
32,0.0415,-0.8645,-1.3323,0.5494,0.1297,-0.5243,2040
32,0.0378,-0.8293,-1.3628,0.5168,0.0543,-0.6098,2044
32,0.0183,-0.7795,-1.2952,0.5446,0.0306,-0.7032,2038
32,-0.0527,-0.7778,-1.1614,0.545,0.0505,-0.7376,2042
32,-0.1731,-0.7751,-1.0271,0.503,0.0027,-0.7617,2034
32,-0.2302,-0.708,-0.9792,0.4785,-0.1545,-0.8239,2035
32,-0.2146,-0.6189,-0.9541,0.442,-0.2812,-0.9376,2036
32,-0.1921,-0.5439,-0.9238,0.447,-0.3047,-1.0227,2048
32,-0.1575,-0.5088,-0.8872,0.4291,-0.241,-1.0399,2042
32,-0.1562,-0.5161,-0.8459,0.4171,-0.1278,-0.9969,2043
32,-0.1436,-0.5278,-0.8159,0.3497,-0.1329,-0.9874,2044
32,-0.1523,-0.5403,-0.8279,0.294,-0.1116,-0.9359,2039
32,-0.1421,-0.5579,-0.7988,0.2502,-0.0931,-0.8958,2036
32,-0.1475,-0.6292,-0.7668,0.1842,-0.0863,-0.8798,2049
32,-0.2026,-0.7249,-0.7585,0.0778,0.0185,-0.8056,2051
32,-0.2146,-0.7605,-0.7429,-0.0075,0.0296,-0.7922,2044
32,-0.2231,-0.6919,-0.7202,-0.0471,0.0417,-0.7907,2033
32,-0.2083,-0.6643,-0.6582,-0.0398,0.0558,-0.8313,2041
32,-0.1887,-0.6902,-0.5974,-0.0967,0.1091,-0.8761,2039
32,-0.2273,-0.752,-0.6064,-0.1677,0.2205,-0.7949,2038
33,-0.2412,-0.761,-0.6504,-0.2092,0.2444,-0.7347,2039
33,-0.2266,-0.7246,-0.7214,-0.1649,0.2589,-0.7074,2051
33,-0.1692,-0.679,-0.752,-0.1525,0.3394,-0.6742,2039
33,-0.0842,-0.6702,-0.771,-0.1557,0.4476,-0.5883,2045
33,-0.0496,-0.667,-0.7842,-0.1726,0.5082,-0.4502,2038
33,-0.0488,-0.6353,-0.7881,-0.2087,0.485,-0.3195,2037
33,-0.0564,-0.6343,-0.771,-0.2495,0.4434,-0.2144,2037
33,-0.0659,-0.6655,-0.7583,-0.3133,0.4344,-0.0952,2048
33,-0.0916,-0.6746,-0.7485,-0.3904,0.3888,0.0193,2040
33,-0.1277,-0.6733,-0.7654,-0.4329,0.3064,0.1064,2040
33,-0.1384,-0.6477,-0.7686,-0.4537,0.2486,0.1615,2042
33,-0.1311,-0.6372,-0.7698,-0.4738,0.169,0.1958,2040
33,-0.1079,-0.6626,-0.7546,-0.5128,0.121,0.2294,2041
33,-0.1223,-0.6492,-0.7722,-0.5695,0.0795,0.2687,2040
33,-0.1162,-0.5823,-0.7778,-0.6007,-0.016,0.282,2036
33,-0.0903,-0.5493,-0.7681,-0.6019,-0.0787,0.2835,2041
33,-0.0491,-0.5071,-0.74,-0.559,-0.1246,0.3152,2038
33,-0.0522,-0.5198,-0.6995,-0.5573,-0.1823,0.342,2036
33,-0.0466,-0.5417,-0.6611,-0.5633,-0.2085,0.3892,2039
33,-0.063,-0.5037,-0.6504,-0.5674,-0.2535,0.398,2043
33,-0.0227,-0.4854,-0.6411,-0.5422,-0.3152,0.3906,2040
33,0.0242,-0.4812,-0.5977,-0.5219,-0.3017,0.4077,2045
33,0.0662,-0.5159,-0.5769,-0.5458,-0.2583,0.4562,2037
33,0.0718,-0.53,-0.5911,-0.5911,-0.2143,0.5366,2035
33,0.0833,-0.5256,-0.6221,-0.5765,-0.2341,0.5727,2046
33,0.1128,-0.4998,-0.6438,-0.5564,-0.2649,0.6026,2038
33,0.1301,-0.4963,-0.6357,-0.5136,-0.2565,0.6252,2043
33,0.1353,-0.5247,-0.6267,-0.5052,-0.2007,0.6765,2038
33,0.1357,-0.5293,-0.6353,-0.4785,-0.1955,0.7027,2046
33,0.1106,-0.5317,-0.6436,-0.4726,-0.1699,0.7212,2030
33,0.125,-0.5542,-0.645,-0.4457,-0.1288,0.704,2034
33,0.1304,-0.5896,-0.6628,-0.4369,-0.0641,0.7158,2047
33,0.1465,-0.5486,-0.687,-0.4409,-0.1076,0.7229,2037
33,0.1555,-0.4995,-0.6941,-0.3915,-0.135,0.7135,2042
33,0.1741,-0.5276,-0.6882,-0.3966,-0.1428,0.6745,2044
33,0.1357,-0.5681,-0.7063,-0.4689,-0.0882,0.6958,2040
33,0.1475,-0.5432,-0.7576,-0.4556,-0.1077,0.6625,2037
33,0.1523,-0.5205,-0.7751,-0.381,-0.1693,0.6155,2041
33,0.1912,-0.5403,-0.7983,-0.3743,-0.1989,0.5417,2038
33,0.1724,-0.5276,-0.8147,-0.3613,-0.2031,0.526,2048
33,0.156,-0.5476,-0.8369,-0.3231,-0.2437,0.4461,2038
33,0.1309,-0.5886,-0.8589,-0.3061,-0.2557,0.3908,2045
33,0.1611,-0.499,-0.876,-0.2686,-0.3181,0.3349,2038
33,0.1714,-0.5293,-0.8748,-0.278,-0.3488,0.3119,2028
33,0.1555,-0.5449,-0.907,-0.2306,-0.3225,0.2895,2044
33,0.1609,-0.5884,-0.9028,-0.2116,-0.2357,0.2422,2031
33,0.2009,-0.5864,-0.915,-0.1934,-0.2264,0.1505,2052
33,0.2837,-0.5613,-0.9277,-0.1614,-0.2165,0.0756,2051
33,0.3037,-0.5342,-0.9097,-0.1727,-0.1822,0.0445,2039
33,0.2988,-0.5339,-0.906,-0.1443,-0.1752,0.0131,2043
33,0.2913,-0.5667,-0.8757,-0.094,-0.1037,0.0181,2042
33,0.2375,-0.5886,-0.8572,-0.0645,0.0201,-0.0285,2040
33,0.2229,-0.6096,-0.8208,-0.0882,0.1068,-0.0483,2032
33,0.2034,-0.5896,-0.8337,-0.1547,0.1143,-0.0626,2037
33,0.1951,-0.5818,-0.823,-0.2653,0.1796,-0.1159,2036
33,0.2136,-0.542,-0.8235,-0.3345,0.1459,-0.1155,2027
33,0.127,-0.5437,-0.8147,-0.4176,0.2334,-0.1858,2032
33,0.0588,-0.5559,-0.8608,-0.4556,0.2658,-0.1772,2039
33,0.0076,-0.5449,-0.9199,-0.3904,0.23,-0.2009,2039
33,-0.0046,-0.5071,-1.0347,-0.32,0.1772,-0.2662,2035
33,0.0403,-0.48,-1.135,-0.2313,0.153,-0.4015,2051
33,0.0945,-0.5327,-1.1543,-0.0597,0.232,-0.4541,2048
33,0.0244,-0.5857,-1.1296,0.165,0.4517,-0.3685,2046
33,0.0193,-0.6799,-1.1575,0.2045,0.4948,-0.3039,2041
33,0.0911,-0.792,-1.2305,0.1586,0.4195,-0.28,2045
33,0.1753,-0.8589,-1.2529,0.1071,0.4036,-0.2878,2047
33,0.2075,-0.8042,-1.2405,0.0565,0.3938,-0.334,2038
33,0.1384,-0.7654,-1.2109,0.0446,0.4795,-0.2911,2037
33,0.062,-0.8101,-1.1677,-0.0166,0.4623,-0.2581,2037
33,-0.0132,-0.8315,-1.1697,-0.0554,0.3914,-0.218,2046
33,-0.0381,-0.7698,-1.1716,-0.0442,0.4,-0.2621,2035
33,-0.0244,-0.6838,-1.1523,0.031,0.4528,-0.28,2046
33,-0.022,-0.6396,-1.0879,0.1076,0.4653,-0.2501,2043
33,-0.0432,-0.6084,-1.0547,0.0876,0.3948,-0.2285,2037
33,-0.0562,-0.554,-1.0491,0.068,0.2738,-0.3019,2034
33,-0.012,-0.4924,-1.0112,0.0965,0.2216,-0.3229,2046
33,-0.0007,-0.4636,-0.9492,0.1238,0.2388,-0.3165,2038
33,-0.0164,-0.4204,-0.9009,0.1007,0.1891,-0.2852,2040
33,-0.0574,-0.4097,-0.8809,0.0965,0.1646,-0.288,2040
33,-0.072,-0.4238,-0.8665,0.0925,0.1003,-0.2928,2043
33,-0.0864,-0.3735,-0.8584,0.0988,0.0178,-0.2759,2041
33,-0.1121,-0.3325,-0.8521,0.1397,0.0024,-0.3264,2041
33,-0.1189,-0.3347,-0.8179,0.1812,0.1302,-0.3079,2045
33,-0.126,-0.3318,-0.8281,0.2085,0.1338,-0.3072,2039
33,-0.1189,-0.3438,-0.8164,0.2302,0.1404,-0.3298,2040
33,-0.1069,-0.3425,-0.8044,0.267,0.1292,-0.3566,2045
33,-0.1035,-0.3503,-0.7969,0.2543,0.1321,-0.349,2045
33,-0.1069,-0.384,-0.7939,0.2148,0.1627,-0.346,2039
33,-0.1189,-0.3982,-0.8118,0.19,0.1864,-0.3274,2049
33,-0.0991,-0.3906,-0.8079,0.1533,0.1257,-0.3273,2035
33,-0.1028,-0.377,-0.8147,0.1373,0.0971,-0.3043,2043
33,-0.0847,-0.3818,-0.813,0.1182,0.102,-0.2633,2045
33,-0.0667,-0.4358,-0.8181,0.0317,0.0952,-0.1922,2042
33,-0.0869,-0.4045,-0.8369,-0.0346,0.0735,-0.1534,2041
33,-0.0593,-0.311,-0.8352,-0.0501,-0.0011,-0.1405,2037
33,0.0063,-0.3274,-0.7903,-0.0799,0.0627,-0.0565,2045
33,0.0117,-0.3594,-0.7646,-0.1931,0.1489,0.088,2034
33,-0.0527,-0.3137,-0.8157,-0.2655,0.0796,0.1507,2040
33,-0.0071,-0.3735,-0.8606,-0.3045,-0.0366,0.2,2044
33,-0.0088,-0.3704,-0.8745,-0.3521,-0.0113,0.2947,2039
33,-0.0442,-0.3342,-0.8972,-0.4434,-0.077,0.3184,2041
33,-0.0068,-0.269,-0.8987,-0.4042,-0.0808,0.3232,2044
33,0.0334,-0.2668,-0.8542,-0.3942,-0.0956,0.3199,2045
34,0.052,-0.3723,-0.8474,-0.4183,-0.1069,0.3583,2045
34,-0.0046,-0.4021,-0.8359,-0.4537,-0.0743,0.4091,2035
34,-0.0225,-0.3489,-0.8364,-0.4823,-0.1579,0.3673,2038
34,0.0542,-0.2998,-0.811,-0.4421,-0.1867,0.3207,2046
34,0.1045,-0.3074,-0.7556,-0.4127,-0.1313,0.33,2045
34,0.0771,-0.3276,-0.7485,-0.4336,-0.0924,0.373,2041
34,0.04,-0.3257,-0.7515,-0.4257,-0.1173,0.3571,2042
34,0.0601,-0.3396,-0.7661,-0.4116,-0.1249,0.3217,2039
34,0.0918,-0.3743,-0.7495,-0.4153,-0.0249,0.3204,2048
34,0.0881,-0.385,-0.7432,-0.441,0.0394,0.3248,2039
34,0.0881,-0.3716,-0.7808,-0.4175,0.0108,0.2924,2042
34,0.1179,-0.3838,-0.8284,-0.3761,-0.0329,0.2695,2041
34,0.1284,-0.3933,-0.8364,-0.3406,-0.0262,0.2697,2037
34,0.1267,-0.3838,-0.8643,-0.2919,-0.0322,0.2701,2043
34,0.1421,-0.3809,-0.8757,-0.2505,-0.053,0.2314,2038
34,0.1584,-0.4265,-0.8679,-0.2365,-0.0246,0.2286,2043
34,0.1431,-0.4631,-0.8682,-0.2523,-0.0298,0.2591,2041
34,0.1228,-0.448,-0.9126,-0.2238,-0.0917,0.2417,2042
34,0.1438,-0.4009,-0.9158,-0.1432,-0.1487,0.2052,2039
34,0.1667,-0.4072,-0.9111,-0.0671,-0.1314,0.2003,2049
34,0.1472,-0.4739,-0.9192,-0.0374,-0.0463,0.2332,2043
34,0.1345,-0.5205,-0.9397,-0.0414,-0.0577,0.2495,2037
34,0.1606,-0.5286,-0.9465,-0.0044,-0.1541,0.1995,2048
34,0.2063,-0.5105,-0.9216,0.0393,-0.2204,0.1557,2039
34,0.2209,-0.4675,-0.8513,0.0818,-0.2139,0.1453,2041
34,0.1926,-0.4521,-0.7993,0.1182,-0.2193,0.1119,2042
34,0.1733,-0.4316,-0.7834,0.1535,-0.2073,0.0683,2043
34,0.1436,-0.4285,-0.7893,0.1836,-0.2192,0.0332,2036
34,0.1357,-0.457,-0.7729,0.2131,-0.2079,0.0107,2046
34,0.1133,-0.4507,-0.7444,0.2168,-0.1811,-0.0169,2045
34,0.0925,-0.4316,-0.7446,0.2007,-0.1842,-0.0663,2036
34,0.0933,-0.4194,-0.748,0.188,-0.1683,-0.1117,2034
34,0.0896,-0.4167,-0.7937,0.1836,-0.1687,-0.1595,2048
34,0.1008,-0.4285,-0.8301,0.1895,-0.2163,-0.1871,2040
34,0.1064,-0.3899,-0.875,0.2104,-0.2663,-0.2317,2041
34,0.1453,-0.3662,-0.916,0.2373,-0.3442,-0.2748,2041
34,0.179,-0.4006,-0.947,0.2803,-0.34,-0.2864,2047
34,0.1575,-0.4031,-0.9448,0.2979,-0.3446,-0.2804,2036
34,0.1455,-0.4082,-0.9475,0.3113,-0.4252,-0.2919,2035
34,0.1562,-0.4087,-0.938,0.3402,-0.4907,-0.2988,2043
34,0.1528,-0.415,-0.8972,0.3496,-0.5393,-0.2835,2042
34,0.1562,-0.4458,-0.9043,0.3578,-0.5912,-0.2541,2043
34,0.1418,-0.4387,-0.9021,0.367,-0.6128,-0.2445,2043
34,0.1311,-0.436,-0.9119,0.345,-0.6235,-0.2421,2042
34,0.1377,-0.4326,-0.8953,0.348,-0.6107,-0.244,2043
34,0.1345,-0.4578,-0.8738,0.3219,-0.567,-0.2238,2035
34,0.1018,-0.4712,-0.8782,0.2618,-0.5247,-0.2053,2039
34,0.0845,-0.4167,-0.9045,0.2081,-0.5351,-0.2317,2038
34,0.1287,-0.3518,-0.916,0.2268,-0.5753,-0.2739,2050
34,0.165,-0.343,-0.9011,0.2718,-0.5875,-0.2638,2035
34,0.1379,-0.3669,-0.8689,0.2767,-0.6215,-0.2818,2043
34,0.0964,-0.3713,-0.8738,0.3289,-0.6558,-0.3212,2035
34,0.0388,-0.4189,-0.7815,0.3619,-0.5677,-0.3571,2040
34,0.0347,-0.4087,-0.7122,0.3727,-0.5044,-0.3693,2045
34,0.0574,-0.3738,-0.6462,0.3251,-0.4303,-0.4212,2044
34,0.0911,-0.3347,-0.7061,0.3043,-0.4244,-0.4187,2042
34,0.1277,-0.3762,-0.8489,0.2992,-0.4984,-0.3528,2040
34,0.144,-0.489,-1.0713,0.2509,-0.5115,-0.2591,2043
34,0.1877,-0.5144,-1.241,0.3393,-0.3856,-0.1462,2048
34,0.2473,-0.5857,-1.3037,0.3567,-0.3184,-0.0569,2048
34,0.2554,-0.6504,-1.2991,0.3619,-0.2847,0.019,2043
34,0.2168,-0.7097,-1.2485,0.3187,-0.3718,0.0653,2047
34,0.1367,-0.7097,-1.1387,0.2743,-0.4561,0.075,2038
34,0.0771,-0.6763,-1.0139,0.2495,-0.518,0.0591,2049
34,0.0242,-0.6355,-0.9189,0.1886,-0.541,0.0543,2041
34,0.0144,-0.5579,-0.8518,0.1224,-0.5438,0.0467,2033
34,0.0334,-0.4758,-0.8364,0.1037,-0.5612,0.0362,2051
34,0.0422,-0.4661,-0.8875,0.0751,-0.5412,0.0609,2042
34,0.0286,-0.4666,-1.0081,0.0145,-0.5139,0.0786,2039
34,0.0608,-0.5061,-1.1238,-0.0462,-0.4771,0.0843,2048
34,0.1155,-0.5251,-1.2075,-0.0712,-0.414,0.089,2039
34,0.1331,-0.4541,-1.2334,-0.0361,-0.3542,0.0551,2034
34,0.1978,-0.5073,-1.2278,0.0133,-0.348,0.089,2049
34,0.1284,-0.5784,-1.2236,-0.0744,-0.2551,0.1823,2038
34,0.002,-0.6023,-1.2542,-0.1116,-0.2175,0.1457,2037
34,0.0396,-0.5398,-1.2046,-0.0282,-0.23,0.0274,2041
34,0.0793,-0.5247,-1.061,0.0264,-0.1406,-0.0236,2047
34,0.0371,-0.5667,-0.9202,0.0574,-0.0455,-0.0301,2041
34,-0.0437,-0.5601,-0.8455,0.0325,-0.0549,-0.079,2039
34,-0.0447,-0.5066,-0.8354,-0.0081,-0.0824,-0.1702,2046
34,0.0234,-0.467,-0.8267,-0.0012,-0.0015,-0.2095,2042
34,0.0442,-0.4822,-0.7908,-0.0052,0.1432,-0.1967,2044
34,-0.0022,-0.5017,-0.7856,-0.081,0.2639,-0.1747,2037
34,-0.0359,-0.4705,-0.8044,-0.1655,0.281,-0.1772,2037
34,-0.0298,-0.4409,-0.8176,-0.2013,0.3004,-0.2229,2042
34,-0.0181,-0.4797,-0.8032,-0.2317,0.4104,-0.2183,2042
34,-0.031,-0.4888,-0.7925,-0.2914,0.4586,-0.1891,2042
34,-0.1108,-0.4561,-0.8015,-0.334,0.4581,-0.2413,2039
34,-0.1211,-0.458,-0.7935,-0.3445,0.5051,-0.3079,2040
34,-0.1167,-0.5017,-0.7722,-0.3528,0.5355,-0.3408,2041
34,-0.1265,-0.488,-0.7539,-0.399,0.4478,-0.3703,2032
34,-0.1575,-0.4124,-0.7588,-0.3924,0.3803,-0.4669,2044
34,-0.1465,-0.4053,-0.782,-0.3199,0.4606,-0.4972,2036
34,-0.1111,-0.4517,-0.7893,-0.3104,0.5268,-0.4691,2042
34,-0.1089,-0.4729,-0.8191,-0.3566,0.4817,-0.4516,2044
34,-0.1028,-0.4509,-0.835,-0.3587,0.4553,-0.4609,2041
34,-0.0378,-0.4465,-0.811,-0.3306,0.4564,-0.4438,2041
34,-0.0049,-0.4661,-0.7739,-0.351,0.4143,-0.3647,2040
34,-0.0049,-0.4983,-0.7883,-0.3966,0.3265,-0.2713,2048
34,-0.0334,-0.5132,-0.8086,-0.4346,0.3077,-0.1808,2036
34,-0.0449,-0.5408,-0.8108,-0.4882,0.3448,-0.0771,2039
34,-0.0361,-0.5271,-0.7961,-0.5217,0.4047,0.0056,2041
35,-0.0276,-0.5166,-0.7832,-0.5304,0.4022,0.073,2045
35,-0.0142,-0.5247,-0.761,-0.5317,0.3607,0.1426,2043
35,-0.0305,-0.5469,-0.7671,-0.5437,0.3243,0.2173,2038
35,-0.0427,-0.5181,-0.7991,-0.5409,0.2667,0.2868,2047
35,-0.0332,-0.5098,-0.793,-0.5482,0.2077,0.3293,2043
35,-0.0054,-0.4878,-0.7852,-0.497,0.1626,0.357,2042
35,0.0032,-0.4751,-0.7478,-0.4579,0.1322,0.4187,2043
35,0.0017,-0.4673,-0.7205,-0.4124,0.0859,0.4678,2047
35,0.0454,-0.4592,-0.7092,-0.3496,-0.0338,0.5209,2047
35,0.0691,-0.4829,-0.7092,-0.3336,-0.1008,0.5789,2041
35,0.0852,-0.4736,-0.7083,-0.2879,-0.1127,0.6296,2034
35,0.0898,-0.4607,-0.7036,-0.2559,-0.1269,0.6861,2046
35,0.1111,-0.4495,-0.7036,-0.1958,-0.1794,0.7147,2045
35,0.1284,-0.4666,-0.6785,-0.1373,-0.187,0.7727,2043
35,0.1274,-0.4753,-0.6895,-0.1089,-0.2232,0.8139,2031
35,0.1033,-0.4839,-0.7102,-0.0912,-0.2384,0.8752,2038
35,0.0552,-0.5515,-0.7351,-0.0941,-0.1474,0.9112,2051
35,0.126,-0.5198,-0.781,-0.0451,-0.2097,0.8798,2034
35,0.1516,-0.5449,-0.8186,-0.085,-0.1776,0.9215,2035
35,0.1257,-0.5278,-0.8428,-0.0746,-0.2119,0.9626,2040
35,0.1414,-0.5283,-0.8477,-0.0969,-0.2567,0.9427,2044
35,0.1631,-0.5203,-0.8474,-0.1666,-0.1674,0.963,2044
35,0.1587,-0.5142,-0.8435,-0.2175,-0.1282,1.0182,2037
35,0.1528,-0.49,-0.8562,-0.2284,-0.1583,1.0359,2048
35,0.157,-0.4924,-0.8789,-0.236,-0.2171,1.0175,2031
35,0.1572,-0.5088,-0.9434,-0.3123,-0.1718,1.0278,2043
35,0.1658,-0.5264,-1.0291,-0.3251,-0.145,1.02,2041
35,0.175,-0.5083,-1.0901,-0.3136,-0.1043,0.9979,2037
35,0.2139,-0.5073,-1.1226,-0.2882,-0.0808,0.8978,2041
35,0.2554,-0.4741,-1.1035,-0.2796,-0.0286,0.7986,2048
35,0.3174,-0.4854,-1.0879,-0.3117,-0.1553,0.702,2048
35,0.3232,-0.4551,-1.1567,-0.3579,-0.5176,0.4639,2050
35,0.1936,-0.4644,-1.167,-0.2362,-0.3175,0.3064,2049
35,0.1692,-0.4487,-1.0623,0.1144,0.2902,0.3537,2044
35,0.1934,-0.5095,-0.9243,0.4236,0.7249,0.5516,2032
35,0.1682,-0.5366,-0.9829,0.3043,0.5024,0.5283,2023
35,0.207,-0.5642,-1.1021,0.2234,0.1691,0.3039,2052
35,0.2007,-0.5925,-1.0137,0.2326,0.2691,0.1726,2049
35,0.0403,-0.6702,-0.9233,-0.0309,0.4292,0.2019,2031
35,-0.0054,-0.6621,-1.0146,-0.2261,0.3834,0.2161,2034
35,0.0208,-0.5327,-1.1016,-0.1515,0.4081,0.2677,2037
35,0.0144,-0.4443,-1.1841,-0.1132,0.4757,0.2484,2037
35,0.022,-0.4475,-1.3032,-0.0478,0.5288,0.1779,2041
35,0.0393,-0.4802,-1.3496,0.0812,0.4923,0.1163,2054
35,-0.0078,-0.5142,-1.3071,0.1914,0.4285,0.0569,2047
35,-0.0381,-0.5515,-1.2251,0.189,0.3461,0.0265,2044
35,-0.0398,-0.5115,-1.116,0.1617,0.2254,-0.0296,2042
35,-0.0269,-0.4707,-1.0215,0.1835,0.0839,-0.059,2040
35,-0.04,-0.436,-0.8909,0.1712,0.0728,-0.0668,2031
35,-0.0879,-0.3982,-0.8379,0.0895,0.0651,-0.0133,2048
35,-0.116,-0.3657,-0.7769,-0.0056,0.0518,0.0125,2040
35,-0.0947,-0.3096,-0.75,0.0224,-0.0481,0.0117,2037
35,-0.1284,-0.2639,-0.7449,0.033,-0.1068,0.0575,2041
35,-0.1411,-0.262,-0.7407,0.0385,-0.0671,0.0933,2042
35,-0.1782,-0.259,-0.7815,0.0888,0.1284,0.1538,2045
35,-0.1907,-0.2498,-0.8269,0.1261,0.1674,0.1854,2042
35,-0.2124,-0.304,-0.8572,0.1466,0.1638,0.1855,2044
35,-0.1816,-0.2812,-0.8638,0.2096,0.1804,0.1697,2038
35,-0.1724,-0.262,-0.8613,0.2554,0.0891,0.1735,2044
35,-0.1182,-0.2874,-0.8508,0.2671,-0.0146,0.1531,2043
35,-0.1389,-0.2437,-0.8174,0.2959,-0.0149,0.2129,2047
35,-0.0942,-0.2349,-0.79,0.3232,-0.084,0.2468,2038
35,-0.1558,-0.3386,-0.7332,0.3079,-0.0494,0.3224,2047
35,-0.1702,-0.3118,-0.7209,0.1782,-0.0595,0.3667,2039
35,-0.1824,-0.2954,-0.7703,0.1032,-0.1774,0.3444,2042
35,-0.0803,-0.2617,-0.7861,0.1341,-0.1586,0.4117,2052
35,-0.071,-0.3135,-0.7603,0.0924,-0.1228,0.5413,2038
35,-0.0991,-0.2603,-0.7935,0.0158,-0.1771,0.6067,2041
35,-0.0222,-0.2073,-0.8352,0.0153,-0.269,0.6319,2028
35,0.0466,-0.2041,-0.7974,0.0004,-0.2268,0.7212,2040
35,-0.002,-0.2178,-0.8357,-0.0836,-0.2045,0.8416,2042
35,-0.0293,-0.2229,-0.9038,-0.116,-0.2521,0.9001,2043
35,-0.0283,-0.228,-0.9631,-0.1214,-0.2852,0.9072,2038
35,0.0129,-0.2366,-0.9668,-0.0961,-0.2561,0.9547,2038
35,-0.0059,-0.2659,-0.9446,-0.0491,-0.2003,0.9923,2037
35,-0.0347,-0.2837,-0.9138,-0.038,-0.1914,0.9851,2038
35,-0.0356,-0.3281,-0.876,-0.059,-0.2132,0.9355,2041
35,-0.0256,-0.3467,-0.8411,-0.0437,-0.2278,0.87,2040
35,-0.0256,-0.3406,-0.7881,-0.0392,-0.2673,0.8437,2038
35,-0.0193,-0.3621,-0.7822,-0.0754,-0.3156,0.8011,2042
35,-0.0166,-0.3457,-0.8154,-0.0965,-0.3615,0.7624,2040
35,0.031,-0.324,-0.8826,-0.0827,-0.3934,0.7232,2050
35,0.0713,-0.3374,-0.9246,-0.027,-0.3545,0.705,2041
35,0.0547,-0.3506,-0.9841,-0.0256,-0.3211,0.7066,2040
35,0.0583,-0.3789,-1.0066,-0.023,-0.3147,0.6889,2040
35,0.0823,-0.4341,-1.0105,-0.09,-0.2669,0.6267,2042
35,0.1028,-0.4402,-1.0012,-0.1149,-0.2232,0.5882,2039
35,0.1013,-0.4128,-0.9729,-0.1099,-0.2139,0.5175,2036
35,0.1199,-0.3621,-0.9231,-0.0458,-0.1461,0.3822,2046
35,0.0981,-0.3845,-0.9021,-0.0682,-0.0754,0.3333,2040
35,0.0864,-0.3962,-0.9556,-0.0606,-0.0838,0.2472,2033
35,0.0664,-0.3877,-1.0061,-0.0041,-0.0683,0.1848,2043
35,0.0847,-0.429,-1.0237,0.0218,-0.0654,0.0609,2042
35,0.1392,-0.4609,-1.0229,0.0708,-0.0579,0.0153,2038
35,0.179,-0.5059,-1.0122,0.0808,-0.1024,-0.0804,2045
35,0.1482,-0.5369,-0.9863,0.0097,-0.0674,-0.1699,2040
35,0.0486,-0.5046,-1.033,-0.0281,-0.1326,-0.2946,2038
35,-0.0413,-0.4841,-1.0837,-0.0228,-0.0968,-0.4026,2040
35,-0.1284,-0.5859,-1.1455,-0.0338,0.0654,-0.4779,2046
35,-0.1406,-0.658,-1.1716,-0.0121,0.2936,-0.614,2042
35,-0.1306,-0.6201,-1.1458,0.0241,0.4915,-0.7087,2033
35,-0.1436,-0.5427,-1.1287,-0.0055,0.5119,-0.8194,2037
35,-0.176,-0.4968,-1.1248,-0.0748,0.4862,-0.9841,2039
36,-0.1968,-0.5286,-1.1367,-0.1384,0.4769,-1.0957,2039
36,-0.2009,-0.4893,-1.1506,-0.1201,0.4878,-1.1845,2041
36,-0.218,-0.4326,-1.1379,-0.1172,0.4605,-1.2214,2043
36,-0.2019,-0.4053,-1.1128,-0.1084,0.396,-1.2105,2045
36,-0.1812,-0.4028,-1.106,-0.1465,0.361,-1.199,2043
36,-0.1528,-0.3787,-1.0962,-0.1471,0.3068,-1.1604,2040
36,-0.0852,-0.3665,-1.0388,-0.1348,0.2886,-1.1061,2048
36,-0.053,-0.3696,-0.9531,-0.132,0.3328,-1.0436,2047
36,-0.0571,-0.4121,-0.8704,-0.1726,0.3474,-0.978,2040
36,-0.0854,-0.4836,-0.7979,-0.195,0.3025,-0.9102,2047
36,-0.1475,-0.5339,-0.7324,-0.2393,0.2336,-0.8831,2043
36,-0.1404,-0.5452,-0.7246,-0.2722,0.1944,-0.8903,2044
36,-0.0898,-0.5569,-0.7124,-0.2626,0.1043,-0.8701,2036
36,-0.1335,-0.6462,-0.7148,-0.2569,0.1599,-0.8256,2046
36,-0.1438,-0.6748,-0.7114,-0.3045,0.2152,-0.7661,2039
36,-0.1223,-0.6211,-0.717,-0.2924,0.1728,-0.7233,2048
36,-0.0725,-0.5632,-0.7048,-0.2858,0.1558,-0.6717,2044
36,-0.0322,-0.5349,-0.6685,-0.2661,0.1922,-0.5931,2047
36,-0.0427,-0.5278,-0.6592,-0.2896,0.2096,-0.5124,2032
36,-0.0806,-0.48,-0.7075,-0.3304,0.1794,-0.422,2046
36,-0.0518,-0.4185,-0.7688,-0.3433,0.0599,-0.3521,2043
36,-0.0056,-0.408,-0.8022,-0.3224,-0.021,-0.2643,2036
36,-0.0173,-0.4368,-0.8076,-0.3072,-0.0413,-0.1702,2041
36,-0.0449,-0.4329,-0.8118,-0.3318,-0.147,-0.0835,2044
36,-0.0632,-0.4158,-0.8115,-0.3361,-0.2626,-0.0541,2038
36,-0.0273,-0.3657,-0.7883,-0.2968,-0.3574,-0.0403,2041
36,0.0029,-0.4111,-0.7307,-0.3044,-0.399,-0.0007,2046
36,-0.0225,-0.4285,-0.7063,-0.3164,-0.4079,0.0429,2038
36,-0.0442,-0.3691,-0.709,-0.3247,-0.4996,0.0249,2037
36,-0.0195,-0.3745,-0.6829,-0.292,-0.5879,-0.0132,2044
36,0.0381,-0.3921,-0.6699,-0.2594,-0.5633,-0.0031,2048
36,0.0449,-0.4006,-0.6746,-0.2609,-0.5501,0.0,2041
36,0.085,-0.384,-0.7146,-0.2377,-0.5743,-0.0305,2046
36,0.1492,-0.366,-0.729,-0.1787,-0.6147,-0.0308,2043
36,0.208,-0.4114,-0.7129,-0.1678,-0.6335,0.0011,2037
36,0.1541,-0.5073,-0.6958,-0.176,-0.5474,0.1119,2038
36,0.1829,-0.4399,-0.7715,-0.326,-0.6685,-0.063,2039
36,0.2202,-0.4348,-0.8623,-0.2647,-0.703,-0.0289,2041
36,0.2346,-0.4546,-0.8506,-0.1579,-0.5978,0.0249,2041
36,0.1794,-0.47,-0.8293,-0.139,-0.5125,0.082,2049
36,0.1128,-0.4385,-0.8489,-0.1352,-0.4149,0.0505,2036
36,0.1211,-0.4709,-0.8459,-0.1336,-0.3189,0.0174,2038
36,0.1482,-0.4739,-0.8672,-0.1232,-0.2072,0.0334,2041
36,0.1631,-0.4539,-0.8816,-0.1196,-0.1402,0.0198,2045
36,0.2107,-0.4067,-0.9084,-0.0672,-0.0981,-0.0474,2046
36,0.1904,-0.4319,-0.9116,-0.0421,-0.0041,-0.0314,2042
36,0.1257,-0.5256,-0.9619,-0.1498,0.0891,-0.0116,2032
36,0.1099,-0.552,-1.0427,-0.1977,0.128,-0.0586,2042
36,0.1555,-0.5562,-1.0984,-0.1706,0.1487,-0.0875,2045
36,0.2214,-0.5195,-1.1184,-0.1997,0.1638,-0.1105,2036
36,0.3569,-0.4333,-1.1074,-0.2188,0.0871,-0.1712,2040
36,0.4631,-0.426,-1.144,-0.3385,-0.0791,-0.1246,2044
36,0.2183,-0.5083,-1.292,-0.4678,-0.1618,-0.0807,2042
36,0.1001,-0.5449,-1.3357,-0.2871,0.2756,-0.1226,2052
36,0.1912,-0.51,-1.2754,0.053,0.6512,-0.1072,2031
36,0.1609,-0.6489,-1.2778,0.0634,0.7075,0.032,2047
36,0.1677,-0.7249,-1.2781,-0.0988,0.7478,-0.0004,2032
36,0.2039,-0.5823,-1.2131,-0.1971,0.822,-0.1348,2037
36,0.1311,-0.6001,-1.0476,-0.3968,0.8315,-0.0973,2034
36,0.0901,-0.5164,-1.0581,-0.5351,0.8135,-0.0613,2046
36,0.0305,-0.582,-1.0669,-0.6765,0.8228,0.0917,2043
36,-0.0312,-0.4307,-1.228,-0.7674,0.7951,0.1117,2037
36,-0.0034,-0.3298,-1.2642,-0.7686,0.8222,0.0434,2035
36,0.0623,-0.2097,-1.2593,-0.6702,0.8825,-0.0462,2040
36,0.0845,-0.2202,-1.2017,-0.6131,0.8134,-0.0451,2043
36,0.0022,-0.1985,-1.1218,-0.6039,0.6405,-0.0894,2034
36,-0.0425,-0.1848,-1.0356,-0.5047,0.5781,-0.1651,2041
36,-0.0381,-0.1418,-0.9614,-0.5003,0.6311,-0.2228,2050
36,-0.0083,-0.1421,-0.9368,-0.5299,0.6397,-0.2405,2041
36,-0.0078,-0.1499,-0.9131,-0.5486,0.5878,-0.2185,2043
36,-0.0137,-0.166,-0.8716,-0.524,0.4803,-0.1645,2035
36,-0.0754,-0.124,-0.8611,-0.5328,0.3964,-0.1583,2047
36,-0.105,-0.1094,-0.8889,-0.4516,0.4312,-0.1115,2037
36,-0.135,-0.1555,-0.9097,-0.3895,0.5175,-0.1075,2042
36,-0.1309,-0.2146,-0.9504,-0.357,0.5251,-0.0931,2040
36,-0.1145,-0.2173,-0.9658,-0.3429,0.4509,-0.0948,2041
36,-0.0847,-0.2124,-0.9512,-0.3338,0.4019,-0.1017,2043
36,0.0042,-0.1719,-0.9819,-0.3144,0.3124,-0.0963,2046
36,-0.0303,-0.2803,-0.9863,-0.3591,0.3187,0.032,2041
36,-0.0498,-0.2654,-1.0146,-0.3939,0.2484,0.1087,2043
36,-0.0085,-0.1897,-1.0278,-0.3722,0.122,0.1393,2043
36,0.0151,-0.1489,-0.9653,-0.3244,0.0943,0.2095,2041
36,-0.0103,-0.1755,-0.8811,-0.3517,0.1109,0.28,2047
36,-0.0579,-0.1924,-0.8118,-0.363,0.1642,0.3179,2045
36,-0.0693,-0.1702,-0.7534,-0.3337,0.1613,0.3302,2045
36,-0.0615,-0.1565,-0.7148,-0.3858,0.1394,0.3482,2046
36,-0.0042,-0.1309,-0.7383,-0.3778,0.0847,0.3562,2039
36,0.0254,-0.0957,-0.7185,-0.3045,0.0826,0.3601,2042
36,0.0381,-0.1343,-0.7019,-0.2344,0.0903,0.361,2044
36,0.0349,-0.1418,-0.6741,-0.1618,0.0969,0.3271,2043
36,0.083,-0.135,-0.6714,-0.1041,0.01,0.2851,2042
36,0.1257,-0.1411,-0.6689,-0.0491,-0.0467,0.2585,2045
36,0.1265,-0.1675,-0.6458,0.032,-0.0059,0.2637,2043
36,0.0891,-0.1917,-0.6345,0.0104,0.0137,0.2589,2049
36,0.0933,-0.1501,-0.6604,0.0418,-0.0141,0.2219,2046
36,0.116,-0.1458,-0.6775,0.0949,-0.0425,0.2139,2039
36,0.1113,-0.1675,-0.7239,0.1557,-0.038,0.2221,2043
36,0.0908,-0.1821,-0.7661,0.1475,-0.081,0.2101,2033
36,0.1064,-0.1755,-0.8569,0.2107,-0.1372,0.1675,2041
36,0.1453,-0.2136,-0.8567,0.2465,-0.1649,0.1392,2048
36,0.1279,-0.2075,-0.8623,0.2257,-0.1815,0.1244,2041
36,0.1182,-0.1863,-0.8943,0.2609,-0.2418,0.083,2038
37,0.1587,-0.2107,-0.8894,0.2963,-0.2934,0.0467,2054
37,0.1323,-0.2295,-0.8945,0.3127,-0.3157,0.0344,2043
37,0.1228,-0.24,-0.9324,0.3498,-0.3796,-0.0124,2037
37,0.1636,-0.2581,-0.9661,0.4096,-0.4167,-0.0533,2047
37,0.1719,-0.2683,-0.9658,0.4091,-0.4151,-0.0585,2046
37,0.1689,-0.2637,-0.9792,0.4557,-0.444,-0.0917,2035
37,0.1946,-0.3105,-0.9712,0.4549,-0.498,-0.1189,2040
37,0.1953,-0.3408,-0.9724,0.4257,-0.5548,-0.1413,2035
37,0.1992,-0.3401,-0.9971,0.418,-0.613,-0.1816,2032
37,0.2312,-0.3064,-1.0125,0.4259,-0.6287,-0.2103,2050
37,0.2668,-0.2849,-1.0261,0.4152,-0.5946,-0.2292,2039
37,0.2844,-0.2671,-1.0203,0.4332,-0.5489,-0.2369,2040
37,0.2773,-0.2607,-1.0059,0.4513,-0.5156,-0.2368,2040
37,0.303,-0.2439,-0.9834,0.4595,-0.542,-0.2658,2037
37,0.3142,-0.2517,-0.9512,0.4783,-0.559,-0.2914,2047
37,0.3247,-0.2324,-0.9397,0.5044,-0.5359,-0.297,2038
37,0.301,-0.2607,-0.9268,0.4894,-0.5754,-0.2956,2044
37,0.2637,-0.2527,-0.9658,0.4868,-0.6345,-0.318,2038
37,0.2751,-0.2573,-0.9597,0.4962,-0.6581,-0.3385,2042
37,0.2537,-0.2856,-0.9736,0.4705,-0.6521,-0.3344,2048
37,0.2241,-0.3027,-0.978,0.4127,-0.6064,-0.347,2035
37,0.2031,-0.3247,-0.9617,0.3398,-0.505,-0.3738,2042
37,0.2004,-0.2861,-0.9292,0.3013,-0.3719,-0.3931,2036
37,0.2246,-0.2642,-0.9204,0.2816,-0.3013,-0.383,2032
37,0.2432,-0.2463,-0.9265,0.2766,-0.2256,-0.3678,2046
37,0.2849,-0.2283,-0.9419,0.2772,-0.2107,-0.3493,2045
37,0.325,-0.2607,-0.9829,0.2647,-0.2418,-0.3197,2041
37,0.293,-0.2668,-1.0317,0.259,-0.3035,-0.3113,2044
37,0.3,-0.2612,-1.0928,0.2618,-0.3904,-0.3045,2040
37,0.2175,-0.3242,-1.1609,0.2223,-0.3261,-0.3073,2051
37,0.1155,-0.4604,-1.1755,0.3037,-0.289,-0.5047,2035
37,0.0891,-0.4624,-1.1562,0.3349,-0.4002,-0.712,2033
37,0.0945,-0.395,-1.1355,0.1755,-0.5608,-0.7329,2032
37,0.1389,-0.2771,-1.1707,0.0032,-0.7164,-0.5066,2041
37,0.0759,-0.1716,-1.2534,-0.0244,-0.6827,-0.2505,2044
37,0.0581,-0.2769,-1.3059,-0.0069,-0.6344,-0.1703,2048
37,0.0107,-0.3374,-1.311,0.0656,-0.6034,-0.2213,2044
37,0.0103,-0.345,-1.2925,0.0393,-0.5464,-0.3045,2039
37,0.0171,-0.3669,-1.2627,-0.0575,-0.4719,-0.31,2029
37,0.0205,-0.3652,-1.2278,-0.1077,-0.4572,-0.2814,2046
37,0.0095,-0.3652,-1.1687,-0.173,-0.4786,-0.2204,2040
37,-0.0061,-0.3752,-1.1108,-0.2232,-0.4655,-0.1806,2041
37,-0.0291,-0.3599,-1.0391,-0.2369,-0.4599,-0.1922,2041
37,-0.031,-0.3149,-0.9382,-0.2145,-0.4311,-0.2215,2049
37,-0.0486,-0.301,-0.8503,-0.1919,-0.3635,-0.2366,2046
37,-0.0679,-0.3181,-0.7922,-0.2345,-0.3088,-0.2381,2038
37,-0.0823,-0.3228,-0.781,-0.295,-0.2859,-0.2412,2040
37,-0.0557,-0.3108,-0.7783,-0.2758,-0.2472,-0.2491,2033
37,-0.062,-0.3298,-0.7532,-0.2518,-0.247,-0.2309,2046
37,-0.0378,-0.3608,-0.7559,-0.2767,-0.2663,-0.2426,2043
37,-0.0015,-0.3748,-0.7964,-0.2647,-0.3558,-0.2782,2035
37,-0.0322,-0.4417,-0.8218,-0.2928,-0.2386,-0.1898,2039
37,-0.009,-0.4497,-0.8452,-0.3365,-0.1586,-0.1284,2036
37,-0.0259,-0.4397,-0.8574,-0.4061,-0.1248,-0.0752,2049
37,-0.0149,-0.4182,-0.8655,-0.435,-0.1406,-0.0354,2048
37,-0.0339,-0.3899,-0.8633,-0.449,-0.0182,0.1057,2039
37,-0.0164,-0.3269,-0.8943,-0.4408,-0.008,0.1806,2037
37,0.0078,-0.2922,-0.8977,-0.3963,-0.0036,0.2199,2042
37,-0.0095,-0.3535,-0.8806,-0.4124,0.0003,0.3052,2043
37,-0.0334,-0.3855,-0.8591,-0.4963,0.0103,0.3843,2043
37,-0.0461,-0.3789,-0.8909,-0.5601,-0.032,0.403,2040
37,-0.0093,-0.3464,-0.8918,-0.6096,-0.102,0.4139,2041
37,0.0295,-0.2903,-0.8643,-0.5699,-0.0988,0.435,2041
37,0.0505,-0.2764,-0.8403,-0.5008,-0.0458,0.4721,2044
37,0.0591,-0.2803,-0.8081,-0.4675,0.0132,0.512,2039
37,0.0217,-0.2817,-0.8218,-0.444,0.1107,0.5308,2035
37,0.0806,-0.2314,-0.8691,-0.3922,0.0676,0.5265,2041
37,0.1438,-0.3064,-0.8254,-0.3639,0.0518,0.5068,2036
37,0.1284,-0.3103,-0.8694,-0.3767,0.0366,0.5046,2039
37,0.1255,-0.335,-0.9014,-0.3786,0.0334,0.4797,2032
37,0.1453,-0.3323,-0.9551,-0.3377,0.0762,0.4911,2045
37,0.146,-0.3479,-0.959,-0.2597,0.1165,0.5747,2045
37,0.1516,-0.3452,-0.9775,-0.2626,0.1413,0.5453,2036
37,0.1697,-0.3557,-0.98,-0.2671,0.208,0.5833,2039
37,0.2124,-0.375,-0.9944,-0.2828,0.3217,0.6557,2047
37,0.2417,-0.3186,-0.9919,-0.2859,0.4123,0.7067,2043
37,0.2791,-0.2585,-0.9871,-0.2473,0.4943,0.7228,2042
37,0.2859,-0.2593,-0.9573,-0.2497,0.6348,0.7749,2040
37,0.2578,-0.2725,-0.9395,-0.2329,0.7146,0.7995,2035
37,0.2776,-0.3147,-0.9846,-0.3095,0.6826,0.8007,2042
37,0.3401,-0.3447,-1.0386,-0.3912,0.5671,0.8323,2036
37,0.355,-0.4087,-1.072,-0.4734,0.4216,0.8889,2039
37,0.1729,-0.2493,-1.1228,-0.4564,0.6136,0.8271,2037
37,0.1553,-0.2329,-1.1624,-0.2876,0.9866,0.9079,2030
37,0.1292,-0.3118,-1.2805,-0.1977,1.0926,0.9131,2037
37,0.1394,-0.3555,-1.4272,-0.2033,1.0589,0.8925,2038
37,0.063,-0.3601,-1.386,-0.1345,1.2628,0.8066,2044
37,-0.0078,-0.3845,-1.2075,-0.1782,1.4748,0.7485,2047
37,0.0261,-0.4006,-1.1064,-0.2466,1.4717,0.7568,2024
37,0.1292,-0.3574,-1.0964,-0.2698,1.2259,0.8351,2039
37,0.1599,-0.2542,-1.1362,-0.322,0.895,0.7596,2033
37,0.0642,-0.1487,-1.1892,-0.3962,0.7722,0.6437,2035
37,0.0491,-0.0981,-1.1956,-0.505,0.8638,0.5594,2047
37,0.0112,-0.0823,-1.2046,-0.5027,0.842,0.5606,2040
37,-0.0518,-0.0327,-1.2097,-0.4819,0.5763,0.6038,2039
37,-0.177,0.0142,-1.2002,-0.4574,0.5087,0.6092,2044
37,-0.1738,-0.0215,-1.1843,-0.3984,0.5596,0.4259,2039
37,-0.1143,0.0388,-1.1626,-0.3497,0.3751,0.3887,2049
37,-0.0295,0.0979,-1.0803,-0.3729,0.1164,0.5031,2038
37,-0.0483,0.1323,-1.0747,-0.447,0.0252,0.7649,2041
37,-0.124,0.2004,-1.0652,-0.3654,0.1443,0.9047,2035
38,-0.1135,0.1555,-1.0078,-0.2365,0.2175,0.9228,2041
38,-0.0974,0.0989,-0.9661,-0.2016,0.1786,0.9456,2048
38,-0.0769,0.082,-0.9358,-0.185,0.0258,0.9857,2044
38,-0.1003,0.0552,-0.8901,-0.2013,-0.0181,0.9654,2047
38,-0.0811,0.0142,-0.8252,-0.1924,-0.0638,0.977,2040
38,-0.0381,-0.0276,-0.8108,-0.2229,-0.0899,0.9843,2039
38,0.0132,-0.0737,-0.7883,-0.2344,-0.0864,1.0066,2042
38,0.0166,-0.0667,-0.7639,-0.2121,-0.125,0.9939,2043
38,0.022,-0.0444,-0.7495,-0.2266,-0.1848,0.9897,2044
38,0.0688,-0.0376,-0.7126,-0.2044,-0.1972,0.9765,2031
38,0.1167,-0.0347,-0.6611,-0.1537,-0.1414,0.9895,2045
38,0.1028,-0.0212,-0.658,-0.1495,-0.1164,1.0094,2042
38,0.0938,-0.0498,-0.6492,-0.112,-0.1061,1.0345,2043
38,0.1013,-0.0559,-0.6521,-0.08,-0.0314,1.0349,2035
38,0.147,-0.0547,-0.6777,-0.0602,-0.0312,1.048,2044
38,0.1663,-0.021,-0.6748,0.0053,-0.0079,1.0741,2042
38,0.1555,0.012,-0.6875,0.0607,-0.019,1.0931,2040
38,0.1521,-0.01,-0.752,0.0927,-0.0349,1.1162,2044
38,0.1609,-0.0107,-0.8127,0.1266,-0.0599,1.1212,2038
38,0.1372,-0.032,-0.8667,0.1586,-0.076,1.1055,2043
38,0.1487,-0.0466,-0.8667,0.1888,-0.0842,1.0832,2044
38,0.1304,-0.0281,-0.8899,0.1715,-0.0882,1.0596,2051
38,0.1125,-0.0298,-0.9287,0.1578,-0.1085,1.0284,2029
38,0.1316,-0.0166,-0.9209,0.1538,-0.084,0.9978,2041
38,0.144,-0.0146,-0.9495,0.1534,-0.0385,0.9636,2036
38,0.1658,-0.0198,-0.9717,0.1273,-0.0565,0.9291,2041
38,0.2026,-0.0247,-0.9985,0.0995,-0.1304,0.8873,2033
38,0.2202,-0.0496,-1.0242,0.1067,-0.136,0.8528,2040
38,0.2388,-0.074,-1.0195,0.0925,-0.0972,0.8235,2046
38,0.2488,-0.0959,-1.0598,0.063,-0.1053,0.7626,2046
38,0.2988,-0.1274,-1.1196,0.0851,-0.0774,0.6921,2037
38,0.3271,-0.1587,-1.1213,0.0778,-0.0015,0.6638,2043
38,0.3269,-0.1592,-1.1196,0.0874,0.0787,0.6715,2040
38,0.3457,-0.1685,-1.0903,0.1304,0.1167,0.6538,2039
38,0.3064,-0.2156,-1.0386,0.1344,0.2517,0.689,2047
38,0.2385,-0.272,-1.0151,0.0988,0.3741,0.6875,2033
38,0.2427,-0.3188,-0.9817,0.0621,0.4377,0.595,2039
38,0.2507,-0.4099,-0.9385,-0.0385,0.4939,0.5372,2044
38,0.2073,-0.408,-0.9575,-0.174,0.5292,0.4685,2041
38,0.1599,-0.2751,-1.1028,-0.1992,0.4593,0.343,2041
38,0.1504,-0.1699,-1.2349,-0.0743,0.5027,0.1783,2028
38,0.1218,-0.1528,-1.3386,0.1063,0.5661,0.0342,2038
38,0.0903,-0.166,-1.3733,0.2132,0.5653,-0.1196,2031
38,0.0964,-0.1821,-1.3579,0.2916,0.4184,-0.3159,2037
38,0.1138,-0.2017,-1.2961,0.3056,0.2285,-0.4818,2042
38,0.0977,-0.2246,-1.2375,0.2771,0.0457,-0.5888,2040
38,0.1079,-0.248,-1.1826,0.208,-0.0599,-0.6597,2042
38,0.0852,-0.2336,-1.1621,0.1083,-0.1575,-0.6807,2037
38,0.03,-0.2148,-1.0481,0.0142,-0.1858,-0.6757,2038
38,0.0398,-0.1418,-0.9836,-0.0407,-0.1882,-0.644,2039
38,0.0571,-0.1333,-1.0022,-0.0601,-0.222,-0.6285,2045
38,0.0398,-0.178,-1.0825,-0.0779,-0.185,-0.5987,2038
38,0.0098,-0.2283,-1.1597,-0.1073,-0.1177,-0.6153,2042
38,0.0483,-0.2307,-1.1633,-0.0559,-0.0783,-0.6742,2039
38,0.073,-0.2417,-1.0515,-0.0101,-0.022,-0.6944,2038
38,0.0549,-0.2727,-0.9348,-0.0017,0.0276,-0.6715,2032
38,0.0181,-0.2725,-0.8542,-0.0535,0.0361,-0.6853,2040
38,0.0107,-0.2705,-0.8145,-0.0611,0.034,-0.7375,2050
38,0.0474,-0.2778,-0.7224,-0.0385,0.0426,-0.7814,2041
38,0.0596,-0.2834,-0.6924,-0.0426,0.0607,-0.7941,2044
38,0.0725,-0.2834,-0.6836,-0.0848,0.0369,-0.7925,2041
38,0.0771,-0.2708,-0.7253,-0.0883,-0.0426,-0.8116,2043
38,0.0808,-0.2688,-0.7554,-0.0505,-0.0599,-0.8044,2045
38,0.0686,-0.2544,-0.7722,-0.0112,-0.0595,-0.7818,2034
38,0.0789,-0.269,-0.8074,0.014,-0.0902,-0.7609,2041
38,0.095,-0.2651,-0.8789,0.07,-0.1669,-0.7192,2044
38,0.0935,-0.272,-0.9478,0.0937,-0.2272,-0.6416,2044
38,0.0657,-0.2776,-0.9722,0.1065,-0.2506,-0.5641,2032
38,0.1074,-0.25,-0.9771,0.1463,-0.3271,-0.5357,2036
38,0.1804,-0.2222,-0.9138,0.1904,-0.469,-0.5039,2039
38,0.0691,-0.2861,-0.8872,0.2064,-0.4199,-0.41,2048
38,0.1099,-0.3013,-0.8586,0.1875,-0.4545,-0.3566,2041
38,0.0801,-0.2708,-0.8721,0.2087,-0.4962,-0.3292,2041
38,0.0879,-0.2583,-0.8616,0.2161,-0.4742,-0.3396,2042
38,0.0959,-0.3042,-0.8296,0.1892,-0.4392,-0.3358,2038
38,0.0532,-0.2324,-0.9255,0.2164,-0.4646,-0.3844,2049
38,0.1843,-0.2571,-0.9224,0.2286,-0.546,-0.4373,2039
38,0.1609,-0.1899,-0.8979,0.339,-0.4878,-0.4465,2052
38,0.1816,-0.2197,-0.8391,0.3137,-0.4461,-0.3923,2042
38,0.1938,-0.2427,-0.895,0.2302,-0.4954,-0.392,2038
38,0.2405,-0.1748,-0.8867,0.3476,-0.4878,-0.4125,2040
38,0.2959,-0.1672,-0.793,0.3629,-0.4352,-0.3017,2047
38,0.3096,-0.1733,-0.8027,0.2695,-0.4561,-0.2697,2039
38,0.2991,-0.2056,-0.8201,0.2242,-0.3887,-0.1936,2046
38,0.2839,-0.2087,-0.8706,0.1723,-0.3542,-0.1742,2044
38,0.3027,-0.219,-0.9102,0.1875,-0.2758,-0.114,2038
38,0.3347,-0.2129,-0.9131,0.2015,-0.2011,-0.0256,2043
38,0.3049,-0.2424,-0.8979,0.1892,-0.1111,0.0578,2038
38,0.2825,-0.2393,-0.8992,0.135,-0.0304,0.076,2045
38,0.3057,-0.2466,-0.9004,0.1229,0.0226,0.1135,2045
38,0.311,-0.2266,-0.8853,0.0619,0.071,0.1277,2043
38,0.3459,-0.2354,-0.8967,-0.0212,0.0792,0.1513,2049
38,0.3464,-0.2239,-0.9937,-0.0475,0.1145,0.1489,2039
38,0.3901,-0.2236,-1.0488,-0.0542,0.1907,0.2143,2044
38,0.3826,-0.2124,-1.1077,-0.091,0.2477,0.2386,2044
38,0.4163,-0.1909,-1.094,-0.0664,0.3088,0.2394,2035
38,0.4324,-0.25,-1.0776,-0.0804,0.3946,0.2844,2042
38,0.397,-0.2705,-1.0537,-0.1229,0.4875,0.2682,2058
38,0.3948,-0.281,-1.0256,-0.1795,0.6355,0.2497,2039
38,0.4019,-0.2534,-0.9949,-0.2047,0.748,0.2329,2051
38,0.3896,-0.2693,-0.9604,-0.2262,0.8713,0.2844,2038
38,0.4294,-0.2366,-0.9656,-0.2161,0.866,0.2717,2040
38,0.4844,-0.2732,-0.9382,-0.2093,0.8236,0.2928,2043
38,0.4626,-0.2366,-0.9431,-0.2543,0.6461,0.2796,2040
39,0.4385,-0.2263,-1.0122,-0.3252,0.3401,0.2254,2038
39,0.4053,-0.2007,-1.0862,-0.3602,0.1844,0.1246,2043
39,0.3328,-0.2239,-1.1145,-0.4097,0.2952,0.1362,2046
39,0.2854,-0.3193,-1.1514,-0.5243,0.5622,0.2144,2041
39,0.3337,-0.2671,-1.2253,-0.5649,0.6624,0.245,2034
39,0.3213,-0.2363,-1.2278,-0.5477,0.6693,0.295,2050
39,0.2727,-0.3933,-1.2053,-0.5743,0.7268,0.4514,2053
39,0.2466,-0.4033,-1.2554,-0.577,0.7348,0.4932,2043
39,0.2605,-0.3418,-1.3018,-0.5329,0.7183,0.4621,2037
39,0.3083,-0.3064,-1.3555,-0.5256,0.6036,0.4073,2043
39,0.3105,-0.2671,-1.4036,-0.4309,0.5248,0.3454,2031
39,0.311,-0.2395,-1.3623,-0.3996,0.5369,0.3818,2038
39,0.2627,-0.2686,-1.2742,-0.3875,0.5506,0.463,2044
39,0.2063,-0.2839,-1.187,-0.4209,0.6376,0.5521,2036
39,0.1785,-0.217,-1.1714,-0.4525,0.6476,0.624,2047
39,0.0977,-0.1941,-1.1169,-0.4502,0.8104,0.6947,2040
39,0.158,-0.1792,-1.0864,-0.4992,0.8259,0.7401,2034
39,0.1416,-0.1748,-1.0806,-0.4328,0.7596,0.7522,2041
39,0.1187,-0.168,-1.042,-0.4444,0.6854,0.747,2044
39,0.1108,-0.1677,-1.0339,-0.5393,0.5537,0.7208,2041
39,0.0603,-0.0735,-1.0081,-0.5388,0.4416,0.6003,2038
39,0.1338,-0.0859,-1.0161,-0.6227,0.3906,0.6971,2046
39,0.0957,-0.0312,-1.0237,-0.5327,0.3835,0.7067,2047
39,0.137,0.0356,-1.043,-0.5141,0.3128,0.7486,2048
39,0.0613,0.0347,-1.0486,-0.5461,0.2546,0.7718,2046
39,0.0781,-0.0039,-0.9534,-0.7076,0.1301,0.6943,2038
39,0.1162,0.0007,-0.9771,-0.848,0.1366,0.9021,2047
39,0.0254,0.0674,-0.9995,-0.8139,0.1543,0.8395,2048
39,0.0803,0.0576,-0.9763,-0.9805,0.0308,0.7295,2042
39,0.5056,-0.2742,-0.9124,-1.008,0.1192,1.2326,2047
39,0.0623,-0.0198,-0.9666,-0.999,0.2089,1.1584,2031
39,0.1506,0.041,-0.9475,-0.9954,0.0732,1.1737,2039
39,0.187,0.1814,-0.8396,-0.8989,0.0933,1.1336,2050
39,0.1365,0.0723,-0.791,-0.8871,0.1522,1.2123,2051
39,0.2778,-0.0063,-0.7991,-0.8565,0.0344,1.2268,2064
39,0.2114,0.0449,-0.7844,-0.7734,0.1542,1.1801,2044
39,0.1799,0.0017,-0.8413,-0.6458,0.3318,1.1836,2061
39,0.2905,0.0051,-0.7856,-0.5339,0.3517,1.1409,2053
39,0.3616,-0.0862,-0.8027,-0.6365,0.4285,1.1231,2032
39,0.4309,-0.0913,-0.8171,-0.5767,0.5377,1.0701,2048
39,0.405,-0.0901,-0.7668,-0.439,0.7075,0.9652,2017
39,0.4236,-0.053,-0.7437,-0.5433,0.598,0.8327,2027
39,0.5647,-0.1436,-0.7295,-0.704,0.367,0.6854,2044
39,0.5107,0.0981,-0.8713,-0.4791,0.4693,0.4224,2041
39,0.4756,0.0186,-0.8718,-0.4894,0.3791,0.304,2027
39,0.3699,0.115,-0.8782,-0.2578,0.3967,0.1581,2047
39,0.3801,0.1079,-0.6746,-0.4181,0.5035,0.2534,2057
39,0.3096,0.1411,-0.6438,-0.159,0.6616,0.2778,2041
39,0.2173,0.1172,-0.6658,-0.0063,0.9483,0.3063,2052
39,0.2085,0.0964,-0.7129,0.1043,1.1884,0.3007,2105
39,0.2507,0.1064,-0.738,0.375,1.6636,0.5774,1975
39,0.377,0.1062,-0.7478,0.5888,1.8508,0.4919,2067
39,0.4836,0.1707,-0.8267,0.7745,2.1253,0.3983,2067
39,0.5017,0.1277,-0.9429,0.9847,2.2734,0.2529,2056
39,0.5842,0.0811,-1.0718,1.1568,2.1969,0.3344,2088
39,0.5786,-0.0281,-1.1189,0.9255,1.9628,0.4534,2049
39,0.3748,-0.124,-1.1838,0.6823,1.7863,0.7578,2074
39,0.1987,-0.2615,-1.2051,0.2886,1.9322,1.0203,2067
39,0.3281,-0.2383,-1.2344,-0.0953,1.9462,1.1082,2114
39,0.4185,-0.0999,-1.1938,-0.141,1.8101,1.0774,2128
39,0.4397,-0.0159,-0.9795,0.1603,1.5101,1.0147,2011
39,0.3774,-0.114,-0.7595,0.2341,1.4275,0.7994,2043
39,0.271,-0.2493,-0.7183,0.3308,1.4396,0.7458,2039
39,0.3303,-0.26,-0.8584,0.2778,1.2568,0.6395,2022
39,0.4556,-0.2612,-0.9751,0.1341,1.3231,0.5894,2069
39,0.4358,-0.2336,-1.0947,-0.1345,1.4588,0.6445,2072
39,0.4277,-0.209,-1.1545,-0.3397,1.4889,0.6348,2127
39,0.5115,-0.1633,-1.1116,-0.3541,1.392,0.4425,1992
39,0.49,-0.1445,-1.0154,-0.3308,1.3954,0.3097,2066
39,0.512,-0.1538,-1.0232,-0.2979,1.3479,0.2079,2090
39,0.5872,-0.1692,-1.0256,-0.2151,1.2712,0.1185,2085
39,0.6414,-0.1938,-1.0286,-0.2031,1.171,0.0178,1978
39,0.6594,-0.2932,-1.1047,-0.2101,1.0238,-0.0204,2089
39,0.6492,-0.3167,-1.1396,-0.2919,0.915,0.0007,2036
39,0.6379,-0.3508,-1.1208,-0.3816,0.9124,0.0535,2031
39,0.6467,-0.3547,-1.1421,-0.4303,0.9005,0.0583,2129
39,0.593,-0.3193,-1.0557,-0.4829,1.0576,0.1619,2015
39,0.4185,-0.252,-1.0374,-0.4537,1.4356,0.5079,1996
39,0.6951,-0.2659,-1.0098,-0.3874,1.3391,0.5596,2052
39,1.0613,-0.2249,-0.8428,-0.3851,0.5638,0.2292,2063
39,0.9194,-0.2605,-0.8318,-0.3988,0.3374,0.0581,2044
39,0.759,-0.2617,-0.7834,-0.532,0.1475,-0.0479,1986
39,0.6826,-0.1956,-0.6069,-0.5605,0.3464,0.0165,1912
39,0.6748,-0.1858,-0.627,-0.626,0.6127,0.1361,2014
39,0.7314,-0.1523,-0.6023,-0.6697,0.8364,0.224,2044
39,0.7864,-0.061,-0.6309,-0.6243,0.974,0.235,2151
39,0.7773,-0.0117,-0.6191,-0.5936,1.1267,0.2494,2073
39,0.7273,-0.0259,-0.6021,-0.5763,1.1909,0.3253,1960
39,0.6707,-0.0264,-0.6011,-0.6132,1.2825,0.4028,2005
39,0.6804,-0.0198,-0.585,-0.6822,1.4078,0.5177,1966
39,0.655,0.0034,-0.6033,-0.7747,1.4155,0.5552,2087
39,0.6611,-0.0254,-0.5801,-0.8293,1.3735,0.567,2085
39,0.6582,-0.0723,-0.5491,-0.9706,1.3643,0.5541,1998
39,0.6082,-0.1536,-0.5432,-1.1354,1.3379,0.5136,2055
39,0.6018,-0.1194,-0.5286,-1.246,1.2817,0.4594,2020
39,0.5725,-0.0808,-0.5369,-1.4921,1.3266,0.524,2070
39,0.5999,-0.0376,-0.543,-1.5961,1.2307,0.3766,1882
39,0.5566,-0.0466,-0.5447,-1.713,1.2408,0.3838,2011
39,0.5461,-0.0071,-0.5527,-1.7008,1.1308,0.2559,2065
39,0.5361,-0.0593,-0.5276,-1.7804,1.1865,0.1882,2107
39,0.4753,-0.0593,-0.502,-1.9487,1.2862,0.2631,2088
39,0.6082,-0.074,-0.5842,-1.9619,1.0591,0.0256,2084
39,0.6348,-0.0291,-0.5271,-1.866,1.1685,0.043,2090
40,0.5613,-0.082,-0.5513,-1.6559,1.1085,-0.1037,2107
40,0.666,-0.1252,-0.6626,-1.6807,1.0492,-0.3414,2088
40,0.6841,-0.0691,-0.6409,-1.7041,0.8993,-0.4532,2115
40,0.6428,-0.0837,-0.5574,-1.8066,0.6204,-0.5165,2143
40,0.6106,-0.0896,-0.5129,-2.01,0.6706,-0.328,2042
40,0.7324,0.0347,-0.6458,-2.2755,0.4662,-0.4027,2063
40,0.8157,0.113,-0.7068,-2.4883,0.2048,-0.3958,2154
40,0.7922,0.1218,-0.7505,-2.6794,-0.1606,-0.5469,2022
40,0.6594,0.0825,-0.7661,-2.8891,-0.2425,-0.4597,2049
40,0.6187,0.1084,-0.801,-2.9986,-0.2939,-0.5297,2007
40,0.8235,0.093,-0.9316,-3.2449,-0.1281,-0.2843,2155
40,0.7146,0.123,-0.7739,-2.971,-0.4304,-0.4863,2052
40,0.6824,0.0981,-0.7158,-2.8798,-0.4797,-0.375,2041
40,0.6182,0.0466,-0.5913,-2.3338,-0.3851,-0.1494,1962
40,0.6863,-0.1287,-0.4316,-1.6221,-0.3141,0.0329,2075
40,0.6833,-0.1052,-0.2595,-0.9167,0.0376,0.2771,2325
40,0.6221,-0.1841,-0.1277,-0.3366,0.1634,0.5496,2211
40,0.595,-0.521,-0.1013,0.0453,0.4064,0.9132,1831
40,0.7869,-0.4973,-0.2747,0.1947,0.4476,1.1536,2126
40,0.9626,-0.3591,-0.3965,0.1545,0.0047,1.2576,2084
40,0.9326,-0.314,-0.4409,0.1595,-0.1965,1.3623,1999
40,0.8718,-0.3225,-0.4338,-0.0395,-0.6963,1.4154,2028
40,0.8479,-0.2524,-0.4939,-0.1445,-0.8918,1.4577,2033
40,0.8074,-0.1531,-0.6052,-0.2083,-1.025,1.4241,2183
40,0.8789,-0.0579,-0.5962,-0.0977,-0.9979,1.2906,2067
40,0.7781,0.0349,-0.5959,0.0077,-0.8881,1.523,2041
40,0.6172,0.0325,-0.6001,0.3115,-0.6946,1.5194,2068
40,0.7537,0.0056,-0.5679,0.3982,-0.7115,1.77,2018
40,0.6975,0.0283,-0.6387,0.4638,-0.7731,1.8639,2083
40,0.8611,0.0325,-0.5994,0.353,-0.9833,1.9552,2006
40,0.9246,0.0496,-0.6301,0.1515,-1.2396,1.9867,2165
40,0.833,0.1279,-0.6218,0.0956,-1.3114,2.0502,1974
40,0.72,0.1731,-0.6316,0.1641,-1.2055,2.1064,2236
40,0.6863,0.1343,-0.6379,0.3175,-0.8231,2.0036,2004
40,0.6809,-0.0115,-0.5815,0.4241,-0.8717,2.0475,1988
40,0.6328,-0.1091,-0.4973,0.7866,-0.591,2.0431,2027
40,0.9148,0.0132,-0.6143,1.0259,-0.5469,1.8741,2003
40,0.9407,0.0881,-0.5542,1.0733,-0.7622,1.7787,2034
40,0.8203,-0.1809,-0.5972,0.9708,-0.9744,1.894,2125
40,0.8589,-0.0254,-0.5935,0.9246,-0.8701,1.949,2046
40,0.7874,0.1343,-0.5815,0.8769,-0.7905,1.8409,2036
40,0.679,0.1516,-0.533,0.8678,-0.5377,1.878,2066
40,0.844,0.1748,-0.5696,0.8724,-0.5116,1.702,2137
40,0.8008,0.0295,-0.5547,0.91,-0.6642,1.7869,2024
40,0.6482,-0.1299,-0.4951,0.9548,-0.546,1.9582,1957
40,0.7617,-0.2412,-0.5232,0.8982,-0.6878,1.9748,2117
40,0.8494,-0.2949,-0.501,1.0684,-0.6673,1.9612,1815
40,0.8784,-0.229,-0.5725,1.026,-0.5983,1.7688,2131
40,0.9453,-0.0857,-0.6711,0.9083,-0.7163,1.6799,2005
40,0.9802,0.0781,-0.7598,0.7295,-0.8423,1.6522,1888
40,0.792,0.0396,-0.854,0.4255,-1.0412,1.743,2007
40,0.781,0.1794,-0.8669,0.1606,-1.168,1.8046,1999
40,0.6824,0.2598,-0.7898,-0.1531,-1.0856,1.9262,1746
40,0.5088,0.1204,-0.7083,0.01,-1.05,2.0197,2241
40,0.3513,-0.2349,-0.4824,0.4281,-0.7361,2.1106,1936
40,0.3655,-0.4165,-0.5349,0.5347,-0.5079,2.0639,2139
40,0.7097,-0.4338,-0.6296,0.7678,-0.604,1.7965,2013
40,0.9636,-0.1516,-0.6387,0.9654,-0.9347,1.4114,2014
40,0.7874,-0.2117,-0.8655,0.9196,-1.2987,1.5834,2118
40,0.749,-0.3938,-1.0054,0.7272,-1.2122,1.6526,1747
40,0.092,-0.3828,-0.7898,0.9917,-0.5524,1.9237,1998
40,0.5608,-0.761,-0.8684,0.7529,-0.4416,1.649,2204
40,1.1006,-0.8469,-0.6367,0.8775,-0.5873,1.7656,2049
40,0.9116,-0.6223,-0.3972,0.5374,-1.2171,1.9835,1798
40,0.5466,-0.4907,-0.4133,0.6372,-1.1172,2.1028,1950
40,0.3643,-0.5532,-0.5305,0.84,-0.8572,2.0294,1984
40,0.3372,-0.623,-0.6484,0.9525,-0.306,1.8539,2086
40,0.4482,-0.8572,-0.6194,0.7035,-0.1715,1.7566,2143
40,0.5857,-1.0271,-0.7048,0.0787,-0.3593,1.6681,2105
40,0.491,-0.7925,-0.6917,0.2506,-0.248,1.5186,1906
40,0.1599,-0.593,-0.511,0.5476,-0.0719,1.4182,1995
40,0.2034,-0.5615,-0.4482,0.6831,-0.2348,1.527,2023
40,0.2605,-0.7007,-0.4277,0.8163,-0.2593,1.5632,2260
40,0.1953,-0.9482,-0.52,0.879,-0.1919,1.3821,2024
40,0.0625,-1.0205,-0.5139,0.9104,-0.1139,1.1268,2109
40,0.0933,-1.0154,-0.5496,0.8857,-0.0581,1.0208,2047
40,0.1904,-1.2019,-0.5935,0.5873,-0.0744,0.891,2064
40,0.3525,-1.269,-0.5408,0.3388,-0.3671,0.7742,2046
40,0.2385,-1.0825,-0.4873,0.2188,-0.4227,0.6895,2162
40,0.1497,-0.8943,-0.4292,0.4105,-0.554,0.7702,2104
40,0.1255,-0.9028,-0.5059,0.4269,-0.6095,0.8,1944
40,0.1099,-1.0679,-0.5476,0.4943,-0.3013,0.7854,1996
40,0.1284,-1.1443,-0.6179,0.4745,-0.0995,0.663,2081
40,0.2229,-1.1345,-0.5405,0.426,-0.0518,0.6893,2006
40,0.2021,-1.1072,-0.5269,0.3296,-0.0562,0.738,2070
40,0.2888,-1.1233,-0.5349,0.2967,-0.1938,0.6899,2047
40,0.4011,-1.1082,-0.5352,0.183,-0.3393,0.6436,1881
40,0.2827,-1.0337,-0.4668,0.3332,-0.4293,0.5501,1988
40,0.24,-0.9736,-0.4976,0.3958,-0.1884,0.6943,1794
40,0.3145,-0.9517,-0.4888,0.3855,-0.1109,0.7111,2114
40,0.4839,-0.9702,-0.4722,0.3136,-0.2416,0.7425,2045
40,0.5527,-1.0154,-0.4707,0.3083,-0.4734,0.6935,2028
40,0.4385,-1.0195,-0.437,0.2806,-0.5528,0.6142,2018
40,0.3455,-0.9561,-0.4495,0.2663,-0.4789,0.5357,2043
40,0.3069,-0.9187,-0.4622,0.2783,-0.2729,0.6224,2041
40,0.4075,-0.9041,-0.4802,0.2332,-0.2224,0.6165,2032
40,0.3193,-0.9194,-0.4832,0.1886,-0.1312,0.6232,1981
40,0.2356,-0.8948,-0.5037,0.2097,-0.074,0.5938,2087
40,0.2009,-0.8416,-0.4753,0.2264,-0.027,0.5233,2023
40,0.1365,-0.7839,-0.4636,0.2947,-0.0397,0.4287,2029
40,0.1218,-0.7874,-0.437,0.3745,0.0131,0.3312,2047
41,0.1931,-0.7852,-0.4209,0.4433,-0.0411,0.3031,2082
41,0.1833,-0.783,-0.4209,0.4625,-0.1558,0.1714,2029
41,0.1145,-0.7495,-0.3977,0.5457,-0.1755,-0.0671,2032
41,0.1558,-0.7246,-0.4377,0.6498,-0.1561,-0.2834,2045
41,0.1438,-0.7856,-0.4163,0.7739,0.0017,-0.3919,2039
41,0.1941,-0.8149,-0.4331,0.7854,-0.0724,-0.5357,2049
41,0.1729,-0.7979,-0.447,0.8304,-0.0622,-0.6135,2017
41,0.2537,-0.8142,-0.4224,0.8018,-0.1314,-0.6951,2050
41,0.3386,-0.8647,-0.4221,0.8116,-0.2998,-0.5164,2057
41,0.2747,-0.8345,-0.4075,0.844,-0.3996,-0.6634,1986
41,0.3596,-0.9041,-0.4097,0.8372,-0.4911,-0.7821,2054
41,0.324,-0.8667,-0.4011,0.8202,-0.6116,-0.9059,2043
41,0.3171,-0.8542,-0.4109,0.7874,-0.6409,-0.881,2048
41,0.2607,-0.8071,-0.4341,0.8036,-0.6348,-0.9293,2064
41,0.3181,-0.8701,-0.3682,0.8428,-0.4725,-0.6866,2034
41,0.2832,-0.842,-0.3105,0.8198,-0.5352,-0.7201,2021
41,0.4187,-0.8918,-0.2944,0.8879,-0.7317,-0.6393,2049
41,0.4431,-0.782,-0.2092,1.1408,-0.9341,-0.7826,2038
41,0.4263,-0.6775,-0.1936,1.3812,-1.0552,-0.9211,2027
41,0.2742,-0.7219,-0.2991,1.4314,-1.1143,-0.7747,2073
41,0.2351,-0.8181,-0.394,1.4061,-1.0529,-0.7439,2041
41,0.1636,-0.8743,-0.4343,1.3364,-0.8598,-0.7601,2029
41,0.1643,-0.9829,-0.4177,1.3059,-0.6717,-0.5641,2029
41,0.1748,-0.9834,-0.3679,1.1777,-0.4781,-0.5313,2047
41,0.2319,-0.939,-0.3521,1.2533,-0.4635,-0.449,2041
41,0.3215,-0.9243,-0.3318,1.292,-0.5384,-0.4133,2027
41,0.3608,-0.8965,-0.2822,1.3308,-0.6264,-0.3844,2047
41,0.3657,-0.9124,-0.2732,1.386,-0.8676,-0.363,2044
41,0.3347,-0.9373,-0.2363,1.4972,-0.9939,-0.4765,2034
41,0.1494,-0.7732,-0.1633,1.7294,-0.8521,-0.8172,2028
41,0.1079,-0.7029,-0.1365,2.2061,-0.4153,-0.7596,2017
41,-0.0244,-0.7825,-0.1289,2.5293,-0.3481,-0.5054,2076
41,0.1658,-0.8054,-0.2878,2.6121,-0.1273,-0.3196,1994
41,0.4934,-1.1963,-0.4756,2.1623,-0.4835,0.2533,2069
41,0.3882,-1.3645,-0.0974,1.9967,-0.2751,0.1681,2053
41,0.3596,-1.2031,-0.0503,1.7986,-0.7004,0.0507,2032
41,0.3547,-1.0242,0.0046,1.7696,-1.0381,-0.0535,2055
41,0.3005,-0.991,0.0032,1.7183,-1.2821,0.0125,2024
41,0.2495,-1.022,0.01,1.562,-1.4796,0.129,2050
41,0.251,-1.0723,0.0195,1.4757,-1.5828,0.1491,2040
41,0.1003,-1.0396,0.0674,1.3801,-1.4914,0.1822,2045
41,0.0935,-1.0459,0.1008,1.29,-1.3948,0.2776,2043
41,0.1582,-1.0652,0.0742,1.2332,-1.5077,0.3452,2025
41,0.1672,-1.1409,0.0974,1.1776,-1.6953,0.3438,2047
41,0.1294,-1.0813,0.0884,1.1095,-1.4898,0.3029,2039
41,0.1482,-1.053,0.0996,1.169,-1.417,0.2798,2055
41,0.1799,-1.0505,0.0835,1.1167,-1.5873,0.3284,2056
41,0.1228,-1.073,0.1108,1.1107,-1.4119,0.2743,2037
41,0.0586,-1.0786,0.1169,1.223,-1.0429,0.3745,2037
41,0.1431,-1.0889,0.0122,1.0092,-1.1709,0.4348,2034
41,0.1521,-1.0706,0.0059,0.9608,-1.0557,0.3856,2034
41,0.1257,-1.0979,0.0159,0.9958,-0.8903,0.3812,2032
41,0.1248,-1.1138,-0.0271,0.9194,-0.92,0.3966,2041
41,0.1797,-1.1233,-0.1138,0.7621,-1.0809,0.4115,2033
41,0.1936,-1.1294,-0.1023,0.7275,-1.0618,0.389,2056
41,0.2183,-1.0996,-0.1106,0.5912,-0.9676,0.3115,2047
41,0.1194,-1.094,-0.1265,0.6149,-1.0319,0.3452,2044
41,0.1116,-1.0657,-0.1597,0.5181,-1.1613,0.3549,2050
41,0.1389,-1.0422,-0.1592,0.4658,-1.2094,0.3639,2041
41,0.1699,-1.0408,-0.1714,0.3653,-1.2694,0.352,2036
41,0.137,-1.0498,-0.1672,0.3713,-1.2696,0.3433,2040
41,0.0959,-1.0588,-0.1667,0.293,-1.3623,0.3622,2043
41,0.0552,-1.052,-0.1538,0.245,-1.3359,0.3686,2060
41,0.0823,-1.0349,-0.1956,0.1746,-1.3001,0.3639,2025
41,0.0137,-0.9805,-0.1855,0.2212,-1.1059,0.3763,2029
41,0.0459,-1.0286,-0.1709,0.134,-0.964,0.3703,2044
41,0.0425,-0.9912,-0.1951,0.1486,-0.8867,0.375,2038
41,0.0708,-1.0063,-0.1655,0.1252,-0.7795,0.3496,2046
41,0.0989,-0.988,-0.1497,0.104,-0.7656,0.2625,2035
41,0.1641,-1.0295,-0.1514,0.0882,-0.8833,0.2489,2030
41,0.1938,-1.0283,-0.1548,0.1248,-0.9865,0.1943,2027
41,0.1917,-1.0149,-0.0876,0.1894,-0.9658,0.1478,2079
41,0.2197,-0.9836,0.002,0.282,-0.7032,0.1001,2035
41,0.2346,-0.9858,0.002,0.3384,-0.6914,0.0282,2033
41,0.3179,-0.9844,0.0288,0.3812,-0.6995,-0.0185,2025
41,0.3323,-1.0168,0.0508,0.3888,-0.6857,-0.0119,2049
41,0.3147,-1.0281,0.0444,0.3991,-0.6649,-0.0193,2055
41,0.2893,-1.0203,0.0132,0.3882,-0.6098,-0.0182,2036
41,0.2617,-1.021,-0.0149,0.3715,-0.7325,-0.0116,2053
41,0.2292,-0.9929,-0.0383,0.361,-0.7977,-0.008,2057
41,0.209,-0.9846,-0.0596,0.3508,-0.8444,-0.0021,2041
41,0.1777,-0.9736,-0.0894,0.339,-0.9632,-0.0015,2035
41,0.1345,-0.9802,-0.0967,0.3002,-1.0505,-0.0121,2039
41,0.145,-0.8958,-0.0935,0.3017,-1.0971,0.0513,2039
41,0.0959,-0.8489,-0.1106,0.2601,-1.2107,0.0376,2036
41,0.0762,-0.8706,-0.1375,0.2509,-1.2564,-0.0045,2049
41,0.0544,-0.8643,-0.1426,0.2125,-1.4043,-0.0767,2031
41,0.1548,-0.8418,-0.1475,0.1482,-1.604,-0.0951,2044
41,0.0715,-0.7424,-0.146,0.0976,-1.8451,-0.3073,2039
41,0.0703,-0.9155,-0.0181,0.0886,-1.9612,-0.3145,2052
41,0.1018,-0.8943,-0.0459,0.071,-1.8371,-0.1112,2037
41,-0.0437,-0.926,-0.0493,0.0125,-1.7171,-0.1365,2046
41,-0.0786,-0.9023,-0.0154,-0.1276,-1.3499,0.0067,2025
41,-0.0229,-0.9407,-0.0781,-0.2577,-0.9375,0.0091,2061
41,0.0522,-0.9238,-0.1392,-0.4,-0.6641,-0.0115,2032
41,0.1226,-0.8904,-0.0884,-0.3936,-0.5966,0.1031,2033
41,0.197,-0.9307,-0.0981,-0.3986,-0.5425,0.0969,2071
41,0.3167,-0.9348,-0.0664,-0.4211,-0.5886,0.0915,2069
41,0.428,-0.8901,-0.0151,-0.4717,-0.6853,0.1396,2035
41,0.4302,-0.8867,0.0317,-0.4241,-0.9272,0.1539,2047
41,0.3394,-0.8789,0.0774,-0.4714,-1.148,0.1329,2086
41,0.3291,-0.8555,0.1292,-0.4322,-1.0991,0.1573,2013
41,0.2971,-0.8179,0.1963,-0.318,-1.0717,0.2338,2038
