Timestamp,Ax,Ay,Az,Rx,Ry,Rz,EMG
0,0.1001,-0.9324,-0.5171,-0.3627,0.092,0.2988,2048
0,0.0825,-0.9868,-0.4905,-0.3963,0.1655,0.3031,2051
0,0.1299,-1.0283,-0.4277,-0.5927,0.1356,0.4097,2039
0,0.2178,-1.0183,-0.4465,-0.7862,-0.1826,0.5513,2043
0,0.3706,-0.8906,-0.4211,-0.446,-0.7331,0.5275,2046
0,0.2817,-0.8618,-0.3042,0.0862,-1.06,0.6211,2054
0,-0.1001,-0.9155,-0.2021,0.6132,-1.2428,0.7059,2048
0,-0.459,-1.042,-0.1448,0.7408,-1.1254,0.6248,2026
0,-0.6082,-1.1948,-0.1252,0.502,-0.5693,0.5438,2051
0,-0.4722,-1.2578,-0.2148,0.0875,0.0997,0.4462,2042
0,-0.3259,-1.2424,-0.3516,-0.2597,0.73,0.3497,2037
0,-0.2527,-1.1909,-0.4551,-0.5915,1.0102,0.3884,2051
0,-0.1479,-1.2471,-0.5383,-0.7412,1.1179,0.3309,2046
0,0.0073,-1.2554,-0.6016,-0.6492,0.9136,0.1812,2049
0,0.1763,-1.2983,-0.6482,-0.8787,0.7227,0.0406,2038
0,0.2734,-1.2974,-0.8259,-0.9436,0.6689,0.0352,2034
0,0.2537,-1.24,-0.718,-0.8252,0.0696,0.1095,2052
0,0.3733,-1.2947,-0.6638,-0.9451,-0.7192,0.1683,2043
0,0.3613,-1.3062,-0.6287,-0.8178,-1.2455,0.119,2047
0,0.071,-1.2952,-0.5325,-0.8271,-1.6395,0.0923,2043
0,-0.2505,-1.2825,-0.4873,-0.8174,-1.6243,-0.0557,2048
0,-0.2876,-1.2952,-0.4878,-0.9383,-0.9602,-0.2336,2037
0,-0.2974,-1.2554,-0.563,-1.0816,-0.1039,-0.2689,2041
0,-0.2563,-1.2485,-0.5491,-1.195,0.5,-0.2731,2074
0,-0.1123,-1.1877,-0.5537,-1.2539,0.8107,-0.2264,2058
0,0.0688,-1.2034,-0.5671,-1.1303,0.8843,-0.0959,2052
0,0.1399,-1.1936,-0.5591,-1.003,0.9164,-0.0625,2049
0,0.1423,-1.1846,-0.4832,-0.8805,0.8917,-0.0965,2049
0,0.1853,-1.1785,-0.5024,-0.6681,0.7363,0.008,2061
0,0.1423,-1.1919,-0.4949,-0.3819,0.5786,-0.0033,2049
0,0.0603,-1.2527,-0.4968,-0.1594,0.463,-0.1526,2048
0,-0.0278,-1.321,-0.4973,0.0581,0.5416,-0.2838,2046
0,-0.0732,-1.4314,-0.4814,0.1336,0.5554,-0.2915,2058
0,-0.1387,-1.4106,-0.4395,0.1397,0.4365,-0.4374,2062
0,-0.1497,-1.4509,-0.2449,0.0593,0.3851,-0.6739,2035
0,-0.0127,-1.4639,-0.2429,0.2827,0.4822,-0.3243,2042
0,-0.114,-1.5259,-0.2422,-0.0762,0.444,-0.657,2052
0,-0.1104,-1.4658,-0.3406,-0.165,0.5934,-0.5894,2048
0,-0.1506,-1.3921,-0.4009,0.1085,0.7075,-0.4233,2040
0,-0.0542,-1.4412,-0.3955,-0.1425,0.3657,-0.5168,2065
0,-0.0454,-1.2966,-0.4834,-0.2719,0.2044,-0.5211,2051
0,-0.0647,-1.3276,-0.4441,-0.2643,0.2646,-0.5388,2053
0,-0.1172,-1.1423,-0.5327,-0.0119,0.2265,-0.3219,2044
0,-0.103,-1.2839,-0.5493,-0.1691,0.0065,-0.4087,2047
0,-0.1743,-1.1997,-0.5793,-0.1993,0.029,-0.3336,2050
0,-0.2388,-0.8994,-0.6821,0.1418,0.1398,-0.2163,2041
0,-0.2891,-1.1526,-0.5476,0.3642,0.4586,0.027,2057
0,-0.1619,-1.4353,-0.4614,-0.1186,0.2571,-0.161,2048
0,-0.1838,-1.3098,-0.4802,-0.1973,0.2934,-0.1449,2049
0,-0.2415,-1.4172,-0.3562,0.0177,0.6018,-0.0775,2042
0,-0.1143,-1.2158,-0.4456,-0.0498,0.5616,0.0593,2041
0,-0.1367,-1.373,-0.2625,-0.1182,0.3999,0.0981,2046
0,-0.0183,-1.4888,-0.2144,-0.0461,0.5448,0.026,2044
0,-0.0408,-1.3635,-0.3589,-0.1406,0.5874,0.2242,2028
0,-0.094,-1.3877,-0.4102,-0.2313,0.539,0.2794,2056
0,-0.0132,-1.3186,-0.5063,-0.2539,0.5078,0.3982,2022
0,0.0723,-1.3999,-0.5146,-0.3336,0.416,0.2923,2028
0,0.0078,-1.1792,-0.5906,0.0021,0.191,0.2674,2047
0,-0.0359,-1.2241,-0.561,0.1085,0.0332,0.194,2063
0,-0.0327,-1.1338,-0.5723,0.1649,-0.1306,0.1638,2044
0,-0.0322,-1.1245,-0.5793,0.2011,-0.2891,0.0551,2030
0,-0.0618,-1.0801,-0.5918,0.3714,-0.4002,-0.0101,2041
0,-0.1123,-1.1162,-0.4897,0.3816,-0.5545,-0.0241,2046
0,-0.1689,-1.0825,-0.5593,0.3785,-0.6319,0.0662,2056
0,-0.2573,-1.1172,-0.5903,0.3835,-0.6668,0.1258,2029
0,-0.2971,-1.0933,-0.5442,0.3072,-0.4384,0.2108,2044
0,-0.3079,-1.1174,-0.635,0.2148,-0.0537,0.2725,2014
0,-0.2073,-1.1777,-0.5999,0.0774,0.1159,0.2141,2071
0,-0.0461,-1.0698,-0.7158,0.0553,0.504,0.3212,2048
0,0.0078,-1.0083,-0.5662,0.1465,0.0384,0.202,2047
0,0.2944,-1.0327,-0.6606,0.2515,-0.1181,-0.0064,2080
0,0.1433,-1.0496,-0.6541,0.3064,-0.7205,-0.1012,2048
0,0.2869,-1.0662,-0.8052,0.2683,-1.5214,-0.2015,2041
0,0.3718,-1.1086,-0.6069,0.2157,-1.3547,-0.0891,2035
0,0.0815,-1.0732,-0.5063,0.1077,-0.8323,0.0369,2036
0,-0.1011,-1.0771,-0.5688,0.1406,-0.9074,-0.0067,2047
0,0.0061,-1.1863,-0.7012,-0.1193,-0.6907,0.0953,2032
0,0.1501,-1.0601,-0.7163,0.0349,-0.2195,0.0486,2050
0,0.1338,-1.3518,-0.6484,-0.1206,-0.0257,0.0111,2037
0,0.105,-1.3301,-0.8171,-0.1678,-0.0333,-0.0113,2057
0,0.4451,-1.2109,-0.8608,-0.2394,0.0478,0.0748,2055
0,0.364,-1.2163,-0.8625,-0.2607,0.4381,0.1434,2061
0,0.0908,-1.2939,-0.4568,-0.2449,0.2266,0.1178,2043
0,-0.0188,-1.3982,-0.3621,-0.2452,-0.0241,0.1716,2087
0,0.0535,-1.1978,-0.5264,-0.4493,0.2778,0.2607,1967
0,-0.0872,-1.3613,-0.4324,-0.787,0.3033,0.2013,2108
0,-0.1526,-1.2605,-0.5576,-0.8244,0.5916,0.2934,2061
0,-0.2246,-1.0923,-0.6262,-0.677,0.8942,0.3798,2037
0,-0.0627,-0.9749,-0.772,-0.4895,1.0062,0.3723,2065
0,-0.0542,-0.9465,-0.8391,-0.2473,0.9297,0.4421,2030
0,-0.0066,-0.863,-0.7922,-0.13,0.8562,0.3509,2049
0,-0.0137,-0.8311,-0.7314,0.0792,0.7407,0.2115,2063
0,-0.1741,-0.8489,-0.7153,-0.0115,0.602,0.1141,2072
0,-0.1409,-1.0183,-0.6582,-0.1555,0.6203,0.1286,1996
0,-0.0667,-0.8809,-0.6062,0.0124,0.1032,-0.0439,2049
0,0.061,-1.106,-0.5681,-0.2657,-0.0875,-0.193,2059
0,0.0171,-1.1145,-0.5479,-0.1469,-0.2298,-0.129,1956
0,-0.0449,-1.0872,-0.5161,-0.2362,-0.1073,-0.139,2082
0,0.123,-1.0908,-0.8105,-0.2791,0.185,-0.1635,2021
0,0.1389,-1.0212,-0.8237,-0.0204,0.1023,-0.1997,2112
0,0.1316,-1.0198,-0.6838,0.2284,-0.1036,-0.1766,2008
0,-0.1936,-1.1528,-0.4614,0.3413,0.025,-0.0819,1978
1,-0.3206,-1.1812,-0.3311,0.2426,0.6084,-0.0237,2103
1,-0.1143,-1.1865,-0.2893,0.114,1.0487,0.0494,2016
1,0.135,-1.158,-0.3682,0.1349,0.9419,0.0044,2073
1,0.2974,-1.2246,-0.3716,0.1891,0.5364,-0.0158,2068
1,0.1184,-1.1873,-0.3552,0.3416,0.2241,-0.0003,2024
1,-0.0264,-1.188,-0.459,0.3464,0.2626,0.0037,2103
1,-0.0432,-1.1675,-0.7427,0.3063,0.1522,-0.041,2122
1,-0.0066,-1.1338,-0.98,0.1972,-0.1593,-0.0935,2066
1,0.2053,-1.1809,-1.1057,-0.0513,-0.5092,-0.055,2136
1,0.1909,-1.1958,-1.0083,-0.155,-0.1097,0.2128,2130
1,-0.0669,-1.0708,-0.9502,-0.2863,-0.0141,0.4048,1992
1,-0.0344,-1.0974,-0.8652,-0.3112,-0.2545,0.4482,2113
1,-0.063,-1.1404,-0.689,-0.3263,-0.3739,0.4635,2076
1,-0.2344,-1.0352,-0.6694,-0.3073,-0.3216,0.5735,2061
1,-0.2031,-0.9683,-0.7036,-0.2168,-0.1127,0.602,2000
1,-0.0332,-1.2209,-0.5122,-0.3931,-0.1168,0.4765,2024
1,0.0906,-1.4016,-0.5938,-0.449,-0.2432,0.4498,2078
1,0.1943,-1.3281,-0.7573,-0.8906,0.1533,0.0882,2058
1,0.4333,-1.0601,-0.6458,-0.4211,0.3646,0.0008,2038
1,0.5632,-1.136,-1.1416,-0.2561,-0.5528,-0.1478,1941
1,0.1348,-1.042,-0.7266,-0.2039,-0.8291,-0.1735,1987
1,-0.1448,-0.9189,-0.6245,-0.1626,-0.4667,-0.1441,2064
1,-0.3958,-0.8364,-0.6257,0.0768,0.0101,-0.0204,2069
1,-0.5435,-0.8506,-0.563,0.1459,0.3629,0.1606,2059
1,-0.4807,-0.9353,-0.5381,0.2635,0.5502,0.0019,2052
1,-0.7444,-0.9062,-0.6221,0.1254,1.2335,0.1156,2077
1,-0.0874,-1.0437,-0.8159,-0.123,1.7455,0.1097,2054
1,0.3118,-0.8911,-0.5247,0.7168,1.007,-0.0232,2069
1,-0.0078,-1.0349,-0.5037,0.5789,0.295,-0.238,2052
1,-0.1111,-0.9675,-0.7898,0.5924,0.6664,-0.3585,2026
1,-0.1038,-0.9412,-0.689,0.4457,0.6355,-0.3786,2077
1,0.2126,-0.9604,-0.9075,0.3354,0.6409,-0.4743,1985
1,0.4507,-0.9656,-0.9993,0.3501,0.2551,-0.3879,2101
1,0.2981,-0.9561,-1.0427,0.4795,-0.4263,-0.293,1959
1,-0.1641,-0.9524,-0.8728,0.2095,-0.1683,0.082,2058
1,0.0332,-0.8462,-0.6938,-0.1787,-0.1068,-0.0574,2073
1,0.2876,-0.822,-0.8911,0.1416,-0.2731,0.0345,2107
1,-0.0598,-0.8894,-0.5603,-0.0083,-0.9822,-0.0052,2060
1,0.5122,-0.876,-0.7708,0.0641,-1.0298,-0.2199,2044
1,-0.2622,-0.9509,-0.4771,0.2136,-1.1529,-0.267,2017
1,0.1384,-1.0161,-0.77,0.3332,-0.7229,-0.4743,2102
1,-0.1331,-1.4072,-0.48,0.5437,-0.8411,-0.3161,2010
1,-0.0447,-1.4106,-0.6523,0.422,-0.7621,-0.2117,2008
1,0.1909,-1.5481,-0.7434,0.0431,-0.7562,-0.1209,2047
1,0.1711,-1.2593,-0.9138,-0.1848,-0.3707,-0.0723,2026
1,0.1697,-1.1399,-1.1804,-0.2928,-0.5906,-0.159,1986
1,0.4189,-1.1372,-1.0312,-0.3047,-0.9917,-0.2818,1906
1,0.3706,-1.1985,-0.8867,-0.3488,-1.1593,-0.3067,2090
1,0.085,-1.2688,-0.6895,-0.3617,-1.2343,-0.2292,2052
1,-0.0535,-1.207,-0.5024,-0.4876,-0.7174,-0.1266,2000
1,-0.1216,-1.1951,-0.5239,-0.4871,-0.4304,-0.0184,2054
1,-0.0957,-1.1118,-0.676,-0.365,-0.388,0.0565,2100
1,0.0022,-0.939,-0.8271,-0.3211,-0.5469,-0.0788,2083
1,0.0288,-1.0359,-0.8113,-0.2203,-0.6821,-0.2698,2066
1,0.0796,-1.0271,-0.9797,-0.6577,-0.6538,-0.2119,1932
1,-0.0154,-1.0217,-0.5771,-0.073,-0.7353,-0.2193,1924
1,0.0884,-1.1431,-0.5759,-0.2312,-0.277,-0.1394,2150
1,-0.0391,-1.0891,-0.6704,-0.0028,-0.1738,0.0823,2045
1,-0.1294,-1.146,-0.541,-0.125,0.047,0.1984,2091
1,-0.2871,-1.0554,-0.6304,-0.1217,0.3963,0.3041,2078
1,-0.0164,-1.0085,-0.718,-0.1439,0.4311,0.2891,2025
1,0.2417,-0.9124,-0.6533,-0.0289,0.3099,0.1968,2055
1,0.252,-0.9419,-0.6162,0.0538,0.1099,0.0015,2072
1,0.3193,-0.9832,-0.6787,0.2008,0.0431,-0.1581,2068
1,0.2673,-1.0464,-0.5671,0.149,0.1458,-0.3541,2044
1,0.2146,-1.1155,-0.5942,0.0844,0.3107,-0.3888,2102
1,0.0603,-1.197,-0.5178,0.1486,0.2019,-0.0422,2045
1,-0.0088,-1.0757,-0.6726,0.1839,0.4834,-0.0635,2048
1,-0.032,-1.052,-0.7454,0.279,0.3509,-0.1015,2067
1,0.1404,-1.0801,-0.8606,0.1116,0.2649,-0.0388,1984
1,0.1541,-1.1638,-0.9102,0.2914,0.0381,0.0553,2112
1,-0.0857,-1.105,-0.7141,0.5171,-0.0306,0.3284,2082
1,-0.2327,-1.2036,-0.5952,0.5814,0.1872,0.2903,1992
1,-0.0305,-1.2734,-0.6035,0.6039,0.477,0.3854,2048
1,0.0615,-1.3284,-0.6167,0.5514,0.4942,0.5054,2054
1,-0.0112,-1.2502,-0.6711,0.4438,0.4414,0.4522,2089
1,-0.0984,-1.0681,-0.6523,0.5767,0.4337,0.6264,2121
1,-0.0608,-1.0825,-0.6941,0.4642,0.5067,0.6305,2137
1,-0.0579,-1.1013,-0.7107,0.3926,0.556,0.608,1988
1,-0.0208,-0.8269,-0.7573,0.634,0.6024,0.8471,1975
1,0.0134,-1.2449,-0.6223,0.4019,0.6407,0.7313,2145
1,-0.0034,-1.155,-0.6875,0.2948,0.6586,0.7404,2131
1,-0.0493,-1.1133,-0.7397,0.2059,0.5369,0.8098,2085
1,0.0117,-1.074,-0.7551,0.2108,0.5216,0.8324,2063
1,-0.0242,-1.0874,-0.6526,0.3429,0.5425,0.7791,2078
1,0.0071,-1.1714,-0.6289,0.5631,0.5705,0.7684,1801
1,-0.0515,-1.2109,-0.7131,0.5802,0.5465,0.859,1843
1,-0.0237,-1.1892,-0.7622,0.4135,0.5502,0.8942,1829
1,-0.0027,-1.1946,-0.7927,0.3039,0.4253,0.8429,2331
1,0.0222,-1.2234,-0.8135,0.2545,0.2442,0.9034,2344
1,0.0259,-1.2859,-0.7776,0.1288,0.2104,0.8569,2247
1,-0.0522,-1.2881,-0.7148,0.092,0.1157,0.9582,2283
1,-0.0686,-1.2673,-0.7256,0.1828,0.0463,1.0873,2193
1,-0.0127,-1.2947,-0.821,0.1181,-0.2027,1.1287,2227
1,-0.0352,-1.4146,-0.7822,-0.2076,-0.5285,1.1973,2092
1,-0.3296,-1.3066,-0.7322,-0.0477,-0.3687,1.2235,2062
1,-0.2578,-1.4309,-0.7368,-0.1605,-0.1139,1.2789,1908
1,-0.1345,-1.2488,-0.7666,-0.2923,-0.2529,1.378,2271
1,0.033,-1.1509,-0.7837,-0.2605,-0.4376,1.1607,2233
1,-0.0637,-1.3254,-0.7732,-0.3557,-0.5842,0.9644,2126
1,-0.0662,-1.5215,-0.7747,-0.4168,-0.6581,0.9052,2282
2,-0.2651,-1.3696,-0.6738,-0.2868,-0.3583,0.8989,1851
2,-0.3403,-1.22,-0.6816,0.0341,-0.1374,1.1023,2085
2,-0.2534,-1.2461,-0.6375,0.0895,-0.041,1.2391,1900
2,-0.1572,-1.2842,-0.6926,0.1992,-0.1278,1.1395,1889
2,-0.0815,-1.2737,-0.8005,0.1977,-0.288,1.079,1796
2,-0.0007,-1.4707,-0.7549,0.2619,-0.6071,0.9652,2213
2,0.0005,-1.4436,-0.7739,0.2442,-0.444,0.9054,2078
2,-0.2148,-1.3105,-0.7803,0.2705,-0.349,0.5524,1953
2,-0.0742,-1.304,-0.6467,0.2864,-0.4907,0.5265,1768
2,-0.1809,-1.3032,-0.7612,0.2541,-0.2127,0.4807,2230
2,-0.2839,-1.1167,-0.73,0.3974,-0.4811,0.6299,2304
2,-0.2998,-1.167,-0.7427,0.2791,-0.6228,0.404,2085
2,-0.4048,-1.1001,-0.7861,0.1686,-0.5761,0.4755,2063
2,-0.3616,-1.0127,-0.6587,0.1157,-0.881,0.5012,1793
2,-0.4385,-0.9863,-0.7637,0.0976,-0.8617,0.4586,2108
2,-0.4248,-1.0024,-0.6997,0.1481,-1.1292,0.2878,2024
2,-0.4004,-1.0186,-0.812,-0.0707,-1.0148,0.2876,1889
2,-0.408,-0.9299,-0.676,-0.028,-1.1897,0.2067,2356
2,-0.4199,-0.8574,-0.8003,0.0964,-1.2507,0.1955,2048
2,-0.5325,-0.8484,-0.7688,0.0561,-1.2737,0.2349,1858
2,-0.5132,-0.886,-0.7412,0.0372,-1.2667,0.3079,2202
2,-0.5242,-0.8914,-0.7461,0.0071,-1.3878,0.3998,2402
2,-0.5872,-0.8899,-0.6936,-0.0695,-1.5703,0.4646,2134
2,-0.5923,-0.9126,-0.6611,-0.1892,-1.6768,0.4192,2072
2,-0.572,-0.8831,-0.6628,-0.1943,-1.8445,0.3645,2290
2,-0.6494,-0.8711,-0.6587,-0.1408,-1.9148,0.2429,2071
2,-0.636,-0.8535,-0.7041,-0.014,-2.0584,0.2594,1793
2,-0.644,-0.9756,-0.7048,-0.1358,-2.0823,0.0629,2108
2,-0.6711,-0.9451,-0.7344,-0.0176,-2.0587,0.0333,2017
2,-0.6672,-1.0037,-0.7573,0.0154,-1.931,0.0039,1340
2,-0.625,-1.0391,-0.7507,0.0294,-1.9375,0.1117,1952
2,-0.5149,-1.1099,-0.7239,-0.0381,-1.9242,0.1428,2057
2,-0.5085,-0.978,-0.7051,-0.018,-1.8441,0.1522,2049
2,-0.5002,-0.9609,-0.6487,0.0162,-1.8197,0.0708,2186
2,-0.426,-0.9041,-0.6155,0.079,-1.7968,0.0711,1889
2,-0.4717,-0.9639,-0.6812,0.1563,-1.7334,-0.1451,1919
2,-0.4519,-1.0405,-0.6382,0.1627,-1.9848,-0.3312,2102
2,-0.4268,-1.1484,-0.6968,0.0398,-2.2467,-0.4637,2117
2,-0.481,-1.0845,-0.6936,0.006,-2.4527,-0.5883,2054
2,-0.5073,-1.0403,-0.6379,0.0376,-2.5292,-0.6304,1990
2,-0.3962,-1.0754,-0.7053,-0.066,-2.5621,-0.44,1972
2,-0.061,-0.9094,-0.7771,-0.1814,-2.6212,-0.4789,2058
2,-0.0181,-0.7605,-0.7754,-0.1358,-2.6939,-0.5643,2127
2,-0.0762,-0.8142,-0.7556,-0.0249,-2.5386,-0.7428,2140
2,-0.0771,-0.9651,-0.7209,0.1501,-2.2698,-0.7309,2082
2,-0.209,-1.0117,-0.7727,0.4188,-1.8981,-0.6674,2146
2,-0.2581,-1.0437,-0.7297,0.611,-1.7167,-0.4024,2127
2,-0.3008,-1.1653,-0.8022,0.7167,-1.39,0.0013,1755
2,-0.321,-1.2263,-0.6865,0.4867,-1.186,0.359,2028
2,-0.373,-1.0381,-0.6206,0.3349,-0.9878,0.5821,2146
2,-0.3408,-0.8533,-0.5703,0.4243,-0.8388,0.6281,1977
2,-0.4924,-0.8145,-0.5999,0.5819,-0.7409,0.649,2054
2,-0.5381,-0.835,-0.6099,0.6991,-0.677,0.7139,2057
2,-0.6018,-0.8542,-0.6616,0.8075,-0.616,0.8035,1859
2,-0.6353,-0.8857,-0.7051,0.9059,-0.6885,0.9513,1988
2,-0.5659,-0.9043,-0.8601,1.0071,-0.8518,1.1564,1977
2,-0.6299,-1.0847,-0.9197,1.1324,-1.121,1.1718,2065
2,-0.6077,-1.2781,-0.7722,0.7905,-1.0326,1.0773,2099
2,-0.5422,-1.2312,-0.6326,0.4413,-0.9131,0.9536,2088
2,-0.4556,-0.9316,-0.6487,0.3939,-1.0439,0.7955,2083
2,-0.3374,-0.8103,-0.5645,0.4208,-1.2266,0.626,2091
2,-0.3662,-0.7917,-0.6223,0.4651,-1.383,0.4538,2097
2,-0.4788,-0.8181,-0.6394,0.5172,-1.4676,0.3535,2023
2,-0.4644,-0.791,-0.6636,0.6365,-1.5139,0.3539,2049
2,-0.4722,-0.8494,-0.6643,0.7534,-1.6732,0.3549,1808
2,-0.4182,-1.0471,-0.6589,0.7369,-1.7924,0.342,2075
2,-0.4109,-1.157,-0.5442,0.5639,-1.8426,0.3614,2047
2,-0.3806,-1.033,-0.5415,0.4329,-1.8535,0.3348,1970
2,-0.4189,-0.906,-0.5408,0.3757,-1.7543,0.1816,2040
2,-0.4009,-0.8313,-0.5496,0.3814,-1.7555,0.0858,2046
2,-0.2698,-0.803,-0.5256,0.4429,-1.8606,-0.0374,2138
2,-0.2891,-0.7708,-0.6147,0.5799,-1.9052,-0.1348,2109
2,-0.3545,-0.8511,-0.5808,0.6715,-1.9839,-0.1792,2063
2,-0.3335,-0.9797,-0.6223,0.6799,-1.9237,-0.2085,2036
2,-0.3181,-1.1443,-0.6211,0.5906,-2.0036,-0.1502,2073
2,-0.2258,-1.1931,-0.5103,0.375,-2.013,-0.1822,2088
2,-0.2188,-1.0806,-0.4744,0.1498,-1.9094,-0.2903,2048
2,-0.2866,-0.9346,-0.5093,0.1617,-1.8056,-0.3919,2069
2,-0.2891,-0.8694,-0.4399,0.2586,-1.8539,-0.442,2109
2,-0.2544,-0.8618,-0.4829,0.4067,-1.9161,-0.4614,2041
2,-0.3315,-0.8262,-0.5269,0.6044,-1.8466,-0.477,2104
2,-0.3838,-0.8816,-0.5515,0.6947,-1.7319,-0.352,2031
2,-0.2922,-0.9502,-0.5225,0.7941,-1.5838,-0.2189,1979
2,-0.2732,-1.0703,-0.4729,0.732,-1.484,-0.2224,2044
2,-0.2471,-1.218,-0.303,0.5369,-1.4972,-0.2494,2010
2,-0.2517,-1.1609,-0.2842,0.3998,-1.3656,-0.329,2031
2,-0.2795,-1.0544,-0.2634,0.3978,-1.3418,-0.399,1974
2,-0.3447,-0.9568,-0.2952,0.5454,-1.3524,-0.3814,2146
2,-0.4675,-0.8711,-0.4128,0.6743,-1.3617,-0.2697,2105
2,-0.6467,-0.8184,-0.4304,0.9032,-0.9817,-0.0346,2040
2,-0.5146,-0.7583,-0.23,1.1439,-1.0909,0.1677,2004
2,-0.5681,-0.9409,-0.3582,1.5093,-0.6561,0.2527,2013
2,-0.575,-1.1826,-0.2537,1.4865,-0.8332,0.119,2070
2,-0.4758,-1.2568,-0.3311,1.5207,-0.8389,0.0952,2064
2,-0.6108,-1.3167,-0.2971,1.2597,-1.05,-0.0945,2026
2,-0.7253,-1.095,-0.1255,1.0463,-1.2973,-0.2868,2028
2,-0.6392,-0.8008,0.053,1.0316,-1.3228,-0.2683,2025
2,-0.6335,-0.5398,0.093,1.1866,-1.3147,-0.1092,2041
2,-0.6721,-0.4766,0.0659,1.3404,-1.2889,-0.0158,2060
2,-0.5732,-0.5723,0.0247,1.4659,-1.3936,0.0228,2083
2,-0.5166,-0.8003,-0.0474,1.4415,-1.4788,0.1565,2030
2,-0.4917,-1.0144,-0.0706,1.2717,-1.6269,0.3119,2062
2,-0.3953,-1.175,-0.0259,0.8738,-1.7795,0.2655,2036
2,-0.271,-1.1904,0.0854,0.4342,-2.0196,0.2172,2064
3,-0.2141,-1.0696,0.0869,0.102,-2.1454,0.0538,2067
3,-0.2905,-0.844,0.0632,0.006,-2.2029,0.0545,2053
3,-0.332,-0.7754,0.0508,-0.0053,-2.0311,0.1401,2063
3,-0.3745,-0.7771,-0.0083,-0.0878,-1.7901,0.2019,2045
3,-0.3635,-0.8062,-0.0325,-0.1641,-1.6773,0.2316,2056
3,-0.3247,-0.8826,-0.0286,-0.2234,-1.6542,0.2562,2020
3,-0.3728,-1.0068,0.0408,-0.3804,-1.6166,0.2787,2053
3,-0.3792,-1.0254,0.0869,-0.5928,-1.635,0.2851,2037
3,-0.356,-1.0234,0.1565,-0.8171,-1.6968,0.2264,2060
3,-0.2974,-0.9202,0.1912,-1.0127,-1.7046,0.2052,2027
3,-0.3169,-0.8599,0.1765,-1.1302,-1.6747,0.2558,2053
3,-0.3262,-0.8179,0.1287,-1.1765,-1.5757,0.2473,2056
3,-0.3232,-0.7981,0.0781,-1.2367,-1.5651,0.2183,2067
3,-0.3213,-0.7964,0.0637,-1.2599,-1.6181,0.1655,2040
3,-0.3416,-0.811,0.0352,-1.2742,-1.6732,0.1373,2039
3,-0.4192,-0.8152,0.0225,-1.2938,-1.7604,0.1722,2056
3,-0.449,-0.8794,0.0259,-1.3203,-1.792,0.1206,2032
3,-0.4619,-0.8457,0.021,-1.3134,-1.7329,0.1329,2059
3,-0.4666,-0.8333,-0.0168,-1.2841,-1.5645,0.1991,1982
3,-0.4185,-0.8359,-0.0544,-1.2178,-1.3701,0.1976,2009
3,-0.322,-0.8201,-0.0549,-1.16,-1.2491,0.1599,2228
3,-0.2561,-0.8328,-0.0596,-1.1351,-1.2218,0.1246,2154
3,-0.2437,-0.8621,-0.0669,-1.1159,-1.2354,0.1111,2070
3,-0.2712,-0.8865,-0.0728,-1.1119,-1.2816,0.1057,2060
3,-0.304,-0.8894,-0.0273,-1.0941,-1.2663,0.0816,2014
3,-0.3191,-0.9438,0.03,-1.1706,-1.2509,0.0011,2082
3,-0.3281,-0.9583,0.0486,-1.2184,-1.2111,-0.0129,2015
3,-0.2832,-0.9985,0.0793,-1.3688,-1.2904,-0.0071,2061
3,-0.2617,-0.9919,0.04,-1.4498,-1.3035,-0.0023,2033
3,-0.2515,-0.9788,-0.0896,-1.4193,-1.2284,0.0254,2056
3,-0.2522,-1.0466,-0.1147,-1.4388,-1.1002,-0.0314,1924
3,-0.2141,-1.033,-0.1272,-1.4814,-1.0493,-0.0123,2134
3,-0.1462,-1.1116,-0.1838,-1.5273,-1.0208,-0.0285,2067
3,-0.1226,-1.2246,-0.199,-1.545,-1.0571,-0.017,2022
3,-0.1472,-1.2532,-0.2146,-1.5511,-1.2073,0.0265,1929
3,-0.1548,-1.3008,-0.2515,-1.5062,-1.2785,-0.0216,2074
3,-0.2043,-1.3557,-0.2695,-1.4351,-1.3603,-0.0289,2085
3,-0.2737,-1.5271,-0.3005,-1.4182,-1.4865,-0.0804,1960
3,-0.3325,-1.5024,-0.3489,-1.2673,-1.5616,-0.0242,2078
3,-0.2671,-1.6377,-0.2339,-1.2892,-1.574,-0.0996,1999
3,-0.2024,-1.5754,-0.1692,-1.2816,-1.6021,0.0132,2093
3,-0.2095,-1.4753,-0.1587,-1.2459,-1.5335,0.0326,2094
3,-0.2812,-1.4133,-0.157,-1.1794,-1.3953,0.047,2132
3,-0.3208,-1.3447,-0.1011,-1.1299,-1.323,0.1308,2118
3,-0.3254,-1.3352,-0.0962,-1.0501,-1.2125,0.2284,2105
3,-0.366,-1.386,-0.103,-0.9608,-1.1255,0.259,2130
3,-0.4092,-1.4846,-0.103,-0.8685,-1.0511,0.3317,2112
3,-0.447,-1.5837,-0.0928,-0.8499,-0.9608,0.4417,2049
3,-0.4224,-1.6096,-0.1106,-0.8744,-0.862,0.5287,2111
3,-0.3857,-1.5063,-0.1191,-0.8566,-0.7062,0.5666,2013
3,-0.4058,-1.3604,-0.0884,-0.7668,-0.6103,0.6144,2039
3,-0.4258,-1.3108,-0.092,-0.685,-0.4988,0.6252,1939
3,-0.3826,-1.3113,-0.053,-0.6905,-0.5609,0.6355,2144
3,-0.3369,-1.2632,-0.0435,-0.7347,-0.7191,0.6839,2235
3,-0.3665,-1.2009,0.0271,-0.7771,-0.9588,0.694,2079
3,-0.3584,-1.1501,0.0132,-0.8008,-1.2055,0.717,1997
3,-0.3691,-1.1023,-0.0234,-0.7918,-1.4025,0.7811,2142
3,-0.3857,-1.0603,-0.0835,-0.7858,-1.4639,0.8048,2072
3,-0.3657,-1.0513,-0.1218,-0.7359,-1.4482,0.7849,2085
3,-0.3223,-1.0764,-0.1672,-0.6899,-1.387,0.7891,1833
3,-0.2822,-1.0889,-0.207,-0.669,-1.343,0.7897,2001
3,-0.238,-1.0632,-0.251,-0.6372,-1.3129,0.7696,2053
3,-0.2463,-1.0415,-0.2729,-0.5638,-1.309,0.7412,2056
3,-0.2642,-1.0134,-0.2705,-0.5227,-1.3572,0.7501,2090
3,-0.2756,-0.9814,-0.3091,-0.454,-1.4185,0.7139,1909
3,-0.2869,-1.0088,-0.2947,-0.3895,-1.4796,0.6745,2102
3,-0.3071,-1.0603,-0.2969,-0.3236,-1.5773,0.6466,2102
3,-0.3081,-1.0986,-0.3286,-0.3161,-1.6029,0.6375,2063
3,-0.3079,-1.0869,-0.3684,-0.2547,-1.5491,0.6071,2036
3,-0.3232,-1.0571,-0.3523,-0.191,-1.4596,0.594,2048
3,-0.3083,-1.1074,-0.3281,-0.1462,-1.3507,0.589,2074
3,-0.2959,-1.1707,-0.374,-0.033,-1.1749,0.5343,2082
3,-0.3572,-1.2808,-0.3943,-0.016,-1.2166,0.4388,2050
3,-0.3892,-1.324,-0.3931,0.0682,-1.2476,0.4159,2005
3,-0.3958,-1.3528,-0.3889,0.1117,-1.3073,0.4253,2003
3,-0.4163,-1.3708,-0.3997,0.1622,-1.2746,0.3718,2009
3,-0.4231,-1.3027,-0.3762,0.255,-1.1501,0.2798,2034
3,-0.4133,-1.2664,-0.3679,0.3787,-1.083,0.206,2073
3,-0.3992,-1.3306,-0.3911,0.4984,-1.0959,0.1505,2103
3,-0.4578,-1.3823,-0.3164,0.5851,-1.1601,0.1554,1959
3,-0.4949,-1.3979,-0.2676,0.6958,-1.1905,0.2418,2016
3,-0.5188,-1.5374,-0.2371,0.6225,-1.1523,0.1931,2035
3,-0.5217,-1.5901,-0.2102,0.6538,-0.9678,0.1759,2062
3,-0.4873,-1.542,-0.1877,0.7075,-0.8188,0.2061,2020
3,-0.3608,-1.584,-0.2112,0.6232,-0.6501,0.11,2045
3,-0.3813,-1.5415,-0.2041,0.7004,-0.4919,0.0306,2094
3,-0.4307,-1.4832,-0.2446,0.7977,-0.3927,-0.0854,2064
3,-0.4551,-1.4116,-0.2051,0.7945,-0.5006,-0.1551,2062
3,-0.4065,-1.2954,-0.0891,0.7608,-0.7092,-0.1954,2059
3,-0.3591,-1.189,0.0562,0.6983,-0.92,-0.1985,2076
3,-0.334,-1.2004,0.1501,0.636,-1.1476,-0.1333,2075
3,-0.2961,-1.3389,0.2471,0.5932,-1.3647,-0.0246,2038
3,-0.1992,-1.5107,0.2595,0.3361,-1.2384,0.0373,2026
3,-0.1421,-1.4307,0.2891,0.0967,-1.011,0.1201,2039
3,-0.0415,-1.2859,0.2554,-0.0983,-0.8163,0.2125,2049
3,0.0266,-1.106,0.2417,-0.161,-0.6305,0.2372,2037
3,-0.0183,-0.9707,0.188,-0.1342,-0.4734,0.2302,2070
3,-0.1602,-0.9172,0.1143,-0.1101,-0.3906,0.2348,2068
3,-0.2158,-0.9014,0.0574,-0.0822,-0.3538,0.2137,2043
3,-0.2224,-0.9248,0.075,0.0162,-0.3251,0.1851,2077
3,-0.2888,-1.0276,0.0071,0.0844,-0.3257,0.2396,2057
4,-0.4111,-1.0256,-0.0549,0.2224,-0.2747,0.2798,2019
4,-0.5352,-0.7634,-0.011,0.4313,0.0007,0.3171,2028
4,-0.5684,-0.677,0.1902,0.4726,-0.1571,0.4328,2018
4,-0.3181,-0.9944,0.3164,0.3702,-0.52,0.3835,2063
4,-0.0242,-1.1545,0.2439,0.2288,-0.4245,0.0742,2015
4,-0.0095,-1.0942,0.1208,0.0224,-0.428,-0.0008,2044
4,-0.1201,-1.0618,0.033,-0.1539,-0.7632,0.0555,2054
4,-0.146,-0.98,-0.0005,-0.147,-0.857,-0.0668,2061
4,-0.1265,-0.9807,-0.052,-0.1685,-0.6943,-0.1787,2054
4,-0.1514,-0.9236,-0.0615,-0.2513,-0.4697,-0.132,2039
4,-0.1064,-0.8733,-0.0725,-0.2424,-0.3368,-0.0989,2056
4,-0.0688,-0.8381,-0.0579,-0.1965,-0.1173,-0.1178,2049
4,-0.1035,-0.8589,-0.0896,-0.1847,-0.0059,-0.1156,2025
4,-0.1956,-0.9028,-0.0767,-0.1675,0.0085,-0.1064,2049
4,-0.2932,-0.9539,-0.0654,-0.1675,0.0084,-0.0888,2063
4,-0.3777,-0.9712,-0.0854,-0.1743,-0.0164,-0.0577,2059
4,-0.4297,-0.9785,-0.0942,-0.1554,0.0112,-0.0542,2070
4,-0.4685,-0.9814,-0.0515,-0.1276,0.0475,-0.0976,2061
4,-0.449,-0.9773,-0.062,-0.1241,0.0666,-0.1047,2038
4,-0.4514,-0.9473,-0.0847,-0.1053,0.1051,-0.1421,2050
4,-0.4236,-0.9429,-0.0894,-0.0743,0.059,-0.1984,2039
4,-0.4038,-0.9709,-0.1121,-0.0736,0.0401,-0.2261,2031
4,-0.4092,-1.0039,-0.1526,0.0055,-0.0229,-0.2187,2061
4,-0.429,-1.0627,-0.1375,0.0597,-0.0826,-0.2175,2029
4,-0.4761,-1.1304,-0.1252,0.0758,-0.1438,-0.222,2031
4,-0.4714,-1.1829,-0.0991,0.047,-0.179,-0.2228,2044
4,-0.4714,-1.1836,-0.0828,0.0575,-0.1645,-0.2456,2049
4,-0.4937,-1.1914,-0.0383,0.0254,-0.1601,-0.2249,2049
4,-0.4722,-1.2012,-0.0229,-0.0005,-0.1115,-0.224,2032
4,-0.415,-1.1736,-0.011,-0.0575,0.01,-0.22,1996
4,-0.3916,-1.1189,0.011,-0.1689,-0.0067,-0.1927,2033
4,-0.4214,-1.2732,-0.0652,-0.0566,0.021,-0.2209,2078
4,-0.48,-1.4783,-0.1416,-0.0578,0.0,-0.2069,2039
4,-0.5232,-1.5371,-0.2253,-0.1358,-0.0232,-0.218,2058
4,-0.4768,-1.4602,-0.2771,-0.0581,-0.0473,-0.2043,2058
4,-0.4468,-1.4602,-0.2271,-0.0481,-0.1356,-0.2017,2046
4,-0.3511,-1.3755,-0.1465,-0.0527,-0.2153,-0.1702,2065
4,-0.2283,-1.2432,-0.054,-0.0864,-0.2771,-0.0892,2057
4,-0.1665,-1.1516,0.01,-0.0732,-0.2465,-0.0431,2048
4,-0.1738,-1.2129,0.0073,-0.0178,-0.1959,-0.0442,2049
4,-0.1992,-1.3396,-0.0066,-0.0035,-0.1394,-0.0522,2053
4,-0.2998,-1.3525,-0.0381,-0.036,-0.0578,-0.0278,2039
4,-0.3923,-1.2849,-0.0781,-0.0023,0.0045,-0.0182,2059
4,-0.4399,-1.2476,-0.0828,0.0541,0.1045,-0.0208,2045
4,-0.459,-1.2092,-0.1042,0.1149,0.2151,-0.0027,2036
4,-0.4302,-1.2271,-0.1228,0.2117,0.267,-0.0023,2042
4,-0.3704,-1.1982,-0.1084,0.2681,0.2895,-0.0414,2043
4,-0.3,-1.1294,-0.0471,0.2547,0.2685,-0.0561,2051
4,-0.2578,-1.0652,-0.0339,0.2683,0.1539,-0.0346,2040
4,-0.2578,-0.989,-0.0322,0.2649,0.0654,-0.0426,2056
4,-0.2808,-0.9243,-0.0225,0.2782,-0.0104,-0.0542,2042
4,-0.2883,-0.8948,-0.0278,0.2831,-0.029,-0.068,2046
4,-0.2654,-0.8691,-0.0364,0.2808,-0.0012,-0.0795,2047
4,-0.2434,-0.8467,-0.0618,0.2546,0.0437,-0.0848,2044
4,-0.2378,-0.8452,-0.0439,0.2436,0.0344,-0.0788,2053
4,-0.2573,-0.8325,-0.0249,0.1995,-0.0164,-0.0676,2048
4,-0.2651,-0.7903,-0.0396,0.1679,-0.0154,-0.0526,2069
4,-0.2849,-0.7249,-0.0588,0.1714,-0.0739,-0.0433,2055
4,-0.2864,-0.6863,-0.0732,0.1515,-0.1706,-0.0208,2032
4,-0.2783,-0.6709,-0.1018,0.1451,-0.2318,-0.0222,2028
4,-0.2542,-0.6494,-0.0911,0.1992,-0.2906,-0.0325,2020
4,-0.261,-0.6614,-0.1304,0.2119,-0.3494,-0.0201,2050
4,-0.2649,-0.6724,-0.1782,0.2778,-0.3657,0.0028,2064
4,-0.2788,-0.7043,-0.1982,0.3131,-0.3839,0.0352,2029
4,-0.2888,-0.7651,-0.2146,0.4128,-0.3458,0.027,2056
4,-0.303,-0.8325,-0.2297,0.5011,-0.3627,0.025,2019
4,-0.3179,-0.9175,-0.2881,0.5842,-0.3091,0.0459,2108
4,-0.3721,-1.0154,-0.2898,0.7135,-0.3273,0.0172,2047
4,-0.3757,-1.1633,-0.2544,0.8227,-0.3349,-0.0176,2054
4,-0.4165,-1.2842,-0.2012,0.9127,-0.2545,-0.0409,1968
4,-0.4089,-1.3684,-0.1106,0.9238,-0.1595,-0.0799,2029
4,-0.3186,-1.4751,-0.0696,0.9289,-0.1049,-0.1326,2034
4,-0.2095,-1.5161,-0.0176,0.8564,-0.1818,-0.1979,2040
4,-0.2139,-1.4893,0.0078,0.8869,-0.2775,-0.2464,2050
4,-0.2905,-1.479,0.0332,0.8681,-0.3611,-0.218,2082
4,-0.3823,-1.4612,0.0564,0.864,-0.3195,-0.2004,2067
4,-0.3811,-1.4966,0.0637,0.8392,-0.2156,-0.1852,2071
4,-0.3542,-1.5071,0.0908,0.8036,-0.1241,-0.1392,2052
4,-0.301,-1.5266,0.147,0.7561,-0.0069,-0.0747,2048
4,-0.2791,-1.6301,0.2258,0.7305,0.1386,-0.0589,2041
4,-0.292,-1.6558,0.2185,0.7416,0.2562,-0.143,2050
4,-0.3765,-1.6594,0.1431,0.7015,0.2896,-0.2538,2023
4,-0.5283,-1.5481,0.0732,0.7035,0.0871,-0.3,2046
4,-0.6196,-1.5146,0.0662,0.7283,-0.2136,-0.291,1998
4,-0.5947,-1.4729,0.1135,0.7074,-0.459,-0.2353,2053
4,-0.459,-1.52,0.2444,0.6895,-0.5372,-0.0983,2053
4,-0.4094,-1.5134,0.3618,0.656,-0.3376,0.0284,2043
4,-0.3306,-1.3638,0.4148,0.5646,-0.0131,0.0791,2044
4,-0.2358,-1.157,0.4617,0.4924,0.2069,0.0804,2032
4,-0.2014,-0.9683,0.5063,0.4167,0.3113,0.0558,2051
4,-0.2092,-0.8809,0.5027,0.3769,0.2631,0.0782,2043
4,-0.2961,-0.8894,0.4331,0.3361,0.1908,0.1194,2045
4,-0.3882,-0.9075,0.3486,0.2844,0.039,0.1545,2054
4,-0.4514,-0.9226,0.3054,0.2366,-0.0707,0.1926,2053
4,-0.5142,-0.9954,0.2795,0.2099,-0.026,0.2418,2044
4,-0.5024,-1.0195,0.2671,0.1357,0.0402,0.2978,2035
4,-0.4268,-0.9587,0.2109,0.0908,0.0625,0.3199,2042
4,-0.3503,-0.8806,0.1277,0.1088,0.0794,0.3101,2053
4,-0.3367,-0.8096,0.0215,0.1955,0.0545,0.2694,2042
4,-0.3555,-0.7903,-0.0405,0.2908,0.0222,0.2416,2041
4,-0.3296,-0.8298,-0.0854,0.3048,0.053,0.2346,2045
4,-0.2961,-0.8215,-0.0869,0.3141,0.0603,0.2079,2037
5,-0.2373,-0.7891,-0.061,0.3345,0.018,0.1724,2047
5,-0.2129,-0.7593,-0.0562,0.3274,0.0031,0.1182,2034
5,-0.1975,-0.7253,0.0044,0.3177,-0.0366,0.0758,2052
5,-0.1897,-0.72,0.0454,0.2787,-0.0306,0.0622,2050
5,-0.2051,-0.708,0.0627,0.2179,-0.0252,0.0575,2041
5,-0.2178,-0.6953,0.0574,0.1759,-0.0124,0.0305,2052
5,-0.2268,-0.6558,0.0334,0.147,0.0125,-0.0048,2045
5,-0.2573,-0.5999,0.0066,0.119,0.0292,-0.0149,2049
5,-0.302,-0.5774,-0.0229,0.1151,0.0414,-0.0293,2055
5,-0.2878,-0.5625,-0.0283,0.127,0.0236,-0.0345,2042
5,-0.303,-0.5762,-0.0393,0.143,0.0609,-0.0202,2026
5,-0.2888,-0.6211,-0.0347,0.1389,0.0509,-0.0479,2044
5,-0.262,-0.6379,-0.0305,0.1317,0.0678,-0.0494,2043
5,-0.3208,-0.679,-0.0645,0.1198,0.0166,-0.0312,2044
5,-0.3391,-0.7246,-0.0503,0.1538,-0.0659,-0.0643,2032
5,-0.3596,-0.761,-0.0339,0.185,-0.1036,-0.1039,2052
5,-0.3965,-0.7629,-0.0554,0.2234,-0.1591,-0.1404,2031
5,-0.4124,-0.8345,-0.0718,0.2678,-0.2461,-0.1767,2027
5,-0.4187,-0.9175,-0.0078,0.2968,-0.3555,-0.2145,2058
5,-0.427,-1.0137,-0.0356,0.2891,-0.3432,-0.2733,2037
5,-0.4138,-1.1038,0.0059,0.2681,-0.3135,-0.3163,2032
5,-0.3169,-1.1091,0.0642,0.238,-0.3366,-0.3321,2025
5,-0.3108,-1.1033,0.1301,0.1194,-0.2531,-0.3096,2041
5,-0.2454,-1.1494,0.1887,0.1107,-0.2346,-0.3918,2079
5,-0.2681,-1.1741,0.2424,0.08,-0.1783,-0.4267,2033
5,-0.3401,-1.2034,0.2024,-0.0366,-0.1156,-0.43,2044
5,-0.374,-1.219,0.1792,-0.1181,-0.1238,-0.4554,2038
5,-0.4231,-1.2632,0.093,-0.2077,-0.0073,-0.4637,2055
5,-0.3987,-1.282,0.0613,-0.271,-0.0796,-0.5012,2044
5,-0.3738,-1.4133,0.0002,-0.2758,-0.1377,-0.5054,2053
5,-0.4177,-1.6077,-0.0015,-0.2911,-0.2639,-0.4923,2052
5,-0.4175,-1.7629,-0.0571,-0.2457,-0.2336,-0.5288,2052
5,-0.4351,-1.8608,-0.0603,-0.2701,-0.132,-0.5385,2062
5,-0.3645,-1.6902,0.0151,-0.2776,0.0567,-0.5221,2064
5,-0.26,-1.5042,0.1431,-0.3003,0.1177,-0.4401,2033
5,-0.144,-1.3184,0.2385,-0.3687,0.2081,-0.433,2058
5,-0.0747,-1.136,0.2976,-0.4148,0.2068,-0.3689,2037
5,-0.1082,-1.176,0.3452,-0.4397,0.0967,-0.2864,2050
5,-0.1624,-1.2808,0.3513,-0.4192,-0.0108,-0.2152,2053
5,-0.2954,-1.303,0.3132,-0.4348,-0.1693,-0.1497,2035
5,-0.3899,-1.301,0.2651,-0.4446,-0.2124,-0.1092,2039
5,-0.45,-1.2966,0.2183,-0.5155,-0.0784,-0.1233,2059
5,-0.4846,-1.2585,0.2017,-0.4766,-0.0506,-0.0526,2038
5,-0.4668,-1.2637,0.1636,-0.4793,0.0533,-0.0146,2040
5,-0.3892,-1.1946,0.1411,-0.4731,0.0867,0.0169,2041
5,-0.3159,-1.1313,0.1106,-0.4614,0.0353,0.0526,2037
5,-0.2864,-1.0403,0.0879,-0.3743,-0.0453,0.1092,2042
5,-0.3125,-0.9875,0.075,-0.3458,-0.061,0.1505,2032
5,-0.3101,-0.9109,0.0759,-0.2545,-0.0828,0.1806,2045
5,-0.2883,-0.895,0.0879,-0.2072,-0.0739,0.2349,2049
5,-0.2749,-0.8892,0.0662,-0.1854,-0.071,0.2867,2048
5,-0.2393,-0.8945,0.0388,-0.2558,0.0342,0.2831,2049
5,-0.1982,-0.8232,0.0327,-0.1989,-0.0345,0.2718,2051
5,-0.207,-0.8528,0.0117,-0.2213,-0.0485,0.2819,2034
5,-0.2258,-0.7964,-0.0256,-0.2189,-0.0517,0.2678,2041
5,-0.2461,-0.7659,-0.0771,-0.2083,-0.1189,0.2629,2040
5,-0.27,-0.7312,-0.1064,-0.1934,-0.1828,0.2666,2038
5,-0.2793,-0.7175,-0.1565,-0.1473,-0.2079,0.2598,2041
5,-0.2617,-0.7244,-0.207,-0.1349,-0.2421,0.2731,2065
5,-0.2183,-0.7366,-0.2175,-0.1386,-0.2586,0.2899,2028
5,-0.1809,-0.7339,-0.2024,-0.1139,-0.2587,0.3012,2029
5,-0.1667,-0.7605,-0.1819,-0.0712,-0.2458,0.275,2054
5,-0.1997,-0.7686,-0.2144,-0.028,-0.2772,0.2507,2046
5,-0.2332,-0.7891,-0.2544,0.0413,-0.261,0.2487,2023
5,-0.2913,-0.8423,-0.2817,0.1133,-0.2246,0.2276,2020
5,-0.3308,-0.9199,-0.3047,0.1794,-0.3004,0.1993,2007
5,-0.3362,-1.0276,-0.2988,0.2643,-0.4006,0.1788,2067
5,-0.3499,-1.1548,-0.292,0.3453,-0.4577,0.1758,2041
5,-0.3767,-1.2871,-0.2424,0.3545,-0.5388,0.172,2051
5,-0.3423,-1.3984,-0.1758,0.3029,-0.556,0.1193,2068
5,-0.3071,-1.4009,-0.219,0.3493,-0.4397,0.0249,2078
5,-0.3376,-1.3967,-0.2317,0.4398,-0.3348,-0.0587,2053
5,-0.3521,-1.4075,-0.2427,0.5325,-0.2839,-0.1282,2034
5,-0.3369,-1.4624,-0.2429,0.6633,-0.1618,-0.1927,2061
5,-0.3074,-1.5688,-0.1821,0.7051,-0.1365,-0.2175,2086
5,-0.2908,-1.6814,-0.0601,0.6387,-0.1429,-0.2199,2036
5,-0.2847,-1.6653,0.084,0.581,-0.212,-0.178,2049
5,-0.3376,-1.5815,0.1763,0.567,-0.2119,-0.1788,2042
5,-0.4033,-1.5908,0.2478,0.5136,-0.1193,-0.1542,2038
5,-0.4336,-1.5156,0.2358,0.4548,0.004,-0.1428,2052
5,-0.3896,-1.4285,0.2117,0.4322,0.0041,-0.0977,2013
5,-0.3796,-1.3547,0.1792,0.4718,0.0028,-0.0549,2032
5,-0.4219,-1.4753,0.1257,0.5604,0.0017,-0.0686,2051
5,-0.4956,-1.5518,0.1223,0.6225,-0.0542,-0.1135,2047
5,-0.5549,-1.583,0.1194,0.6557,-0.2108,-0.1392,2054
5,-0.582,-1.4731,0.125,0.6448,-0.4201,-0.1377,2063
5,-0.5481,-1.3931,0.1838,0.6143,-0.5132,-0.0839,2036
5,-0.4517,-1.2766,0.2961,0.5891,-0.5742,0.03,2059
5,-0.3274,-1.1848,0.3772,0.5569,-0.3906,0.1397,2073
5,-0.1914,-1.1292,0.4194,0.5151,-0.0831,0.2274,2047
5,-0.1418,-1.071,0.4895,0.4613,0.0898,0.2646,2033
5,-0.1665,-1.0215,0.4856,0.3812,0.1502,0.2745,2045
5,-0.2424,-1.0198,0.4094,0.2934,0.1052,0.2987,2043
5,-0.3508,-1.0085,0.3071,0.2265,0.0127,0.3073,2039
5,-0.4182,-0.98,0.1938,0.2024,-0.0794,0.3216,2043
5,-0.4509,-0.9556,0.1013,0.1851,-0.1031,0.3163,2045
5,-0.4082,-0.908,0.0378,0.198,-0.1228,0.2932,2040
5,-0.3401,-0.863,0.0354,0.2161,-0.081,0.294,2039
5,-0.2783,-0.865,0.0879,0.2197,-0.0246,0.3023,2045
5,-0.2336,-0.8555,0.1001,0.21,-0.0288,0.3176,2028
5,-0.2358,-0.7998,0.0752,0.2792,0.0707,0.295,2054
5,-0.2202,-0.7864,0.0337,0.291,0.1543,0.2507,2038
5,-0.2639,-0.7759,-0.0193,0.2372,0.2143,0.2159,2067
6,-0.1865,-0.7761,-0.0767,0.2236,0.0438,0.1606,2031
6,-0.1172,-0.7971,-0.064,0.1771,0.0929,0.133,2032
6,-0.199,-0.7332,-0.012,0.2041,-0.0751,0.1108,2035
6,-0.2688,-0.7244,0.0134,0.3015,-0.1135,0.0985,2030
6,-0.3323,-0.7507,-0.0303,0.2381,-0.1155,0.0968,2052
6,-0.2827,-0.7615,-0.0525,0.1973,-0.0735,0.0463,2054
6,-0.2151,-0.7273,-0.0168,0.2032,-0.018,0.022,2032
6,-0.2151,-0.7256,0.0049,0.1807,-0.0515,0.0286,2037
6,-0.2197,-0.7163,0.0186,0.1669,-0.092,-0.0045,2026
6,-0.2361,-0.7175,0.0195,0.175,-0.0844,-0.0321,2078
6,-0.281,-0.7227,0.0034,0.1607,-0.1031,-0.0374,2035
6,-0.3228,-0.7444,-0.0002,0.1814,-0.0912,-0.0525,2035
6,-0.3398,-0.7712,-0.001,0.2159,-0.1214,-0.0906,2036
6,-0.3533,-0.8093,-0.0171,0.2133,-0.2289,-0.0902,2024
6,-0.3887,-0.874,-0.0176,0.2076,-0.3163,-0.1093,2026
6,-0.4419,-0.9167,0.0051,0.216,-0.3414,-0.1321,2020
6,-0.4685,-0.9556,0.0066,0.2101,-0.3302,-0.1523,2051
6,-0.4038,-0.9868,-0.0237,0.233,-0.2774,-0.1788,2057
6,-0.3613,-1.0486,-0.0068,0.249,-0.1988,-0.1932,2040
6,-0.3037,-1.074,0.0156,0.226,-0.1666,-0.2012,2046
6,-0.2734,-1.0857,0.0613,0.235,-0.0968,-0.2097,2051
6,-0.2817,-1.1428,0.1084,0.2097,-0.039,-0.2354,2063
6,-0.3145,-1.2678,0.165,0.1417,-0.0132,-0.2436,2031
6,-0.3638,-1.3157,0.2192,0.0443,0.035,-0.2436,2050
6,-0.3816,-1.2764,0.2278,-0.0707,0.0931,-0.275,2011
6,-0.396,-1.2471,0.2312,-0.1478,0.12,-0.3257,2067
6,-0.4055,-1.2754,0.2346,-0.2232,0.0547,-0.3406,2019
6,-0.4106,-1.4126,0.1689,-0.2482,-0.019,-0.3502,2035
6,-0.4407,-1.5029,0.0615,-0.2659,-0.1169,-0.3721,2067
6,-0.4209,-1.5752,-0.03,-0.2164,-0.2156,-0.382,2042
6,-0.3972,-1.6101,-0.0369,-0.1878,-0.2234,-0.3438,2071
6,-0.3062,-1.5227,0.0383,-0.2349,-0.1332,-0.2537,2036
6,-0.1887,-1.3049,0.1143,-0.2565,0.0718,-0.1962,2046
6,-0.0874,-1.1414,0.1897,-0.2284,0.2779,-0.153,2063
6,-0.0759,-1.1584,0.2637,-0.2095,0.3695,-0.1285,2059
6,-0.1316,-1.2092,0.3149,-0.1939,0.3141,-0.0995,2056
6,-0.28,-1.2561,0.261,-0.1888,0.2436,-0.0807,2059
6,-0.446,-1.2693,0.1912,-0.2332,0.1627,-0.0796,2054
6,-0.52,-1.2119,0.1431,-0.2794,0.0803,-0.0558,2039
6,-0.5059,-1.1584,0.0559,-0.3021,0.0378,-0.0228,2046
6,-0.459,-1.1672,0.0664,-0.2615,-0.0667,0.0309,2048
6,-0.4021,-1.1562,0.0757,-0.2715,-0.1056,0.0234,2046
6,-0.3208,-1.0654,0.0598,-0.2661,-0.1597,0.0667,2040
6,-0.2947,-1.0039,0.0315,-0.2244,-0.1253,0.1149,2040
6,-0.2771,-0.905,0.0237,-0.1791,-0.0485,0.123,2046
6,-0.2759,-0.8564,0.03,-0.0487,-0.0222,0.184,2047
6,-0.2625,-0.8767,-0.0022,-0.0032,0.0338,0.1856,2043
6,-0.2148,-0.8694,-0.0225,0.0003,0.0083,0.1985,2040
6,-0.2073,-0.8513,-0.041,0.0136,-0.0028,0.2252,2037
6,-0.2275,-0.8164,-0.0681,0.035,-0.0245,0.2527,2038
6,-0.2766,-0.8171,-0.0698,0.0124,-0.0507,0.2685,2042
6,-0.2688,-0.8098,-0.0579,-0.0107,-0.0555,0.2824,2050
6,-0.2463,-0.7627,-0.0457,-0.033,-0.0819,0.2859,2038
6,-0.2935,-0.7534,-0.0439,-0.0727,-0.073,0.2374,2027
6,-0.2393,-0.6699,-0.0747,0.0011,-0.1301,0.2626,2048
6,-0.2595,-0.6733,-0.1116,0.0229,-0.1742,0.2507,2033
6,-0.2544,-0.666,-0.1121,0.0386,-0.2089,0.2523,2046
6,-0.2268,-0.698,-0.1357,0.0336,-0.2567,0.2549,2073
6,-0.217,-0.7134,-0.1306,0.0816,-0.3063,0.251,2055
6,-0.2432,-0.7659,-0.1501,0.1185,-0.3639,0.2461,2044
6,-0.2439,-0.8386,-0.1482,0.139,-0.4934,0.2522,2059
6,-0.2542,-0.926,-0.1572,0.1641,-0.5753,0.2413,2012
6,-0.2939,-1.0422,-0.1704,0.2152,-0.603,0.2289,2048
6,-0.3079,-1.1897,-0.1379,0.2694,-0.6323,0.2296,2083
6,-0.345,-1.3042,-0.166,0.335,-0.4681,0.1828,2055
6,-0.3196,-1.3547,-0.1907,0.426,-0.2816,0.0844,2039
6,-0.2488,-1.4292,-0.1296,0.4637,-0.1851,-0.0437,2035
6,-0.1892,-1.5417,-0.061,0.5155,-0.2316,-0.1076,2048
6,-0.1284,-1.6025,-0.0107,0.4594,-0.4031,-0.1459,2057
6,-0.146,-1.585,0.0566,0.4662,-0.4061,-0.1985,2052
6,-0.2434,-1.5837,0.1304,0.4358,-0.4601,-0.2229,2045
6,-0.3269,-1.5571,0.1826,0.3679,-0.4398,-0.2156,2059
6,-0.3577,-1.5071,0.2227,0.3318,-0.3553,-0.2083,2038
6,-0.3679,-1.4998,0.2434,0.3398,-0.2171,-0.1718,2062
6,-0.3813,-1.522,0.2634,0.3647,-0.0939,-0.1167,2046
6,-0.3699,-1.5896,0.3354,0.3775,0.1218,-0.0641,2050
6,-0.4153,-1.7681,0.3069,0.4528,0.4079,-0.0128,2043
6,-0.4688,-1.6841,0.2759,0.3799,0.5011,-0.1621,2043
6,-0.4529,-1.5442,0.2668,0.3533,0.2952,-0.1939,2037
6,-0.478,-1.4822,0.2334,0.3394,-0.0182,-0.1494,2050
6,-0.5415,-1.3882,0.2346,0.3513,-0.1981,-0.0645,2069
6,-0.5178,-1.2817,0.3086,0.3361,-0.1246,0.0365,2034
6,-0.4253,-1.1218,0.4573,0.3081,0.0834,0.1221,2048
6,-0.2996,-1.0037,0.5464,0.2755,0.3203,0.1522,2055
6,-0.2146,-0.9775,0.594,0.2244,0.402,0.1739,2038
6,-0.2788,-0.9897,0.5383,0.1859,0.3436,0.2016,2032
6,-0.3953,-0.9265,0.4202,0.1356,0.231,0.2312,2043
6,-0.4556,-0.8806,0.2544,0.1032,0.1675,0.2802,2060
6,-0.4866,-0.9031,0.1482,0.0945,0.1693,0.3306,2042
6,-0.4558,-0.9187,0.053,0.1024,0.1586,0.3578,2039
6,-0.405,-0.8789,-0.0056,0.1218,0.0895,0.3599,2039
6,-0.3418,-0.856,-0.0483,0.1168,0.0325,0.3376,2056
6,-0.3076,-0.8762,-0.0459,0.1547,-0.0284,0.337,2053
6,-0.2886,-0.8726,-0.0605,0.1143,-0.0399,0.3239,2047
6,-0.3096,-0.8037,-0.1184,0.1722,0.0425,0.2802,2040
6,-0.3074,-0.7874,-0.1328,0.2365,0.0952,0.2345,2049
6,-0.282,-0.7527,-0.1619,0.2729,0.141,0.2029,2037
6,-0.2595,-0.7339,-0.1587,0.2963,0.1892,0.1677,2035
6,-0.2358,-0.7131,-0.1289,0.2927,0.1858,0.1404,2042
6,-0.2346,-0.6992,-0.095,0.2397,0.1036,0.1218,2035
6,-0.218,-0.6978,-0.0383,0.2119,0.0101,0.0859,2048
7,-0.2363,-0.7112,-0.0063,0.1486,-0.0852,0.0542,2045
7,-0.2666,-0.7004,-0.0122,0.0739,-0.1439,0.033,2045
7,-0.2878,-0.7029,0.0315,0.0107,-0.1895,0.0185,2055
7,-0.2927,-0.6763,0.0027,-0.0573,-0.1858,0.0071,2029
7,-0.2913,-0.6511,-0.0107,-0.0719,-0.2189,-0.0019,2074
7,-0.2839,-0.6519,-0.051,-0.0506,-0.2538,-0.0089,2032
7,-0.3101,-0.6384,-0.0679,-0.0127,-0.2746,-0.0289,2049
7,-0.311,-0.6643,-0.0498,0.0479,-0.3035,-0.047,2021
7,-0.3333,-0.72,-0.0559,0.047,-0.246,-0.055,2023
7,-0.3477,-0.7625,-0.0535,0.0446,-0.2555,-0.0758,2017
7,-0.3337,-0.8081,-0.0776,0.0668,-0.2727,-0.1153,2029
7,-0.3425,-0.8838,-0.0544,0.1228,-0.3501,-0.1545,2014
7,-0.3696,-1.0049,-0.0278,0.116,-0.4057,-0.1405,2019
7,-0.4055,-1.0974,0.0212,0.0943,-0.454,-0.1237,2025
7,-0.3977,-1.1438,0.0276,0.0795,-0.4874,-0.1421,2011
7,-0.3494,-1.1831,0.0764,0.069,-0.4284,-0.2101,2044
7,-0.3044,-1.2126,0.1274,0.0192,-0.3765,-0.2238,2070
7,-0.2751,-1.2173,0.2012,-0.0169,-0.2574,-0.277,2041
7,-0.2534,-1.2554,0.2461,-0.0786,-0.1366,-0.3217,2057
7,-0.2812,-1.2673,0.2864,-0.1614,-0.0373,-0.3532,2062
7,-0.325,-1.2488,0.2327,-0.1962,0.0479,-0.3939,2041
7,-0.3528,-1.2869,0.1855,-0.2009,0.0519,-0.4156,2043
7,-0.4414,-1.3391,0.1143,-0.1537,0.0439,-0.4445,2059
7,-0.5276,-1.498,0.0073,-0.079,0.0418,-0.4689,2050
7,-0.5374,-1.658,-0.0276,-0.0547,0.0281,-0.4817,2047
7,-0.4548,-1.7695,-0.0842,-0.0067,0.0044,-0.524,2043
7,-0.3877,-1.7632,-0.0391,0.0105,-0.0553,-0.5189,2021
7,-0.3201,-1.6658,0.106,0.0079,0.0056,-0.5325,2070
7,-0.2219,-1.4875,0.176,-0.039,0.1481,-0.4927,2066
7,-0.1418,-1.3137,0.2351,-0.1185,0.3175,-0.4797,2050
7,-0.1323,-1.1064,0.271,-0.1671,0.2926,-0.4019,2024
7,-0.1377,-1.1265,0.3491,-0.1615,0.2171,-0.3095,2080
7,-0.251,-1.2258,0.3137,-0.1521,0.1523,-0.1989,2049
7,-0.3979,-1.2576,0.2361,-0.224,0.0989,-0.1321,2046
7,-0.4285,-1.2388,0.1577,-0.2578,0.0878,-0.0799,2027
7,-0.4399,-1.2407,0.0767,-0.3482,0.1589,-0.0987,2055
7,-0.4275,-1.1392,0.0154,-0.2386,0.1433,-0.0309,2036
7,-0.4146,-1.1692,0.0066,-0.2177,0.0929,0.0085,2053
7,-0.3777,-1.1589,-0.0129,-0.2418,0.0222,0.0288,2064
7,-0.323,-1.0874,-0.0352,-0.2762,-0.1463,0.0851,2049
7,-0.3142,-1.0146,-0.0537,-0.2866,-0.225,0.122,2059
7,-0.3066,-0.9241,-0.0447,-0.2079,-0.273,0.1491,2041
7,-0.3167,-0.8826,-0.0305,-0.1225,-0.2709,0.1924,2045
7,-0.2915,-0.8762,-0.0164,-0.0792,-0.2422,0.2164,2059
7,-0.2717,-0.8796,-0.0415,-0.1238,-0.1181,0.2352,2047
7,-0.2678,-0.8167,-0.0798,-0.0931,-0.1045,0.2566,2028
7,-0.2539,-0.8167,-0.1021,-0.0415,-0.1345,0.2762,2030
7,-0.2268,-0.8398,-0.1301,-0.0273,-0.1175,0.2617,2050
7,-0.2275,-0.8225,-0.1323,-0.0133,-0.0955,0.247,2046
7,-0.2119,-0.7656,-0.1758,-0.0004,-0.0956,0.2368,2042
7,-0.2148,-0.782,-0.1543,0.0031,-0.161,0.2338,2016
7,-0.2078,-0.7727,-0.1694,0.0276,-0.2191,0.2261,2043
7,-0.2222,-0.7546,-0.1885,0.0435,-0.2448,0.2072,2042
7,-0.2332,-0.7415,-0.2141,0.0639,-0.2968,0.1979,2030
7,-0.2292,-0.7439,-0.1848,0.1063,-0.3765,0.1832,2032
7,-0.218,-0.7627,-0.1956,0.12,-0.4245,0.1834,2039
7,-0.2163,-0.7725,-0.1714,0.118,-0.5014,0.2063,2054
7,-0.1912,-0.8042,-0.1575,0.1397,-0.5143,0.1981,2041
7,-0.178,-0.8518,-0.136,0.187,-0.5104,0.1962,2055
7,-0.2363,-0.9304,-0.1428,0.204,-0.5709,0.1959,2027
7,-0.2471,-1.0496,-0.1934,0.2723,-0.6127,0.1657,2044
7,-0.292,-1.1631,-0.2573,0.3749,-0.5809,0.1149,2063
7,-0.3425,-1.2698,-0.1926,0.4376,-0.581,0.0703,2026
7,-0.3462,-1.3645,-0.2229,0.5385,-0.4801,0.0217,2047
7,-0.332,-1.4497,-0.1582,0.6473,-0.3148,-0.0463,2009
7,-0.2693,-1.5547,0.0117,0.6554,-0.3236,-0.0824,2069
7,-0.1667,-1.6133,0.085,0.6031,-0.3161,-0.1216,2053
7,-0.116,-1.6802,0.1848,0.563,-0.3292,-0.1791,2049
7,-0.1677,-1.6621,0.2319,0.5199,-0.3264,-0.2152,2040
7,-0.2668,-1.6228,0.2478,0.5054,-0.3353,-0.2084,2042
7,-0.3315,-1.5496,0.2522,0.489,-0.2994,-0.225,2056
7,-0.3503,-1.467,0.2341,0.4936,-0.2064,-0.2081,2037
7,-0.3511,-1.4736,0.2405,0.5163,-0.1198,-0.1493,2058
7,-0.3433,-1.5706,0.3193,0.5525,0.0047,-0.069,2046
7,-0.354,-1.6243,0.3572,0.5705,0.1701,-0.0676,2047
7,-0.4138,-1.656,0.312,0.6256,0.3494,-0.0722,2060
7,-0.4839,-1.6377,0.3262,0.5617,0.2686,-0.1678,2052
7,-0.4973,-1.5452,0.2935,0.5227,-0.014,-0.1586,2053
7,-0.55,-1.4651,0.2817,0.4835,-0.2915,-0.0784,2039
7,-0.5867,-1.3997,0.3,0.457,-0.4458,0.0509,2052
7,-0.5229,-1.3367,0.3398,0.4099,-0.3388,0.2065,2048
7,-0.4319,-1.1924,0.4146,0.3723,-0.038,0.3096,2054
7,-0.2903,-1.0354,0.4788,0.3213,0.2296,0.3754,2035
7,-0.1914,-0.9875,0.509,0.2802,0.3354,0.3683,2050
7,-0.1858,-0.9639,0.4287,0.2896,0.3606,0.332,2054
7,-0.2822,-0.9065,0.3169,0.2686,0.2766,0.3277,2052
7,-0.3806,-0.9006,0.189,0.2039,0.1735,0.3771,2047
7,-0.4231,-0.9121,0.0815,0.1642,0.1159,0.4219,2045
7,-0.4426,-0.8708,0.0112,0.1794,0.1069,0.4398,2044
7,-0.4329,-0.8152,-0.0132,0.1748,0.0846,0.441,2048
7,-0.3635,-0.7979,-0.009,0.1715,0.0609,0.4338,2049
7,-0.2996,-0.8018,-0.0056,0.1337,-0.0269,0.4406,2046
7,-0.2717,-0.7849,-0.0386,0.1645,-0.0711,0.4241,2025
7,-0.2744,-0.7578,-0.0586,0.1665,-0.1325,0.3822,2043
7,-0.2722,-0.7407,-0.0952,0.1863,-0.1742,0.3472,2060
7,-0.2788,-0.7192,-0.1045,0.214,-0.1655,0.3421,2043
7,-0.3032,-0.7004,-0.1228,0.2148,-0.0692,0.3417,2036
7,-0.2651,-0.7051,-0.1387,0.1852,-0.0133,0.3081,2046
7,-0.1514,-0.7078,-0.1208,0.1372,-0.0145,0.245,2071
7,-0.1204,-0.6917,-0.0784,0.1322,0.0449,0.2071,2041
7,-0.1433,-0.6599,-0.0166,0.1357,-0.0037,0.2031,2037
7,-0.1797,-0.6875,-0.0066,0.0666,-0.0884,0.1863,2068
8,-0.2024,-0.6909,-0.0261,-0.0146,-0.1257,0.1318,2063
8,-0.208,-0.6758,-0.0149,-0.0362,-0.1654,0.0959,2042
8,-0.2454,-0.6472,0.0034,-0.0478,-0.241,0.1024,2035
8,-0.2988,-0.6311,-0.0251,-0.0406,-0.2822,0.1087,2040
8,-0.3245,-0.6467,0.0012,-0.0141,-0.3081,0.0808,2022
8,-0.3267,-0.6895,0.0022,0.0084,-0.2862,0.0491,2041
8,-0.313,-0.7449,-0.0146,-0.0011,-0.3171,0.0166,2049
8,-0.2913,-0.8047,-0.0251,0.0362,-0.3027,-0.0181,2019
8,-0.302,-0.8616,0.0054,0.0551,-0.3318,-0.0474,2045
8,-0.3364,-0.916,-0.001,0.112,-0.2759,-0.0776,1978
8,-0.3811,-0.9685,0.0146,0.1361,-0.2502,-0.1141,2055
8,-0.3752,-0.9995,0.0217,0.175,-0.2693,-0.161,2046
8,-0.3462,-1.0854,0.0449,0.194,-0.2875,-0.1934,2055
8,-0.3511,-1.1948,0.1067,0.1655,-0.3017,-0.2137,2056
8,-0.345,-1.2849,0.2026,0.1108,-0.3093,-0.2374,2050
8,-0.3521,-1.3054,0.2317,0.0417,-0.1613,-0.2924,2042
8,-0.3347,-1.3047,0.2524,0.0007,-0.0027,-0.3591,2032
8,-0.3516,-1.3081,0.2561,-0.022,0.0907,-0.4085,2039
8,-0.3794,-1.313,0.2354,-0.0483,0.2023,-0.4508,2010
8,-0.4182,-1.2844,0.1833,-0.0329,0.2539,-0.49,2034
8,-0.448,-1.261,0.1709,-0.0748,0.1915,-0.5185,2056
8,-0.4788,-1.3025,0.186,-0.1113,0.1151,-0.5434,2053
8,-0.4995,-1.4541,0.1409,-0.0957,0.0225,-0.5514,2048
8,-0.551,-1.6016,0.1138,-0.1236,-0.1197,-0.5412,2044
8,-0.5247,-1.7227,0.074,-0.1063,-0.1826,-0.5227,2044
8,-0.5308,-1.7156,0.0764,-0.0976,-0.1029,-0.4879,2028
8,-0.4592,-1.5554,0.1609,-0.1442,0.0647,-0.4456,2069
8,-0.3462,-1.2991,0.2207,-0.1714,0.2053,-0.3898,2049
8,-0.2188,-1.0876,0.2637,-0.1691,0.3057,-0.3413,2055
8,-0.1433,-1.0559,0.2771,-0.1258,0.291,-0.2611,2039
8,-0.2197,-1.1514,0.2659,-0.1057,0.1667,-0.1776,2053
8,-0.3347,-1.2151,0.1982,-0.1131,0.0539,-0.114,2059
8,-0.4436,-1.2175,0.1333,-0.1294,-0.0206,-0.0762,2038
8,-0.4954,-1.1899,0.0728,-0.1719,-0.0358,-0.0405,2036
8,-0.4336,-1.0935,0.021,-0.1724,-0.0939,0.0112,2038
8,-0.4048,-1.1367,0.0156,-0.1706,-0.187,0.0832,2052
8,-0.3818,-1.1743,0.0259,-0.2585,-0.2378,0.0603,2042
8,-0.3198,-1.0598,0.0005,-0.2378,-0.3546,0.1386,2068
8,-0.3333,-1.0247,-0.0352,-0.2057,-0.3377,0.1819,2052
8,-0.3154,-0.9565,-0.0637,-0.1884,-0.2417,0.1811,2037
8,-0.2695,-0.9133,-0.0818,-0.1027,-0.1962,0.2068,2057
8,-0.1987,-0.8904,-0.0647,-0.049,-0.1872,0.2217,2047
8,-0.1497,-0.8813,-0.1091,-0.0047,-0.1526,0.2286,2049
8,-0.1719,-0.9353,-0.0684,-0.0823,-0.2281,0.1792,2033
8,-0.177,-0.8606,-0.0969,-0.0085,-0.2679,0.2422,2047
8,-0.2075,-0.8616,-0.094,-0.0445,-0.2309,0.2462,2048
8,-0.2053,-0.8193,-0.0667,-0.0501,-0.2201,0.2453,2034
8,-0.1938,-0.7688,-0.0508,-0.0727,-0.2237,0.2477,2041
8,-0.1909,-0.7305,-0.0415,-0.0686,-0.2157,0.2441,2017
8,-0.1958,-0.6997,-0.033,-0.0498,-0.232,0.2236,2063
8,-0.2156,-0.6731,-0.0601,-0.0156,-0.263,0.2119,2049
8,-0.2373,-0.6733,-0.0737,0.039,-0.2583,0.1997,2046
8,-0.2488,-0.7056,-0.0818,0.0585,-0.2646,0.1898,2022
8,-0.2358,-0.7295,-0.0979,0.0811,-0.3249,0.19,2036
8,-0.2053,-0.7644,-0.1216,0.1224,-0.383,0.1816,2046
8,-0.2231,-0.8079,-0.1077,0.1527,-0.5042,0.163,2022
8,-0.228,-0.8677,-0.1145,0.223,-0.5843,0.1562,2085
8,-0.26,-0.9766,-0.0796,0.3167,-0.5956,0.1597,2082
8,-0.2827,-1.123,-0.0432,0.379,-0.4799,0.138,2020
8,-0.3022,-1.2256,-0.0408,0.4401,-0.3147,0.0964,2034
8,-0.2686,-1.3372,-0.0168,0.4938,-0.1463,-0.0178,2018
8,-0.1885,-1.4973,0.0154,0.5356,-0.0728,-0.1313,2096
8,-0.1653,-1.5354,-0.0464,0.5537,-0.1425,-0.2037,2046
8,-0.2339,-1.5171,0.0022,0.5888,-0.2111,-0.2454,2017
8,-0.241,-1.5845,0.0383,0.532,-0.2543,-0.2232,2038
8,-0.2573,-1.6309,0.0986,0.5012,-0.178,-0.198,2044
8,-0.2446,-1.6345,0.179,0.4906,-0.0728,-0.2163,2054
8,-0.23,-1.6331,0.2637,0.4413,0.0332,-0.2619,2067
8,-0.2625,-1.5364,0.2856,0.4105,0.1128,-0.2812,2022
8,-0.2888,-1.4753,0.3154,0.3816,0.1277,-0.2219,2061
8,-0.3337,-1.4929,0.3345,0.3827,0.1679,-0.1218,2104
8,-0.4458,-1.5522,0.3198,0.4046,0.3205,-0.0803,2053
8,-0.4834,-1.5476,0.3032,0.4081,0.4261,-0.1133,2050
8,-0.4629,-1.5579,0.3052,0.3892,0.3735,-0.1171,2052
8,-0.4729,-1.5149,0.2913,0.3418,0.1241,-0.1109,2056
8,-0.5129,-1.4844,0.2695,0.3482,-0.151,-0.0782,2045
8,-0.5784,-1.4031,0.3,0.3057,-0.3598,0.0341,2043
8,-0.5823,-1.2354,0.3672,0.2643,-0.3188,0.1715,2082
8,-0.5349,-1.0417,0.4204,0.3004,-0.0746,0.2731,2046
8,-0.4141,-0.9822,0.4548,0.3185,0.2047,0.3216,2065
8,-0.3164,-1.0232,0.4702,0.3157,0.3452,0.318,2047
8,-0.2468,-1.0312,0.4338,0.2934,0.3826,0.32,2044
8,-0.2515,-1.012,0.3777,0.241,0.3633,0.3553,2043
8,-0.301,-1.0034,0.2896,0.1975,0.3253,0.3986,2046
8,-0.374,-1.0083,0.2051,0.142,0.3452,0.4244,2042
8,-0.3994,-0.9622,0.1597,0.1003,0.2922,0.4502,2071
8,-0.3916,-0.8472,0.0417,0.1459,0.2064,0.4545,2043
8,-0.3914,-0.7869,-0.0493,0.2326,0.1545,0.4277,2047
8,-0.3638,-0.7908,-0.0986,0.2778,0.0949,0.4044,2051
8,-0.3132,-0.7957,-0.1121,0.2915,0.0395,0.3939,2052
8,-0.2742,-0.7903,-0.0747,0.3007,0.0025,0.3955,2051
8,-0.2783,-0.7788,-0.0581,0.28,-0.0312,0.3739,2041
8,-0.2378,-0.7812,-0.0498,0.261,-0.0164,0.3167,2026
8,-0.166,-0.7698,-0.0315,0.2063,0.0197,0.2563,2032
8,-0.1348,-0.7319,-0.0461,0.1585,0.0333,0.2167,2039
8,-0.1602,-0.6775,-0.0452,0.132,0.0533,0.1959,2035
8,-0.2021,-0.6108,-0.0798,0.143,0.077,0.1531,2054
8,-0.2581,-0.55,-0.1077,0.2107,0.1192,0.1057,2048
8,-0.3044,-0.5483,-0.1396,0.2428,0.1523,0.0782,2050
8,-0.2937,-0.5884,-0.1497,0.2229,0.145,0.0595,2046
8,-0.2483,-0.6086,-0.1169,0.2024,0.1151,0.0326,2089
8,-0.2476,-0.6309,-0.0823,0.1746,0.0403,0.0152,2044
8,-0.2209,-0.6409,-0.0703,0.1352,-0.1077,0.0373,2026
9,-0.2522,-0.6047,-0.0969,0.1151,-0.153,0.0253,2042
9,-0.2642,-0.605,-0.0698,0.1212,-0.2245,-0.0063,2060
9,-0.2817,-0.644,-0.0637,0.1469,-0.2525,-0.0356,2018
9,-0.3257,-0.7048,-0.0125,0.1533,-0.2838,-0.0332,1987
9,-0.3596,-0.7803,0.0061,0.1654,-0.2646,-0.0377,2034
9,-0.3699,-0.8687,-0.0005,0.1703,-0.2832,-0.0815,1996
9,-0.4131,-0.9612,-0.0237,0.2068,-0.2172,-0.1019,2060
9,-0.3982,-1.1296,0.0176,0.179,-0.2562,-0.0743,2031
9,-0.3386,-1.248,0.0764,0.0863,-0.2615,-0.0625,2045
9,-0.2627,-1.2788,0.1284,-0.0128,-0.3445,-0.0804,2027
9,-0.2666,-1.2224,0.1946,-0.0859,-0.335,-0.1244,2076
9,-0.3728,-1.1426,0.2043,-0.1193,-0.2442,-0.1832,2072
9,-0.4854,-1.1196,0.2563,-0.091,-0.1486,-0.2409,2061
9,-0.5972,-1.1423,0.2651,-0.0933,0.0352,-0.2807,2056
9,-0.6255,-1.1958,0.262,-0.1152,0.1465,-0.297,2023
9,-0.6055,-1.2346,0.2659,-0.1436,0.1165,-0.2932,2027
9,-0.5847,-1.2471,0.2512,-0.1405,0.1015,-0.3063,2036
9,-0.5659,-1.2178,0.2302,-0.0933,0.0643,-0.3349,2024
9,-0.5408,-1.1677,0.1692,-0.1087,0.0487,-0.3476,2062
9,-0.5015,-1.2673,0.1089,-0.0507,0.0868,-0.3553,2037
9,-0.4829,-1.4114,0.0393,0.0084,0.0328,-0.3932,2045
9,-0.47,-1.5881,-0.0569,0.0509,-0.0864,-0.4287,2061
9,-0.4526,-1.645,-0.1362,0.0451,-0.1767,-0.4599,2016
9,-0.4565,-1.7268,-0.1067,0.071,-0.261,-0.4373,2034
9,-0.4526,-1.6599,0.012,0.051,-0.241,-0.4117,2061
9,-0.3777,-1.521,0.1692,-0.0075,-0.1394,-0.3466,2045
9,-0.2554,-1.3096,0.29,-0.1642,0.0236,-0.3116,2035
9,-0.1851,-1.1094,0.3555,-0.2012,0.07,-0.2649,2038
9,-0.1516,-1.1296,0.384,-0.228,0.041,-0.1738,2031
9,-0.1716,-1.2251,0.3303,-0.2811,-0.0346,-0.1213,2050
9,-0.272,-1.3489,0.2874,-0.5086,-0.0794,-0.1107,2042
9,-0.3552,-1.1494,0.1157,-0.4346,-0.1562,-0.0047,2057
9,-0.4033,-1.1572,0.0464,-0.4289,-0.1589,0.027,2043
9,-0.4053,-1.0813,-0.04,-0.4366,-0.1457,0.0526,2048
9,-0.3789,-1.0532,-0.0911,-0.3212,-0.2342,0.0638,2048
9,-0.366,-1.1006,-0.1589,-0.3045,-0.2693,0.0671,2055
9,-0.3704,-1.0789,-0.1521,-0.2751,-0.3035,0.073,2048
9,-0.3523,-1.0608,-0.0942,-0.2372,-0.3336,0.1039,2062
9,-0.3389,-0.9814,-0.0503,-0.2365,-0.3831,0.1384,2046
9,-0.3215,-0.9136,0.0447,-0.2238,-0.4059,0.1951,2038
9,-0.2817,-0.8513,0.0459,-0.2109,-0.3382,0.2326,2053
9,-0.2498,-0.8127,0.0449,-0.1866,-0.2851,0.2655,2049
9,-0.2451,-0.8345,0.0371,-0.1557,-0.2992,0.3244,2040
9,-0.2437,-0.8188,-0.031,-0.1699,-0.2464,0.3333,2029
9,-0.2546,-0.7935,-0.0867,-0.1603,-0.2301,0.3284,2042
9,-0.2773,-0.7898,-0.114,-0.165,-0.2318,0.3349,2054
9,-0.2498,-0.7708,-0.1382,-0.1579,-0.2602,0.3468,2038
9,-0.2185,-0.7441,-0.158,-0.1204,-0.2738,0.346,2045
9,-0.2339,-0.7207,-0.1836,-0.0754,-0.2784,0.3448,2056
9,-0.2683,-0.6934,-0.1997,-0.0792,-0.3579,0.3738,2034
9,-0.3115,-0.667,-0.2141,-0.0593,-0.414,0.3771,2039
9,-0.3894,-0.752,-0.1599,-0.1175,-0.4233,0.2864,2052
9,-0.2449,-0.6174,-0.2002,0.0016,-0.5639,0.345,2043
9,-0.2593,-0.6724,-0.2273,0.0178,-0.6474,0.3362,2026
9,-0.2859,-0.7458,-0.1614,0.0357,-0.5441,0.2277,2065
9,-0.2354,-0.7402,-0.1934,0.1035,-0.6569,0.2,2069
9,-0.2117,-0.8567,-0.2349,0.1188,-0.7818,0.1683,2055
9,-0.2227,-0.8857,-0.2043,0.0925,-0.7064,0.1911,2067
9,-0.2798,-0.9429,-0.1387,0.0631,-0.7822,0.1981,2058
9,-0.3291,-0.9956,-0.147,0.1871,-0.8078,0.1635,2055
9,-0.4082,-1.1008,-0.1765,0.1117,-0.6943,0.1831,2042
9,-0.3516,-1.1838,-0.064,0.1486,-0.8372,0.1979,2061
9,-0.3491,-1.218,-0.0227,0.1942,-0.851,0.1549,2047
9,-0.3994,-1.2676,-0.0374,0.1762,-0.8594,0.0959,2055
9,-0.4475,-1.313,-0.0581,0.2035,-0.8168,0.0792,2036
9,-0.4448,-1.3362,-0.0923,0.2093,-0.6962,0.0943,2024
9,-0.4619,-1.4395,-0.1392,0.2702,-0.6006,0.038,2035
9,-0.446,-1.5083,-0.144,0.3208,-0.6177,0.0085,2065
9,-0.4324,-1.5764,-0.1748,0.3452,-0.5719,-0.0368,2028
9,-0.436,-1.6799,-0.0974,0.3265,-0.559,-0.0381,2049
9,-0.3723,-1.6599,-0.0637,0.3047,-0.667,-0.0405,2038
9,-0.3662,-1.6516,0.0056,0.2527,-0.6943,0.0063,2055
9,-0.3411,-1.5767,0.0605,0.2622,-0.7283,-0.0076,2047
9,-0.3826,-1.5645,0.1267,0.2661,-0.6525,0.0373,2043
9,-0.4802,-1.6038,0.1406,0.214,-0.4097,0.0788,2076
9,-0.4541,-1.5908,0.116,0.3212,-0.3139,0.0455,2049
9,-0.4963,-1.6436,0.0723,0.3412,-0.2033,0.0298,2040
9,-0.5459,-1.7104,-0.0032,0.381,-0.1928,-0.0009,2047
9,-0.5808,-1.7568,-0.0664,0.4223,-0.3179,-0.043,2040
9,-0.5957,-1.7114,-0.092,0.4113,-0.5654,-0.0748,2046
9,-0.5938,-1.6187,-0.0413,0.399,-0.7766,-0.0489,2032
9,-0.5447,-1.5144,0.0349,0.3272,-0.8998,0.0483,2045
9,-0.4302,-1.3645,0.156,0.2725,-0.9271,0.2169,2031
9,-0.345,-1.1951,0.27,0.1932,-0.8166,0.3281,2032
9,-0.2964,-1.1121,0.3921,0.1836,-0.6272,0.3986,2058
9,-0.2417,-1.0642,0.4692,0.1505,-0.5095,0.4494,2053
9,-0.2312,-1.0464,0.4995,0.0575,-0.439,0.4862,2051
9,-0.2656,-1.0171,0.4448,-0.0744,-0.4566,0.6142,2044
9,-0.2729,-0.9988,0.3962,-0.2221,-0.5992,0.7506,2041
9,-0.2761,-0.9822,0.3113,-0.3357,-0.6998,0.8528,2051
9,-0.3137,-0.9006,0.2043,-0.495,-0.7636,0.9543,2045
9,-0.3179,-0.8206,0.0884,-0.4458,-0.8593,0.9918,2063
9,-0.3232,-0.8699,0.0132,-0.5067,-0.869,1.0322,2038
9,-0.3555,-0.8271,-0.085,-0.4131,-0.9075,1.0095,2052
9,-0.3926,-0.8347,-0.1416,-0.2904,-0.9212,1.0479,2064
9,-0.4617,-0.8628,-0.1807,-0.2357,-0.7957,1.0401,2054
9,-0.3359,-0.9712,-0.2661,-0.2342,-0.8612,0.9728,2047
9,-0.1414,-1.0906,-0.2021,-0.338,-0.8726,0.853,2027
9,-0.1882,-0.9138,-0.23,-0.228,-0.8962,0.8303,2037
9,-0.1929,-0.8591,-0.1187,-0.0341,-0.978,0.7889,2044
9,-0.199,-0.9126,-0.1401,-0.102,-1.0476,0.7588,2045
9,-0.1436,-0.9321,-0.1265,-0.1779,-0.9748,0.6669,2042
10,-0.0801,-0.8923,-0.0796,-0.1513,-0.9152,0.6215,2025
10,-0.1338,-0.895,-0.0623,-0.193,-0.9517,0.595,2052
10,-0.1394,-0.9089,-0.0708,-0.2495,-1.0244,0.5321,2031
10,-0.1296,-0.9097,-0.0593,-0.3047,-1.0768,0.5071,2023
10,-0.1694,-0.8875,-0.0874,-0.3974,-1.1081,0.4994,2058
10,-0.1965,-0.8472,-0.1052,-0.4706,-1.1694,0.4951,2056
10,-0.1677,-0.825,-0.0989,-0.5522,-1.2149,0.4545,2039
10,-0.2363,-0.7485,-0.0857,-0.461,-1.2079,0.4485,2048
10,-0.249,-0.7583,-0.1196,-0.4478,-1.1662,0.4344,2062
10,-0.2847,-0.7581,-0.113,-0.4176,-1.1576,0.416,2009
10,-0.2737,-0.7874,-0.114,-0.381,-1.1272,0.375,2030
10,-0.3118,-0.7983,-0.1221,-0.3504,-1.1271,0.3424,2049
10,-0.3254,-0.7913,-0.1125,-0.312,-1.1697,0.322,2048
10,-0.3372,-0.8054,-0.1045,-0.2758,-1.2051,0.3092,2046
10,-0.3584,-0.811,-0.0813,-0.275,-1.2901,0.2968,2050
10,-0.3882,-0.8176,-0.0598,-0.2441,-1.3481,0.2851,2056
10,-0.4021,-0.8367,-0.0747,-0.2205,-1.3758,0.2741,2058
10,-0.3901,-0.8599,-0.0684,-0.1991,-1.3749,0.2703,2047
10,-0.3792,-0.8628,-0.0713,-0.1641,-1.3596,0.2675,2034
10,-0.3501,-0.8875,-0.063,-0.1509,-1.3655,0.2834,2041
10,-0.3406,-0.9131,-0.0361,-0.1341,-1.4255,0.2991,2083
10,-0.3489,-0.9155,-0.0171,-0.1378,-1.466,0.3204,2029
10,-0.3938,-0.9197,-0.0085,-0.1406,-1.4789,0.335,2043
10,-0.4465,-0.9314,0.0073,-0.1487,-1.4583,0.3396,2050
10,-0.4795,-0.9578,-0.0181,-0.1509,-1.4419,0.3482,2023
10,-0.4893,-0.9771,-0.0288,-0.1689,-1.4206,0.3566,2056
10,-0.4927,-0.9871,-0.0591,-0.1678,-1.3885,0.3613,2050
10,-0.4968,-0.9976,-0.0803,-0.1804,-1.3545,0.3677,2034
10,-0.5027,-0.9851,-0.1006,-0.1716,-1.289,0.3683,2066
10,-0.4805,-0.9783,-0.0815,-0.1734,-1.2304,0.3706,2050
10,-0.4475,-0.9714,-0.0862,-0.1716,-1.2091,0.3795,2044
10,-0.4312,-0.9377,-0.054,-0.1922,-1.2408,0.3838,2010
10,-0.426,-0.8901,-0.031,-0.2067,-1.2829,0.4,2032
10,-0.4497,-0.8782,-0.0059,-0.2465,-1.319,0.4299,2035
10,-0.4836,-0.917,0.0293,-0.2699,-1.3227,0.4765,2054
10,-0.4893,-0.958,0.0413,-0.3187,-1.315,0.5018,2026
10,-0.4521,-0.9895,0.0354,-0.3882,-1.2524,0.5341,2056
10,-0.4292,-1.0635,0.0366,-0.4336,-1.1842,0.5504,2029
10,-0.3953,-1.1191,0.012,-0.4871,-1.1102,0.5541,2032
10,-0.3237,-1.1562,0.0129,-0.4706,-1.064,0.5458,2057
10,-0.3506,-1.2944,0.0029,-0.4955,-1.0682,0.5051,2033
10,-0.3472,-1.4468,0.0164,-0.6283,-1.021,0.4068,2041
10,-0.3582,-1.3804,-0.0356,-0.5095,-0.9931,0.3848,2025
10,-0.3025,-1.4209,0.0142,-0.5806,-0.9962,0.3123,2101
10,-0.2498,-1.2798,0.033,-0.5374,-1.0539,0.2745,2037
10,-0.238,-1.354,0.0386,-0.5781,-1.1204,0.2344,2043
10,-0.2371,-1.4768,0.0593,-0.6079,-1.2255,0.2349,2038
10,-0.1685,-1.554,0.0737,-0.7148,-1.3978,0.2059,2041
10,-0.1301,-1.5176,0.0476,-0.7171,-1.4812,0.1871,2051
10,-0.1211,-1.4036,0.0435,-0.7224,-1.5595,0.2161,2048
10,-0.083,-1.3296,0.052,-0.7871,-1.5998,0.2245,2021
10,-0.092,-1.1914,0.0298,-0.6747,-1.5787,0.2794,2040
10,-0.1128,-1.2542,0.0579,-0.6273,-1.5954,0.3087,2038
10,-0.1384,-1.3027,0.0295,-0.6237,-1.5768,0.3433,2019
10,-0.1555,-1.3389,0.0054,-0.6393,-1.6037,0.3804,2049
10,-0.1785,-1.3555,0.0095,-0.6292,-1.5936,0.4129,2045
10,-0.2151,-1.2871,0.0205,-0.7943,-1.5217,0.408,2037
10,-0.2083,-1.2178,0.0833,-0.6975,-1.4663,0.4742,2071
10,-0.1797,-1.2295,0.0974,-0.8388,-1.3364,0.4587,2035
10,-0.1973,-1.0645,0.0549,-0.7299,-1.3034,0.5058,2054
10,-0.2148,-1.1099,0.0574,-0.7598,-1.3007,0.545,2035
10,-0.2283,-1.0288,0.0435,-0.7596,-1.2672,0.5642,2037
10,-0.2432,-1.0283,0.0474,-0.7436,-1.2826,0.5903,2039
10,-0.249,-1.0291,0.0227,-0.7299,-1.3198,0.624,2043
10,-0.2324,-1.0332,-0.0122,-0.8006,-1.3049,0.6372,2042
10,-0.2122,-1.0032,-0.072,-0.7038,-1.3999,0.6681,2049
10,-0.2153,-1.0557,-0.0986,-0.7039,-1.4351,0.6987,2035
10,-0.2004,-1.0129,-0.1433,-0.7448,-1.4528,0.7387,2056
10,-0.2175,-1.0125,-0.1648,-0.6367,-1.5032,0.7622,2046
10,-0.2041,-1.0781,-0.1594,-0.7035,-1.4687,0.753,2052
10,-0.2168,-0.9495,-0.2188,-0.5376,-1.4882,0.7774,2033
10,-0.2471,-0.9856,-0.2041,-0.4288,-1.4692,0.7782,2047
10,-0.261,-1.0718,-0.1555,-0.4791,-1.3868,0.76,2061
10,-0.2085,-0.9851,-0.2087,-0.3012,-1.4125,0.7955,2027
10,-0.2092,-1.0967,-0.1895,-0.286,-1.396,0.8243,2035
10,-0.2351,-1.155,-0.1914,-0.287,-1.3816,0.8107,2053
10,-0.1892,-1.1294,-0.21,-0.2936,-1.3804,0.8027,2048
10,-0.2075,-1.1965,-0.1851,-0.2599,-1.428,0.8192,2042
10,-0.2605,-1.2515,-0.1726,-0.3325,-1.3657,0.7853,2033
10,-0.2024,-1.1511,-0.1995,-0.2726,-1.3817,0.8003,2039
10,-0.2466,-1.1946,-0.1973,-0.2382,-1.384,0.8083,2050
10,-0.2576,-1.2058,-0.2141,-0.281,-1.277,0.7758,2059
10,-0.2188,-1.2119,-0.2124,-0.1932,-1.2894,0.7718,2035
10,-0.2043,-1.2478,-0.2117,-0.1996,-1.2862,0.7585,2060
10,-0.1606,-1.2783,-0.2107,-0.2023,-1.2967,0.7357,2042
10,-0.1721,-1.2693,-0.1873,-0.2581,-1.327,0.7216,2037
10,-0.2112,-1.2693,-0.175,-0.2285,-1.4459,0.7307,2058
10,-0.2573,-1.2544,-0.155,-0.2274,-1.5028,0.7166,2032
10,-0.2825,-1.2388,-0.1558,-0.2408,-1.5271,0.6841,2043
10,-0.3274,-1.2002,-0.1538,-0.1995,-1.5741,0.7011,2048
10,-0.3403,-1.2046,-0.1338,-0.1879,-1.593,0.6988,2061
10,-0.3452,-1.2146,-0.1208,-0.1739,-1.5612,0.6999,2042
10,-0.3315,-1.2207,-0.0872,-0.1858,-1.5882,0.7223,2045
10,-0.3301,-1.2168,-0.0481,-0.1776,-1.6282,0.7424,2058
10,-0.3264,-1.1963,-0.0525,-0.1686,-1.6562,0.7629,2029
10,-0.3347,-1.1665,-0.0405,-0.1651,-1.672,0.8047,2047
10,-0.3389,-1.1497,-0.0308,-0.1521,-1.6319,0.8461,2052
10,-0.3435,-1.1626,-0.0393,-0.1372,-1.5893,0.8865,2049
10,-0.3376,-1.231,-0.0518,-0.1384,-1.5772,0.9365,2021
10,-0.3284,-1.3862,-0.0459,-0.1182,-1.5691,0.9388,2040
10,-0.3452,-1.5688,-0.0364,-0.0882,-1.5366,0.909,2084
11,-0.3735,-1.5737,0.0439,-0.1626,-1.5105,0.8534,2026
11,-0.3535,-1.4133,0.0754,-0.2555,-1.4394,0.7516,2048
11,-0.3337,-1.3135,0.0715,-0.2622,-1.4067,0.7048,2053
11,-0.3181,-1.2644,0.0984,-0.2998,-1.4607,0.6693,2046
11,-0.2822,-1.1814,0.1284,-0.4255,-1.6299,0.6285,2058
11,-0.2109,-1.1165,0.1477,-0.5861,-1.9,0.6412,2052
11,-0.1365,-1.1624,0.1748,-0.691,-2.1648,0.6859,2055
11,-0.135,-1.187,0.2034,-0.7705,-2.3345,0.7336,2047
11,-0.1606,-1.2107,0.2224,-0.8199,-2.3812,0.7593,2050
11,-0.2012,-1.249,0.1934,-0.8592,-2.2241,0.8044,2041
11,-0.2283,-1.248,0.1345,-0.8835,-2.003,0.8223,2040
11,-0.2114,-1.21,0.0649,-0.8837,-1.6825,0.8071,2057
11,-0.1648,-1.1682,0.0237,-0.8685,-1.4151,0.7757,2035
11,-0.155,-1.1562,-0.0259,-0.7733,-1.1625,0.7408,2040
11,-0.2083,-1.1548,-0.0488,-0.6556,-1.0349,0.6978,2049
11,-0.2368,-1.1716,-0.0625,-0.5894,-0.9862,0.6299,2040
11,-0.1982,-1.2029,-0.0437,-0.5972,-1.0069,0.5634,2053
11,-0.1602,-1.2144,-0.0476,-0.652,-1.1342,0.5024,2043
11,-0.156,-1.2097,-0.0247,-0.7115,-1.3147,0.4703,2034
11,-0.167,-1.1716,0.0457,-0.7597,-1.5402,0.4304,2041
11,-0.2009,-1.1184,0.082,-0.7785,-1.682,0.3994,2075
11,-0.2141,-1.062,0.1194,-0.7907,-1.7839,0.3711,2046
11,-0.2527,-1.0432,0.1384,-0.7713,-1.7647,0.3729,2039
11,-0.343,-1.0762,0.0808,-0.8308,-1.7498,0.3535,2023
11,-0.249,-1.0884,0.0325,-0.8307,-1.6516,0.3111,2049
11,-0.2056,-1.0259,-0.0222,-0.8028,-1.645,0.3171,2051
11,-0.2717,-1.0251,-0.0454,-0.8087,-1.6538,0.3374,2051
11,-0.2395,-0.9963,-0.0544,-0.8046,-1.5962,0.3286,2064
11,-0.2251,-0.9604,-0.0522,-0.7914,-1.6484,0.3366,2045
11,-0.2627,-0.9409,-0.0813,-0.7606,-1.6716,0.3639,2043
11,-0.3198,-0.9456,-0.0908,-0.7735,-1.692,0.4195,2030
11,-0.2834,-0.9543,-0.0674,-0.7851,-1.7973,0.4232,2043
11,-0.2922,-0.9492,-0.0796,-0.7692,-1.8576,0.4307,2039
11,-0.3713,-0.9668,-0.1038,-0.7755,-1.88,0.4358,2063
11,-0.3884,-0.9446,-0.1282,-0.7714,-1.9306,0.4606,2028
11,-0.4045,-0.9292,-0.1428,-0.7502,-1.8832,0.443,2038
11,-0.4343,-0.9114,-0.1572,-0.7043,-1.8618,0.4358,2043
11,-0.4419,-0.8899,-0.166,-0.6791,-1.8494,0.4145,2026
11,-0.425,-0.8699,-0.1687,-0.6087,-1.7919,0.4169,2047
11,-0.4016,-0.8689,-0.1558,-0.579,-1.8201,0.4153,2036
11,-0.345,-0.9092,-0.1553,-0.5865,-1.7769,0.4458,2017
11,-0.3279,-0.9272,-0.1589,-0.5994,-1.7998,0.4137,2050
11,-0.2944,-0.979,-0.1492,-0.5693,-1.9443,0.4067,2050
11,-0.3313,-1.0012,-0.1516,-0.5279,-1.9471,0.3946,2074
11,-0.387,-1.0007,-0.1768,-0.5074,-1.9322,0.377,2035
11,-0.4719,-0.9707,-0.1594,-0.4469,-1.9315,0.3682,2012
11,-0.5098,-0.9946,-0.1533,-0.3898,-1.9628,0.3607,2049
11,-0.5083,-1.0239,-0.1807,-0.3753,-1.9932,0.3854,2057
11,-0.4778,-1.0754,-0.1917,-0.3255,-1.9591,0.396,2056
11,-0.4294,-1.1377,-0.1812,-0.2999,-2.0036,0.4159,2053
11,-0.3901,-1.251,-0.1414,-0.2551,-1.9447,0.4269,2027
11,-0.4014,-1.3284,-0.1196,-0.2843,-1.8483,0.4117,2060
11,-0.3943,-1.3044,-0.0645,-0.2758,-1.7114,0.3823,2073
11,-0.4138,-1.2798,-0.0454,-0.2619,-1.5374,0.3446,2045
11,-0.3994,-1.2336,-0.0166,-0.2553,-1.4459,0.3261,2036
11,-0.377,-1.2712,-0.0049,-0.1631,-1.4159,0.2493,2056
11,-0.3689,-1.3325,-0.0081,-0.0794,-1.448,0.2104,2059
11,-0.4038,-1.4729,-0.0151,-0.0326,-1.5061,0.2112,2040
11,-0.4177,-1.6331,-0.0061,-0.0824,-1.5623,0.1856,2016
11,-0.3616,-1.7185,0.0178,-0.1669,-1.6391,0.159,2067
11,-0.2612,-1.7271,0.0342,-0.2607,-1.7114,0.1471,2025
11,-0.1934,-1.7104,0.0476,-0.2868,-1.788,0.1778,2040
11,-0.136,-1.7542,0.1252,-0.3514,-1.7101,0.257,2028
11,-0.0835,-1.6021,0.2617,-0.4497,-1.5566,0.3227,2044
11,0.0229,-1.3174,0.2954,-0.4669,-1.311,0.3221,2027
11,0.031,-1.2112,0.3127,-0.4328,-1.0322,0.3253,2049
11,0.0066,-1.3413,0.3467,-0.4392,-0.9682,0.4337,2044
11,-0.0291,-1.6072,0.3479,-0.5245,-1.0248,0.5024,2041
11,-0.0352,-1.6875,0.323,-0.6522,-1.0875,0.5078,2061
11,-0.0659,-1.6194,0.363,-0.8283,-1.264,0.5505,2052
11,-0.0732,-1.5457,0.3413,-0.9357,-1.3324,0.6068,2054
11,-0.084,-1.4641,0.3396,-0.9875,-1.276,0.6341,2032
11,-0.0754,-1.3542,0.3105,-0.9718,-1.2624,0.5938,2065
11,-0.0435,-1.2522,0.2478,-0.9286,-1.2047,0.5669,2047
11,-0.0837,-1.2327,0.1523,-0.8075,-1.0479,0.5554,2069
11,-0.1616,-1.2412,0.071,-0.6866,-0.9227,0.5505,2037
11,-0.2068,-1.2458,0.0898,-0.6143,-0.9232,0.5295,2027
11,-0.1782,-1.2554,0.1289,-0.6195,-0.9509,0.5355,2056
11,-0.1414,-1.2283,0.2197,-0.6106,-0.9973,0.5493,2048
11,-0.156,-1.1311,0.2639,-0.5691,-1.0316,0.5755,2047
11,-0.1399,-1.0415,0.2466,-0.5709,-1.1022,0.5944,2068
11,-0.1294,-0.9846,0.2156,-0.5335,-1.0943,0.6193,2044
11,-0.1357,-0.9709,0.1775,-0.4779,-0.9854,0.6621,2047
11,-0.1755,-0.949,0.0879,-0.3667,-0.8396,0.6962,2030
11,-0.1782,-0.9285,0.0186,-0.3203,-0.7538,0.7204,2028
11,-0.1826,-0.9067,-0.0234,-0.2539,-0.6859,0.7429,2040
11,-0.1743,-0.8892,-0.0217,-0.2037,-0.6679,0.759,2051
11,-0.1763,-0.8596,-0.0286,-0.1615,-0.7067,0.7642,2042
11,-0.2034,-0.8181,-0.0278,-0.0984,-0.6995,0.7493,2065
11,-0.2336,-0.8081,-0.0068,-0.0776,-0.677,0.7319,2035
11,-0.2375,-0.8108,-0.0002,-0.0804,-0.7079,0.7301,2052
11,-0.231,-0.792,-0.009,-0.0799,-0.7361,0.7186,2049
11,-0.2332,-0.7456,-0.042,-0.0019,-0.7621,0.7216,2030
11,-0.2668,-0.7644,-0.0547,0.0776,-0.7716,0.7297,2026
11,-0.2483,-0.8623,-0.0676,0.0718,-0.7415,0.7481,2059
11,-0.238,-0.9309,-0.0496,0.0622,-0.6359,0.7608,2059
11,-0.2144,-0.9309,-0.0889,0.0886,-0.5196,0.7557,2036
11,-0.2202,-0.9238,-0.0605,0.1052,-0.4322,0.7447,2036
11,-0.2634,-0.9297,-0.1064,0.1559,-0.3558,0.7276,2035
11,-0.2695,-0.9702,-0.1172,0.1988,-0.3256,0.7116,2076
11,-0.2615,-1.043,-0.0901,0.2571,-0.2739,0.7231,2037
11,-0.25,-1.1292,-0.0295,0.2454,-0.2803,0.6921,2043
11,-0.2402,-1.2068,0.0081,0.2474,-0.3081,0.6498,2065
11,-0.249,-1.2747,0.0334,0.1887,-0.3381,0.6169,2023
11,-0.2808,-1.2681,0.033,0.18,-0.3446,0.5727,2058
12,-0.3403,-1.2749,-0.0186,0.2087,-0.2803,0.5348,2077
12,-0.3799,-1.269,-0.0278,0.2392,-0.2115,0.5269,2027
12,-0.3823,-1.3125,-0.0068,0.3334,-0.1067,0.4987,2050
12,-0.3457,-1.3379,0.0278,0.3698,-0.0218,0.4698,2082
12,-0.2856,-1.3384,0.1172,0.3868,0.0403,0.4902,2024
12,-0.2898,-1.4421,0.1257,0.4742,0.2478,0.4759,2037
12,-0.3594,-1.4946,0.1697,0.5205,0.3916,0.3352,2042
12,-0.4502,-1.4646,0.1765,0.5129,0.2464,0.2465,2055
12,-0.5027,-1.356,0.146,0.492,0.0021,0.1839,2042
12,-0.5681,-1.2605,0.1028,0.5537,-0.1009,0.1598,2075
12,-0.5916,-1.3306,0.1401,0.5686,-0.0832,0.2193,2064
12,-0.5168,-1.4016,0.262,0.5564,0.1101,0.2316,2059
12,-0.3982,-1.3308,0.333,0.4952,0.3288,0.2001,2056
12,-0.2988,-1.1533,0.395,0.4288,0.4148,0.183,2012
12,-0.3115,-0.9712,0.4358,0.3834,0.3898,0.1486,2043
12,-0.3586,-0.8594,0.5046,0.3433,0.3113,0.169,2056
12,-0.4719,-0.9036,0.5068,0.3053,0.2057,0.2389,2050
12,-0.5542,-1.0054,0.4546,0.2016,0.2047,0.2739,2024
12,-0.5801,-1.0059,0.4277,0.0353,0.2264,0.3027,2045
12,-0.5613,-0.9956,0.3926,-0.0569,0.3191,0.3211,2052
12,-0.4561,-0.9375,0.3394,-0.098,0.3871,0.3205,2035
12,-0.3982,-0.8438,0.2439,-0.0511,0.365,0.3015,2041
12,-0.374,-0.7966,0.1372,-0.0096,0.3701,0.2879,2060
12,-0.3894,-0.7668,0.0645,0.0499,0.4153,0.2633,2049
12,-0.3909,-0.7686,0.0222,0.0985,0.3968,0.2551,2028
12,-0.3748,-0.7764,-0.0269,0.1373,0.3273,0.2191,2027
12,-0.3982,-0.7422,-0.0559,0.165,0.2599,0.1609,2031
12,-0.4324,-0.7017,-0.0439,0.232,0.1846,0.1067,2058
12,-0.4536,-0.7451,0.0298,0.2671,0.1956,0.073,2049
12,-0.4646,-0.8184,0.1042,0.2091,0.249,0.0619,2059
12,-0.3997,-0.7561,0.1143,0.1302,0.2722,0.0429,2054
12,-0.3374,-0.6746,0.1018,0.0779,0.2635,0.0099,2034
12,-0.3259,-0.6226,0.0745,0.0337,0.2705,-0.0237,2024
12,-0.3167,-0.5847,0.0439,0.0029,0.2434,-0.0322,2053
12,-0.311,-0.5466,0.0054,-0.0073,0.235,-0.0479,2041
12,-0.3337,-0.542,-0.0056,0.0007,0.2847,-0.0771,2034
12,-0.375,-0.5654,-0.033,0.0201,0.2655,-0.1023,2048
12,-0.3899,-0.5925,-0.0557,0.0325,0.2322,-0.1294,2017
12,-0.406,-0.635,-0.0679,0.0461,0.2188,-0.1598,2057
12,-0.4607,-0.667,-0.0669,0.0734,0.2061,-0.1977,2057
12,-0.5137,-0.6943,-0.0754,0.0663,0.2092,-0.2362,2032
12,-0.4836,-0.6936,-0.0657,0.039,0.182,-0.2329,2045
12,-0.428,-0.739,-0.0947,0.0029,0.1621,-0.2856,2046
12,-0.3411,-0.7725,-0.0532,-0.0132,0.0631,-0.3269,2072
12,-0.385,-0.8035,-0.0525,0.0937,0.0393,-0.3482,2062
12,-0.4976,-0.8562,-0.0361,0.0903,0.1064,-0.3916,2094
12,-0.4548,-0.9858,-0.0566,0.0178,0.1527,-0.4695,2041
12,-0.3284,-1.0645,-0.0571,-0.0244,0.1434,-0.52,2040
12,-0.3579,-1.1052,-0.0542,-0.0397,0.0511,-0.5833,2031
12,-0.4526,-1.1436,-0.0378,-0.0585,-0.0321,-0.6644,2031
12,-0.5188,-1.144,0.0154,-0.1404,-0.1517,-0.6867,2060
12,-0.5056,-1.1064,0.0203,-0.1631,-0.1148,-0.7396,2060
12,-0.5315,-1.1216,0.0078,-0.1904,-0.065,-0.7886,2035
12,-0.5229,-1.1523,0.0139,-0.2043,-0.0806,-0.818,2086
12,-0.4958,-1.2642,-0.0781,-0.1116,0.01,-0.8708,2064
12,-0.4985,-1.4438,-0.1245,-0.0573,0.0997,-0.9002,2042
12,-0.4546,-1.52,-0.1672,0.0025,0.1744,-0.9541,2047
12,-0.4548,-1.5771,-0.1843,0.0398,0.2469,-1.0111,2047
12,-0.4482,-1.4973,-0.1453,0.0991,0.2378,-1.0263,2051
12,-0.3955,-1.3406,-0.0256,0.0914,0.1004,-0.976,2037
12,-0.3906,-1.2495,0.0557,0.0955,0.1001,-0.9345,2045
12,-0.3499,-1.252,0.1541,0.0338,0.0466,-0.8576,2059
12,-0.3391,-1.2759,0.1978,0.0541,-0.0489,-0.7999,2076
12,-0.3862,-1.3472,0.1646,0.0471,-0.0937,-0.7427,2067
12,-0.4636,-1.3911,0.126,0.0443,-0.1171,-0.6987,2049
12,-0.5242,-1.3577,0.0942,0.0164,-0.0493,-0.6509,2042
12,-0.5217,-1.2783,0.0935,-0.0507,0.0388,-0.5742,2044
12,-0.4988,-1.2378,0.0842,-0.0336,0.1069,-0.4894,2062
12,-0.4568,-1.2786,0.0486,0.0152,0.188,-0.4289,2059
12,-0.427,-1.3049,0.0354,-0.0579,0.2226,-0.395,2043
12,-0.3496,-1.1599,0.0156,-0.0372,0.1212,-0.4084,2039
12,-0.3857,-1.1169,0.021,-0.0494,0.0478,-0.4144,2044
12,-0.4172,-1.0105,-0.0146,-0.0072,-0.0108,-0.4057,2047
12,-0.4329,-0.9768,-0.0229,0.0261,-0.0686,-0.377,2059
12,-0.4062,-0.9678,-0.0574,0.0262,-0.08,-0.3589,2052
12,-0.365,-0.9392,-0.0635,0.0146,-0.1522,-0.3313,2041
12,-0.3708,-0.8833,-0.073,0.0493,-0.1675,-0.2954,2059
12,-0.3777,-0.8606,-0.1145,0.0707,-0.0899,-0.2583,2038
12,-0.3516,-0.8601,-0.1433,0.0916,-0.0182,-0.2565,2048
12,-0.28,-0.8337,-0.1587,0.1336,0.0206,-0.2742,2044
12,-0.24,-0.8118,-0.1489,0.1519,0.0409,-0.2617,2055
12,-0.2151,-0.7864,-0.1174,0.1406,-0.0089,-0.2426,2033
12,-0.2227,-0.7271,-0.0789,0.1204,-0.1898,-0.2039,2047
12,-0.2361,-0.6807,-0.073,0.1101,-0.3167,-0.1716,2057
12,-0.2944,-0.6606,-0.083,0.1044,-0.447,-0.137,2040
12,-0.3252,-0.6533,-0.1301,0.1136,-0.5232,-0.0955,2034
12,-0.333,-0.6545,-0.1636,0.1581,-0.5601,-0.07,2054
12,-0.3276,-0.6799,-0.1719,0.2185,-0.5163,-0.0378,2041
12,-0.3086,-0.7424,-0.1978,0.3055,-0.4654,-0.0256,2063
12,-0.2637,-0.8203,-0.1821,0.3888,-0.4569,-0.0101,2002
12,-0.2458,-0.8972,-0.2034,0.4574,-0.4193,-0.0045,2044
12,-0.283,-0.9668,-0.2166,0.549,-0.4136,-0.0281,2045
12,-0.2961,-1.0918,-0.1384,0.6276,-0.4685,-0.0477,2043
12,-0.3098,-1.2168,-0.1228,0.6311,-0.4268,-0.0565,2022
12,-0.302,-1.2947,-0.0559,0.6702,-0.3647,-0.0924,2047
12,-0.2825,-1.3716,0.0518,0.6638,-0.3285,-0.137,2033
12,-0.2563,-1.4277,0.0698,0.6255,-0.2634,-0.1996,2015
12,-0.2188,-1.4619,0.0513,0.5774,-0.2197,-0.2429,2047
12,-0.1992,-1.5,0.0837,0.5505,-0.1911,-0.2622,2064
12,-0.2158,-1.531,0.1445,0.5232,-0.2442,-0.242,2057
13,-0.2295,-1.5835,0.1621,0.453,-0.1844,-0.2322,2021
13,-0.2554,-1.647,0.1545,0.4303,-0.085,-0.2392,2058
13,-0.303,-1.7043,0.1631,0.3808,-0.0497,-0.2099,1997
13,-0.3403,-1.7134,0.1318,0.2999,0.0835,-0.1535,2063
13,-0.3445,-1.7085,0.1873,0.2485,0.1834,-0.0981,2054
13,-0.4009,-1.7021,0.1702,0.2979,0.3512,-0.1332,2040
13,-0.436,-1.6216,0.1953,0.2971,0.3618,-0.1838,2039
13,-0.468,-1.6055,0.1375,0.3305,0.3368,-0.2081,2049
13,-0.4829,-1.5879,0.1489,0.2924,0.079,-0.2073,2048
13,-0.4919,-1.5574,0.1572,0.2362,-0.248,-0.1478,2033
13,-0.5217,-1.4478,0.1604,0.1866,-0.4497,-0.0575,2058
13,-0.5413,-1.2754,0.2622,0.1578,-0.5139,0.0324,2053
13,-0.5669,-1.0698,0.3738,0.2045,-0.333,0.1286,2023
13,-0.5342,-1.0393,0.4399,0.1934,-0.0875,0.2189,2038
13,-0.3955,-1.0457,0.4631,0.1625,0.0481,0.2557,2035
13,-0.3586,-0.9504,0.4419,0.1008,0.0478,0.2983,2048
13,-0.3376,-0.9397,0.4199,0.0489,-0.0338,0.3707,2057
13,-0.3652,-0.9856,0.3364,-0.0422,-0.1482,0.4268,2049
13,-0.4082,-1.0027,0.2693,-0.1406,-0.2205,0.4725,2041
13,-0.4192,-0.937,0.1365,-0.1442,-0.241,0.4895,2041
13,-0.4119,-0.9065,0.0715,-0.1537,-0.3137,0.5363,2059
13,-0.4026,-0.8755,-0.0286,-0.1245,-0.3109,0.5492,2039
13,-0.3799,-0.8342,-0.0837,-0.0341,-0.3304,0.5493,2037
13,-0.3958,-0.804,-0.1235,0.0664,-0.2697,0.5699,2048
13,-0.4087,-0.8328,-0.1394,0.0963,-0.1172,0.5781,2049
13,-0.345,-0.8394,-0.1008,0.1021,0.0338,0.5466,2029
13,-0.1909,-0.8521,-0.0688,0.0714,0.0735,0.4962,2033
13,-0.0876,-0.8325,-0.0454,0.0229,0.0759,0.4316,2040
13,-0.0669,-0.8005,0.0308,-0.0041,-0.0361,0.381,2035
13,-0.1086,-0.804,0.0725,-0.047,-0.2013,0.3714,2043
13,-0.1814,-0.8118,0.0813,-0.1353,-0.2828,0.3402,2040
13,-0.262,-0.7896,0.064,-0.2008,-0.3177,0.3281,2040
13,-0.2866,-0.7769,0.019,-0.2804,-0.3203,0.3081,2042
13,-0.311,-0.7095,-0.0681,-0.2996,-0.3047,0.285,2032
13,-0.332,-0.6653,-0.1172,-0.2495,-0.2594,0.24,2042
13,-0.3254,-0.6692,-0.1069,-0.1806,-0.1855,0.1973,2010
13,-0.3108,-0.7195,-0.1016,-0.1665,-0.1053,0.1782,2032
13,-0.2749,-0.7805,-0.1025,-0.1734,-0.0221,0.1541,2045
13,-0.2542,-0.8303,-0.0686,-0.1878,-0.0192,0.108,2009
13,-0.2676,-0.8425,-0.0828,-0.1916,-0.1147,0.0695,2063
13,-0.2959,-0.8193,-0.0662,-0.1915,-0.2832,0.0486,2058
13,-0.3394,-0.824,-0.0645,-0.1282,-0.3741,-0.0037,2017
13,-0.3875,-0.8821,-0.0703,-0.0626,-0.4059,-0.0434,2040
13,-0.4155,-0.9358,-0.0818,-0.0356,-0.3808,-0.0827,2033
13,-0.4026,-0.9805,-0.0859,0.0142,-0.2855,-0.1143,2029
13,-0.4043,-1.0195,-0.0945,0.0586,-0.1923,-0.1522,2046
13,-0.3826,-1.0881,-0.0708,0.0842,-0.1388,-0.1914,2038
13,-0.3369,-1.1318,-0.0078,0.1212,-0.0617,-0.2268,2032
13,-0.3369,-1.1826,0.0171,0.0968,0.0403,-0.2569,2049
13,-0.3557,-1.1953,0.0461,0.0776,0.0876,-0.2851,2061
13,-0.373,-1.2666,0.0667,0.0755,0.1053,-0.286,2050
13,-0.3774,-1.4058,0.0913,0.0221,0.0996,-0.2994,2103
13,-0.4153,-1.6025,0.0425,-0.0202,0.092,-0.3376,2041
13,-0.4302,-1.7026,-0.0127,-0.112,0.0277,-0.3955,2051
13,-0.4167,-1.6692,-0.0615,-0.1775,-0.0266,-0.4209,2032
13,-0.3687,-1.5771,-0.0625,-0.2265,-0.1274,-0.394,2025
13,-0.2742,-1.4441,0.0254,-0.2903,-0.2823,-0.3328,2045
13,-0.2046,-1.3765,0.0808,-0.2966,-0.3357,-0.259,2066
13,-0.1792,-1.3091,0.1548,-0.332,-0.2473,-0.1585,2056
13,-0.1868,-1.2788,0.1938,-0.3554,-0.1726,-0.091,2046
13,-0.2188,-1.3159,0.1768,-0.3643,-0.0912,-0.0651,2042
13,-0.3081,-1.3315,0.1448,-0.3834,-0.0431,-0.0511,2046
13,-0.3743,-1.292,0.0942,-0.3498,-0.02,-0.0475,2044
13,-0.4526,-1.2456,0.04,-0.3212,-0.0184,-0.0288,2045
13,-0.4775,-1.2212,-0.0178,-0.2907,-0.0384,0.0035,2038
13,-0.4824,-1.2158,-0.0554,-0.3049,-0.1057,0.0316,2057
13,-0.4368,-1.1687,-0.0994,-0.2396,-0.1954,0.0799,2045
13,-0.3997,-1.1421,-0.1399,-0.2033,-0.2919,0.0973,2067
13,-0.3882,-1.0667,-0.1362,-0.1278,-0.3627,0.1071,2058
13,-0.3699,-1.0002,-0.114,-0.0131,-0.379,0.118,2056
13,-0.3425,-0.9888,-0.0969,0.0806,-0.3441,0.1392,2053
13,-0.3005,-0.9333,-0.0996,0.1163,-0.3267,0.1602,2039
13,-0.2708,-0.9189,-0.0955,0.1918,-0.32,0.1906,2058
13,-0.251,-0.9185,-0.1162,0.2172,-0.295,0.2176,2043
13,-0.2573,-0.9163,-0.0916,0.2183,-0.2791,0.186,2056
13,-0.2268,-0.8267,-0.1096,0.2856,-0.2792,0.2048,2050
13,-0.2246,-0.8257,-0.103,0.3027,-0.2832,0.2107,2044
13,-0.2224,-0.8313,-0.0974,0.3072,-0.2898,0.2125,2047
13,-0.2344,-0.8337,-0.1016,0.2932,-0.3123,0.2105,2059
13,-0.2378,-0.8372,-0.1072,0.2815,-0.4131,0.1989,2021
13,-0.2393,-0.8425,-0.1125,0.2633,-0.4536,0.1977,2058
13,-0.2656,-0.8455,-0.103,0.2578,-0.4854,0.1981,2044
13,-0.2759,-0.845,-0.1189,0.2694,-0.5016,0.2119,2027
13,-0.2683,-0.8396,-0.1072,0.306,-0.518,0.2035,2049
13,-0.2183,-0.8411,-0.1064,0.3408,-0.537,0.2083,2019
13,-0.1699,-0.8896,-0.1006,0.4136,-0.5249,0.2033,2033
13,-0.1885,-0.9355,-0.1389,0.4737,-0.4791,0.2133,2020
13,-0.2007,-1.0171,-0.0955,0.5313,-0.4433,0.1967,2034
13,-0.2214,-1.1248,-0.0559,0.5695,-0.2735,0.1746,2045
13,-0.2588,-1.178,-0.0178,0.6207,-0.1317,0.12,2047
13,-0.2292,-1.23,0.0659,0.5931,-0.1049,0.0434,2046
13,-0.2505,-1.2749,0.0684,0.598,-0.1377,-0.0011,2061
13,-0.2747,-1.2561,0.1118,0.6011,-0.318,-0.0064,2060
13,-0.2686,-1.3115,0.1772,0.609,-0.4165,0.0158,2038
13,-0.261,-1.4087,0.2041,0.5441,-0.4765,0.0546,2069
13,-0.2444,-1.4866,0.2192,0.4871,-0.4842,0.0629,2031
13,-0.1938,-1.5154,0.2581,0.4362,-0.3357,0.0493,2069
13,-0.21,-1.4812,0.2219,0.4318,-0.1518,0.0156,2025
13,-0.2205,-1.4822,0.2397,0.4175,0.0317,0.0562,2040
13,-0.2666,-1.5544,0.3015,0.4199,0.3259,0.0487,2038
13,-0.3528,-1.5295,0.2637,0.4513,0.6032,-0.0518,2042
13,-0.3667,-1.5625,0.2581,0.454,0.5438,-0.1394,2046
13,-0.4028,-1.5122,0.1885,0.4229,0.2372,-0.2081,2055
14,-0.4763,-1.4131,0.1064,0.4014,-0.0976,-0.1952,2060
14,-0.4893,-1.386,0.1245,0.3631,-0.3069,-0.0866,2045
14,-0.4727,-1.3401,0.2166,0.3603,-0.2172,0.0234,2059
14,-0.4658,-1.2612,0.3577,0.3862,0.1497,0.0667,2054
14,-0.3958,-1.1626,0.4031,0.3939,0.4627,0.0478,2047
14,-0.291,-1.0842,0.3855,0.3727,0.6392,-0.0112,2033
14,-0.2454,-1.0488,0.353,0.3249,0.6393,-0.0317,2054
14,-0.2732,-1.0547,0.3525,0.2354,0.5552,0.0028,2041
14,-0.321,-1.0354,0.3782,0.0304,0.3398,0.1013,2045
14,-0.3857,-0.9741,0.3584,-0.1495,0.1586,0.204,2051
14,-0.4526,-0.9045,0.2507,-0.2547,0.123,0.2211,2048
14,-0.4709,-0.8042,0.0857,-0.248,0.0571,0.22,2054
14,-0.4614,-0.7478,-0.0579,-0.2036,0.0075,0.2041,2043
14,-0.394,-0.7012,-0.2219,-0.0824,-0.0201,0.163,2044
14,-0.335,-0.6765,-0.2686,0.0594,-0.1201,0.1192,2042
14,-0.301,-0.7383,-0.2366,0.1701,-0.1992,0.0406,2038
14,-0.3088,-0.8247,-0.1829,0.2703,-0.119,0.0047,2029
14,-0.2859,-0.9072,-0.1008,0.2374,-0.0505,-0.0105,2052
14,-0.3262,-0.8757,0.0474,0.1904,0.1868,-0.0373,2040
14,-0.2593,-0.7886,0.063,0.1879,0.335,-0.0914,2057
14,-0.1597,-0.7375,0.0344,0.1056,0.3892,-0.1313,2039
14,-0.1553,-0.6746,0.0552,0.1555,0.387,-0.1744,2035
14,-0.1824,-0.6318,0.0979,0.1956,0.3406,-0.1603,2051
14,-0.2327,-0.6487,0.0076,0.1163,0.2896,-0.1362,2055
14,-0.217,-0.6748,-0.0361,0.0023,0.3036,-0.1493,2035
14,-0.1985,-0.6882,-0.0647,-0.1092,0.2013,-0.135,2064
14,-0.1812,-0.6616,-0.0686,-0.1661,0.0048,-0.1228,2023
14,-0.2056,-0.6794,-0.0935,-0.2,-0.1968,-0.1417,2050
14,-0.2703,-0.7178,-0.0798,-0.2136,-0.2132,-0.122,2053
14,-0.3054,-0.7527,-0.0664,-0.2029,-0.2031,-0.1561,2051
14,-0.3213,-0.801,-0.0806,-0.1622,-0.1226,-0.1914,2050
14,-0.3193,-0.8362,-0.0872,-0.1695,-0.0939,-0.2242,2032
14,-0.2961,-0.8503,-0.0759,-0.134,-0.0557,-0.2693,2056
14,-0.3352,-0.8811,-0.0437,-0.0818,-0.1055,-0.3006,2019
14,-0.3511,-0.9512,-0.0889,-0.0795,-0.1673,-0.3566,2054
14,-0.313,-1.0142,-0.0718,-0.0683,-0.2165,-0.4181,2049
14,-0.2991,-1.0715,-0.1033,-0.0562,-0.2468,-0.4558,2098
14,-0.3281,-1.1262,-0.0574,-0.1152,-0.3277,-0.4445,1956
14,-0.3142,-1.186,0.0205,-0.1428,-0.3326,-0.4733,2047
14,-0.3433,-1.2637,0.0969,-0.2428,-0.2495,-0.5631,2070
14,-0.3281,-1.2781,0.1226,-0.2978,-0.1369,-0.6347,2032
14,-0.2991,-1.2747,0.0776,-0.3189,-0.0273,-0.6261,2079
14,-0.2786,-1.3333,0.0125,-0.3179,-0.059,-0.6717,2062
14,-0.2708,-1.4512,-0.0408,-0.2864,-0.2481,-0.7225,2038
14,-0.3057,-1.6079,-0.1465,-0.2195,-0.2936,-0.7621,2054
14,-0.3589,-1.7004,-0.2297,-0.2547,-0.3197,-0.7858,2038
14,-0.3438,-1.6511,-0.271,-0.2015,-0.2484,-0.7307,2064
14,-0.2993,-1.6729,-0.189,-0.1527,-0.208,-0.6851,1942
14,-0.2297,-1.6357,-0.084,-0.1297,-0.1421,-0.6361,1881
14,-0.1436,-1.5439,0.0325,-0.1586,-0.0587,-0.5958,2038
14,-0.1277,-1.4067,0.1384,-0.172,0.0915,-0.5498,2067
14,-0.1536,-1.323,0.2405,-0.2161,0.2069,-0.5275,2064
14,-0.1855,-1.3071,0.293,-0.2425,0.2349,-0.4896,2050
14,-0.2446,-1.3296,0.2649,-0.2866,0.1438,-0.433,2068
14,-0.3408,-1.3174,0.188,-0.3052,-0.0411,-0.377,2051
14,-0.4658,-1.2971,0.1226,-0.3244,-0.1634,-0.293,2048
14,-0.4883,-1.2781,0.0273,-0.3633,-0.1782,-0.2722,2074
14,-0.4175,-1.2661,-0.062,-0.3414,-0.1804,-0.1581,2055
14,-0.3674,-1.323,-0.1174,-0.3763,-0.192,-0.1298,2048
14,-0.2939,-1.2266,-0.1943,-0.227,-0.2617,-0.0658,2061
14,-0.2568,-1.2161,-0.2207,-0.1541,-0.3032,-0.0292,2052
14,-0.2488,-1.1704,-0.2168,-0.0939,-0.2988,0.0168,2044
14,-0.2537,-1.104,-0.2058,-0.0166,-0.2859,0.063,2060
14,-0.2737,-1.0283,-0.1421,0.0317,-0.3196,0.1055,2043
14,-0.2632,-0.9802,-0.1123,0.0802,-0.3023,0.1527,2046
14,-0.2612,-0.9729,-0.0779,0.0722,-0.339,0.1956,2047
14,-0.2754,-0.9919,-0.0798,0.066,-0.3409,0.2233,2046
14,-0.2649,-1.0112,-0.0747,0.0196,-0.3675,0.2515,2042
14,-0.2671,-0.9863,-0.0916,-0.0322,-0.3883,0.2868,2048
14,-0.2551,-0.9504,-0.113,-0.086,-0.4128,0.3061,2037
14,-0.2334,-0.9067,-0.1284,-0.119,-0.4445,0.3257,2049
14,-0.2209,-0.8655,-0.1362,-0.1437,-0.4707,0.3326,2062
14,-0.1912,-0.833,-0.1621,-0.1643,-0.4939,0.3512,2037
14,-0.1855,-0.7993,-0.1892,-0.1776,-0.546,0.3659,2055
14,-0.1577,-0.8062,-0.2107,-0.1871,-0.598,0.3782,2052
14,-0.1787,-0.8176,-0.2166,-0.1661,-0.6387,0.3828,2031
14,-0.1929,-0.8337,-0.2498,-0.1598,-0.6822,0.3746,2055
14,-0.2117,-0.844,-0.2537,-0.1288,-0.6954,0.3839,2047
14,-0.219,-0.8584,-0.26,-0.1117,-0.7008,0.4046,2104
14,-0.2114,-0.8679,-0.2756,-0.0819,-0.7092,0.4285,2034
14,-0.2219,-0.8899,-0.2634,0.0272,-0.72,0.4316,2044
14,-0.2332,-0.95,-0.2471,0.1028,-0.7119,0.4096,2066
14,-0.2217,-0.9985,-0.2778,0.2213,-0.7357,0.3723,2012
14,-0.2222,-1.0852,-0.2649,0.3354,-0.7335,0.3803,2032
14,-0.2629,-1.1797,-0.2546,0.5185,-0.6418,0.395,2063
14,-0.2825,-1.2849,-0.1992,0.6803,-0.4289,0.3832,2032
14,-0.2639,-1.4006,-0.1211,0.706,-0.185,0.3244,2059
14,-0.1687,-1.4255,0.009,0.6592,-0.0582,0.2476,2064
14,-0.136,-1.3918,0.031,0.6297,-0.0097,0.1716,2070
14,-0.1541,-1.3691,0.0518,0.6441,-0.278,0.0925,2056
14,-0.208,-1.407,0.0759,0.6847,-0.4481,0.1029,2036
14,-0.2844,-1.4873,0.1194,0.664,-0.602,0.1469,2085
14,-0.3044,-1.5579,0.0928,0.7003,-0.4904,0.1642,2035
14,-0.2539,-1.6311,0.1624,0.6624,-0.3931,0.135,2030
14,-0.2358,-1.5801,0.1672,0.6612,-0.2503,0.1153,2042
14,-0.2236,-1.4817,0.1262,0.6725,-0.1266,0.1135,2040
14,-0.2432,-1.4395,0.1228,0.7529,0.004,0.1438,2024
14,-0.3042,-1.4321,0.1025,0.8336,0.1268,0.181,2033
14,-0.3184,-1.4741,0.0947,0.9182,0.259,0.2179,2039
14,-0.3906,-1.5227,0.1467,0.9204,0.3494,0.1943,2049
14,-0.418,-1.5234,0.1433,0.9076,0.3079,0.1542,2045
14,-0.4075,-1.5164,0.166,0.8633,0.1012,0.1434,2052
15,-0.446,-1.5471,0.1504,0.8139,-0.0819,0.161,2044
15,-0.4851,-1.5447,0.1797,0.7023,-0.2252,0.2105,2049
15,-0.4475,-1.4573,0.2288,0.6135,-0.2111,0.2918,2022
15,-0.4019,-1.3264,0.2917,0.5609,-0.0125,0.3583,2042
15,-0.3723,-1.1392,0.335,0.5132,0.2429,0.3723,2042
15,-0.2849,-0.9426,0.3938,0.4594,0.3804,0.3686,2037
15,-0.2012,-0.8774,0.363,0.4428,0.3963,0.3697,2052
15,-0.2576,-0.9207,0.3347,0.4121,0.2779,0.3798,2056
15,-0.3582,-0.9885,0.283,0.332,0.1478,0.412,2050
15,-0.4204,-0.9868,0.2166,0.2097,0.167,0.4613,2043
15,-0.4551,-0.9634,0.1826,0.1482,0.2966,0.4991,2044
15,-0.4434,-0.9548,0.2024,0.0716,0.4031,0.5421,2032
15,-0.344,-0.947,0.1509,-0.0225,0.4203,0.5213,2054
15,-0.2759,-0.8391,0.042,0.0137,0.4647,0.4591,2032
15,-0.3503,-0.7202,-0.0503,0.1659,0.4216,0.3834,2047
15,-0.3804,-0.752,-0.1328,0.2497,0.3581,0.3629,2046
15,-0.4087,-0.7732,-0.1709,0.2816,0.3754,0.3285,2040
15,-0.3572,-0.7678,-0.1646,0.2958,0.3988,0.3006,2042
15,-0.3013,-0.7434,-0.1118,0.2998,0.3358,0.2854,2040
15,-0.2937,-0.7114,-0.074,0.2915,0.2701,0.2603,2044
15,-0.2441,-0.6987,-0.02,0.282,0.1803,0.2131,2034
15,-0.2231,-0.7046,-0.0012,0.2557,0.1701,0.1617,2049
15,-0.2283,-0.7065,0.0027,0.1859,0.1228,0.141,2042
15,-0.2168,-0.6877,-0.0085,0.1278,0.0708,0.1337,2053
15,-0.2251,-0.6423,-0.0095,0.0902,0.0461,0.1181,2045
15,-0.2529,-0.5996,-0.0308,0.0641,0.0105,0.1088,2055
15,-0.27,-0.5891,-0.0671,0.0453,-0.0067,0.1171,2072
15,-0.3123,-0.6028,-0.0886,0.0182,0.0517,0.1107,2064
15,-0.3127,-0.5715,-0.1289,0.0253,0.0874,0.0968,2052
15,-0.3113,-0.5679,-0.1387,0.0667,0.1258,0.0764,2020
15,-0.3374,-0.5669,-0.1394,0.0971,0.2051,0.0557,2033
15,-0.3545,-0.603,-0.1423,0.1105,0.1835,0.0411,2055
15,-0.3591,-0.6672,-0.1208,0.1619,0.1013,0.0105,2002
15,-0.3762,-0.7158,-0.1157,0.1886,-0.0787,-0.043,2033
15,-0.4023,-0.7175,-0.1318,0.1779,-0.2434,-0.0715,2066
15,-0.4673,-0.7305,-0.1658,0.2906,-0.3761,-0.1135,2005
15,-0.53,-0.7964,-0.1997,0.4165,-0.4091,-0.1609,2040
15,-0.5398,-0.9146,-0.156,0.5361,-0.3157,-0.2184,2008
15,-0.4524,-1.0625,-0.1135,0.5504,-0.0987,-0.2638,2041
15,-0.385,-1.1421,-0.03,0.55,0.0543,-0.3263,2014
15,-0.3108,-1.1846,0.0774,0.5337,0.1164,-0.3999,2028
15,-0.3523,-1.2292,0.1809,0.4758,0.1193,-0.4629,2064
15,-0.4482,-1.2925,0.2634,0.3251,0.0815,-0.4988,2046
15,-0.5042,-1.3369,0.3,0.1726,0.125,-0.5268,2046
15,-0.5476,-1.3098,0.3101,0.0606,0.1017,-0.5299,2040
15,-0.5217,-1.3206,0.28,-0.0754,0.1356,-0.5414,2069
15,-0.4478,-1.3672,0.2698,-0.1449,0.0859,-0.5626,2060
15,-0.3826,-1.4634,0.2112,-0.2089,0.0368,-0.5725,2034
15,-0.3599,-1.6057,0.1343,-0.2306,0.0024,-0.6167,2051
15,-0.3613,-1.7334,0.1013,-0.2569,-0.0676,-0.6481,2063
15,-0.4009,-1.853,0.0588,-0.2173,-0.0751,-0.6546,2058
15,-0.4478,-1.9067,0.0703,-0.202,-0.0241,-0.6418,2043
15,-0.4058,-1.8127,0.1541,-0.2507,0.039,-0.6098,2045
15,-0.344,-1.592,0.2559,-0.3486,0.2348,-0.6106,2035
15,-0.2961,-1.3367,0.3191,-0.3807,0.3908,-0.5991,2051
15,-0.2849,-1.2173,0.3508,-0.4,0.4433,-0.5775,2044
15,-0.3162,-1.2063,0.3772,-0.3882,0.3818,-0.5046,2013
15,-0.3796,-1.2715,0.3284,-0.3627,0.2268,-0.4072,2060
15,-0.4011,-1.2974,0.2485,-0.3697,0.0342,-0.3231,2039
15,-0.4119,-1.269,0.1841,-0.3725,-0.0682,-0.2442,2040
15,-0.4377,-1.1926,0.1245,-0.3711,-0.0919,-0.1566,2035
15,-0.4207,-1.1223,0.094,-0.3578,-0.0811,-0.0899,2043
15,-0.376,-1.0718,0.0481,-0.3056,-0.0866,-0.0407,2050
15,-0.3354,-1.0645,0.0007,-0.2404,-0.1139,-0.0064,2059
15,-0.2979,-1.0625,-0.0535,-0.2366,-0.1489,0.0105,2069
15,-0.2861,-0.9783,-0.1294,-0.1863,-0.2104,0.0261,2042
15,-0.3105,-0.9463,-0.1689,-0.0848,-0.2412,0.0394,2049
15,-0.3376,-0.9233,-0.1492,-0.0437,-0.2819,0.0511,2048
15,-0.3359,-0.8738,-0.1443,0.0048,-0.2962,0.0707,2036
15,-0.3137,-0.8228,-0.1396,0.0109,-0.2959,0.0912,2046
15,-0.2612,-0.7971,-0.1406,-0.0009,-0.3334,0.1316,2054
15,-0.2297,-0.8057,-0.1533,-0.037,-0.3472,0.1643,2047
15,-0.1853,-0.7969,-0.1433,-0.0593,-0.3895,0.1823,2051
15,-0.1663,-0.7822,-0.1223,-0.0921,-0.4348,0.1851,2032
15,-0.1523,-0.7734,-0.1587,-0.1257,-0.446,0.1855,2037
15,-0.1472,-0.7727,-0.1665,-0.1459,-0.4743,0.1679,2032
15,-0.1206,-0.771,-0.1816,-0.1666,-0.5075,0.1485,2041
15,-0.1223,-0.7632,-0.1941,-0.1814,-0.5133,0.1457,2048
15,-0.1653,-0.7429,-0.2109,-0.1776,-0.4954,0.1669,2057
15,-0.1895,-0.7424,-0.2285,-0.1912,-0.53,0.1778,2057
15,-0.179,-0.7407,-0.2507,-0.1715,-0.5268,0.1751,2054
15,-0.1873,-0.7461,-0.2837,-0.1096,-0.5028,0.1479,2029
15,-0.2244,-0.76,-0.281,-0.0418,-0.5484,0.1254,2034
15,-0.2231,-0.8196,-0.2444,0.0081,-0.6339,0.1092,2031
15,-0.1941,-0.9045,-0.2153,0.0617,-0.6371,0.1156,2021
15,-0.1975,-1.0022,-0.2058,0.0928,-0.6429,0.1208,2042
15,-0.2231,-1.0771,-0.1423,0.11,-0.7088,0.1137,2032
15,-0.2122,-1.1711,-0.1504,0.1603,-0.6962,0.0949,2044
15,-0.2283,-1.2886,-0.1235,0.2057,-0.6678,0.0415,1995
15,-0.2537,-1.3584,-0.1179,0.2828,-0.5934,-0.0381,2026
15,-0.2661,-1.4346,-0.0852,0.2956,-0.4422,-0.0956,2003
15,-0.2007,-1.5132,-0.0403,0.3324,-0.324,-0.1362,2043
15,-0.1677,-1.5542,0.02,0.3029,-0.2,-0.1732,2062
15,-0.1721,-1.5591,0.0864,0.2974,-0.13,-0.2131,2032
15,-0.1926,-1.5789,0.1646,0.2875,-0.0933,-0.2527,2031
15,-0.241,-1.6021,0.2095,0.2601,-0.0804,-0.2871,2023
15,-0.3225,-1.6494,0.2231,0.2565,-0.1691,-0.2862,2049
15,-0.3743,-1.6687,0.2615,0.236,-0.3289,-0.2511,2065
15,-0.4385,-1.6201,0.2563,0.2418,-0.4024,-0.2116,2012
15,-0.5212,-1.5098,0.2507,0.2907,-0.3843,-0.1434,2023
15,-0.5496,-1.4824,0.2278,0.3707,-0.2073,-0.0836,2022
16,-0.5259,-1.501,0.2336,0.4603,0.0063,-0.0461,2049
16,-0.4888,-1.5864,0.2119,0.5702,0.1735,-0.0451,2048
16,-0.4751,-1.6262,0.2043,0.6131,0.0925,-0.0306,2048
16,-0.4849,-1.7009,0.1858,0.5586,-0.1412,-0.063,2029
16,-0.4116,-1.5759,0.167,0.4892,-0.4293,-0.017,2056
16,-0.436,-1.4409,0.2061,0.3991,-0.6642,0.1587,2040
16,-0.4119,-1.3655,0.2688,0.3681,-0.6677,0.3273,2057
16,-0.3743,-1.304,0.334,0.3465,-0.4143,0.4344,2063
16,-0.3047,-1.1819,0.4026,0.3087,-0.1057,0.4884,2040
16,-0.1782,-1.0454,0.4128,0.2629,0.1567,0.4887,2041
16,-0.1445,-1.0222,0.3943,0.2569,0.28,0.4642,2049
16,-0.2136,-0.9971,0.2969,0.2545,0.2413,0.454,2049
16,-0.2988,-0.9866,0.1936,0.2021,0.1418,0.5027,2041
16,-0.3491,-0.9854,0.1147,0.1341,0.1358,0.5312,2043
16,-0.3792,-0.9851,0.0259,0.1053,0.2056,0.5521,2037
16,-0.3557,-0.9624,-0.0427,0.0527,0.2398,0.5942,2040
16,-0.3044,-0.9082,-0.0796,0.0346,0.2313,0.5819,2039
16,-0.2639,-0.8406,-0.0938,0.0904,0.1634,0.538,2047
16,-0.28,-0.8059,-0.1113,0.1092,0.1087,0.5131,2056
16,-0.2283,-0.844,-0.1528,0.084,-0.0164,0.459,2039
16,-0.168,-0.7776,-0.1431,0.1342,-0.0405,0.4147,2040
16,-0.2495,-0.6873,-0.1394,0.2104,-0.0306,0.4105,2044
16,-0.2571,-0.7317,-0.0977,0.2413,0.002,0.3988,2048
16,-0.1951,-0.7734,-0.1213,0.1088,0.0337,0.3235,2042
16,-0.05,-0.7246,-0.0732,0.1169,0.0465,0.2404,2043
16,-0.0586,-0.6926,-0.0288,0.0953,0.045,0.2378,2048
16,-0.1101,-0.6719,-0.0505,0.0368,0.0623,0.2217,2055
16,-0.147,-0.6257,-0.0405,0.021,0.0173,0.1759,2037
16,-0.1775,-0.5857,-0.0432,0.0397,-0.0361,0.1368,2032
16,-0.2278,-0.5891,-0.0757,0.0309,-0.0077,0.1317,2056
16,-0.2705,-0.6008,-0.0916,0.0176,0.0609,0.1213,2052
16,-0.2703,-0.5994,-0.0791,0.0144,0.0933,0.1096,2053
16,-0.2446,-0.6079,-0.094,0.0,0.0887,0.0907,2046
16,-0.2305,-0.6025,-0.0884,-0.0024,0.0991,0.0586,2016
16,-0.2229,-0.6138,-0.0913,-0.0121,0.049,0.0407,2043
16,-0.2446,-0.6487,-0.0552,-0.0292,-0.0309,0.03,2036
16,-0.25,-0.6787,-0.0391,-0.0237,-0.098,0.0178,2046
16,-0.2998,-0.7012,-0.043,0.018,-0.1294,-0.0009,2054
16,-0.3594,-0.7463,-0.0896,0.0593,-0.0645,-0.0226,2033
16,-0.4114,-0.8118,-0.1008,0.1475,-0.0738,-0.0533,2048
16,-0.446,-0.885,-0.1323,0.2149,-0.0123,-0.1209,1997
16,-0.4275,-0.967,-0.1213,0.1918,-0.0489,-0.1691,2015
16,-0.4224,-1.0098,-0.1326,0.2693,-0.0523,-0.2157,2024
16,-0.4182,-1.0632,-0.1128,0.3131,-0.1368,-0.2856,2079
16,-0.4443,-1.1536,-0.0457,0.3219,-0.1772,-0.3346,2055
16,-0.4976,-1.2734,0.0325,0.3052,-0.171,-0.3466,2071
16,-0.4985,-1.2971,0.0933,0.2719,-0.1374,-0.3661,2031
16,-0.4753,-1.3411,0.1069,0.2428,-0.0272,-0.3996,2025
16,-0.4702,-1.3674,0.1516,0.2072,0.1151,-0.4453,2040
16,-0.4521,-1.3557,0.2036,0.1669,0.188,-0.4677,2072
16,-0.4546,-1.3162,0.1978,0.0981,0.3204,-0.4987,2068
16,-0.4495,-1.3025,0.1658,0.0732,0.402,-0.512,2045
16,-0.4795,-1.3518,0.1292,0.0252,0.3376,-0.4946,2046
16,-0.5024,-1.531,0.0947,0.0173,0.2462,-0.4863,2057
16,-0.5273,-1.6619,0.0454,0.0009,0.1633,-0.5079,2046
16,-0.5059,-1.7061,-0.0063,-0.0454,0.0463,-0.4931,2038
16,-0.4697,-1.7732,-0.0237,-0.0481,-0.0389,-0.4654,2046
16,-0.4177,-1.781,0.01,-0.0981,-0.1256,-0.426,2049
16,-0.4031,-1.6663,0.05,-0.1675,-0.0782,-0.3928,2049
16,-0.3772,-1.4861,0.1062,-0.2384,0.089,-0.3649,2034
16,-0.2881,-1.2988,0.1355,-0.2598,0.1831,-0.3737,2044
16,-0.2217,-1.1733,0.1755,-0.2262,0.1835,-0.359,2048
16,-0.2483,-1.1938,0.2065,-0.1554,0.0863,-0.2866,2044
16,-0.3225,-1.3123,0.1836,-0.1489,-0.0956,-0.1816,2046
16,-0.3381,-1.3235,0.1511,-0.1677,-0.237,-0.1113,2044
16,-0.3669,-1.2935,0.124,-0.1955,-0.2706,-0.0236,2050
16,-0.3596,-1.2402,0.1169,-0.2537,-0.2437,0.0423,2043
16,-0.3125,-1.1323,0.0808,-0.2858,-0.2244,0.0987,2043
16,-0.2822,-1.1265,0.0503,-0.2611,-0.1903,0.1141,2044
16,-0.2642,-1.1052,-0.0159,-0.2388,-0.1879,0.1254,2048
16,-0.2722,-1.0466,-0.0977,-0.1635,-0.2292,0.1302,2047
16,-0.2859,-1.0183,-0.1208,-0.0892,-0.2838,0.1433,2052
16,-0.2832,-0.9822,-0.1562,-0.0739,-0.291,0.1483,2036
16,-0.2942,-0.9192,-0.1438,0.0462,-0.3108,0.1467,2054
16,-0.2854,-0.8916,-0.1125,0.0748,-0.3176,0.1277,2057
16,-0.2317,-0.8662,-0.1213,0.0912,-0.2908,0.1139,2045
16,-0.1746,-0.8447,-0.1147,0.1119,-0.2848,0.0923,2040
16,-0.125,-0.8486,-0.1245,0.1221,-0.3301,0.0816,2038
16,-0.116,-0.8513,-0.1174,0.1389,-0.3434,0.0756,2052
16,-0.1562,-0.8357,-0.1111,0.1298,-0.3614,0.0728,2055
16,-0.1729,-0.8013,-0.1235,0.1441,-0.3663,0.0679,2044
16,-0.1841,-0.7886,-0.1238,0.1533,-0.3497,0.059,2045
16,-0.1907,-0.7749,-0.1453,0.1525,-0.3257,0.0463,2049
16,-0.1765,-0.7522,-0.1758,0.1678,-0.333,0.0357,2043
16,-0.168,-0.7595,-0.1711,0.1875,-0.3256,0.0232,2056
16,-0.1909,-0.7683,-0.1887,0.1932,-0.3205,0.0236,2059
16,-0.1895,-0.7439,-0.1909,0.1847,-0.3638,0.0322,2051
16,-0.1838,-0.7356,-0.2004,0.22,-0.4007,0.0276,2061
16,-0.1702,-0.7703,-0.1982,0.2637,-0.3843,0.0079,2049
16,-0.1946,-0.822,-0.176,0.2874,-0.4141,0.0045,2041
16,-0.208,-0.8789,-0.176,0.3035,-0.4402,-0.0125,2032
16,-0.2146,-0.9434,-0.1519,0.3308,-0.465,-0.0249,2022
16,-0.2202,-1.0308,-0.127,0.3318,-0.4867,-0.0368,2040
16,-0.2559,-1.0969,-0.1396,0.331,-0.539,-0.0366,2073
16,-0.2759,-1.1482,-0.1768,0.3571,-0.5766,-0.0582,2016
16,-0.2583,-1.2046,-0.179,0.3924,-0.5908,-0.1089,2004
16,-0.271,-1.2668,-0.1909,0.4874,-0.4358,-0.139,2074
16,-0.3179,-1.387,-0.1523,0.5472,-0.2926,-0.1626,2061
16,-0.3115,-1.4937,-0.0845,0.5534,-0.0096,-0.1878,2058
16,-0.3032,-1.5242,-0.0032,0.5739,0.2328,-0.2713,2035
16,-0.2847,-1.5588,0.0044,0.5793,0.3524,-0.3271,2045
16,-0.2976,-1.5615,0.1123,0.5192,0.1992,-0.3514,2042
17,-0.3032,-1.5303,0.197,0.4862,-0.0646,-0.3255,2064
17,-0.3643,-1.5178,0.2305,0.3814,-0.2199,-0.2587,2035
17,-0.416,-1.4678,0.2625,0.3051,-0.3602,-0.178,2082
17,-0.4377,-1.4395,0.2563,0.287,-0.4085,-0.0899,2037
17,-0.4558,-1.4436,0.2693,0.3145,-0.3405,-0.0116,2053
17,-0.4768,-1.4441,0.2571,0.369,-0.1454,0.0377,2048
17,-0.4724,-1.45,0.272,0.4421,0.0499,0.0621,2036
17,-0.4692,-1.4814,0.2078,0.5352,0.079,0.0502,2056
17,-0.4993,-1.5894,0.0911,0.6143,-0.072,0.0317,2047
17,-0.5369,-1.6733,0.0222,0.6148,-0.382,0.0499,2051
17,-0.5178,-1.6523,0.0183,0.5195,-0.7217,0.1404,2051
17,-0.4136,-1.5579,0.1008,0.4276,-0.861,0.2745,2034
17,-0.3958,-1.4324,0.1926,0.4346,-0.7032,0.3655,2056
17,-0.365,-1.3062,0.282,0.4705,-0.4101,0.3858,2042
17,-0.2996,-1.1821,0.3101,0.4916,-0.1782,0.3418,2049
17,-0.1982,-1.0774,0.3474,0.4701,-0.1108,0.3211,2051
17,-0.1482,-1.0337,0.3147,0.4397,-0.0735,0.3529,2041
17,-0.1912,-1.0449,0.2795,0.3787,-0.1285,0.4003,2048
17,-0.2612,-1.062,0.2874,0.2852,-0.2529,0.4432,2067
17,-0.3206,-1.0667,0.25,0.1967,-0.3131,0.4599,2045
17,-0.3318,-1.0525,0.2053,0.112,-0.3505,0.4932,2043
17,-0.3152,-0.998,0.1526,0.0792,-0.3606,0.5156,2049
17,-0.3328,-0.9636,0.1062,0.027,-0.2964,0.5357,2039
17,-0.3149,-0.9756,-0.0063,0.014,-0.2653,0.5264,2060
17,-0.1948,-0.9409,-0.0969,-0.0226,-0.3104,0.5083,2044
17,-0.2356,-0.8425,-0.147,0.0555,-0.2658,0.463,2046
17,-0.2307,-0.8391,-0.074,0.1674,-0.2103,0.4414,2057
17,-0.2705,-0.8696,-0.0979,0.1092,-0.1036,0.4589,2031
17,-0.2109,-0.8923,-0.0876,0.0377,-0.0804,0.4051,2044
17,-0.1055,-0.8855,-0.0117,0.0361,-0.1517,0.3269,2040
17,-0.125,-0.8687,-0.0007,0.0067,-0.1842,0.3053,2051
17,-0.2009,-0.8384,0.0112,-0.0566,-0.2494,0.2972,2043
17,-0.2407,-0.7949,0.0159,-0.0855,-0.3132,0.2621,2056
17,-0.2405,-0.7363,-0.0105,-0.0915,-0.3079,0.238,2033
17,-0.2883,-0.6655,-0.0457,-0.0896,-0.2686,0.2344,2045
17,-0.3103,-0.6206,-0.0691,-0.0395,-0.176,0.2325,2046
17,-0.2856,-0.6187,-0.0862,-0.032,-0.1043,0.2293,2044
17,-0.2351,-0.6353,-0.0974,-0.0382,-0.1024,0.2019,2039
17,-0.2002,-0.6365,-0.0681,-0.0065,-0.1095,0.2003,2051
17,-0.2478,-0.6628,-0.0647,-0.0097,-0.1878,0.2103,2051
17,-0.2505,-0.6724,-0.0513,-0.0388,-0.2879,0.2079,2027
17,-0.2603,-0.6741,-0.0264,-0.0337,-0.3488,0.2111,2060
17,-0.2939,-0.6719,-0.0352,-0.0405,-0.4486,0.2019,2029
17,-0.2952,-0.6628,-0.0669,-0.0045,-0.4735,0.1867,2055
17,-0.335,-0.6721,-0.0596,0.0449,-0.4694,0.1627,2035
17,-0.3564,-0.7,-0.0601,0.0807,-0.465,0.1309,2041
17,-0.3806,-0.729,-0.0327,0.1204,-0.4623,0.1125,2035
17,-0.3887,-0.7854,-0.0261,0.1248,-0.5231,0.091,2059
17,-0.3748,-0.844,-0.0271,0.0964,-0.5942,0.0698,2025
17,-0.3545,-0.8928,0.0037,0.0868,-0.675,0.0473,2066
17,-0.3569,-0.937,0.0505,0.0618,-0.7945,0.0437,2033
17,-0.3757,-0.9575,0.0454,0.0694,-0.8122,0.0322,2026
17,-0.4084,-0.9712,0.0193,0.1116,-0.7572,0.0017,2040
17,-0.4512,-1.0093,-0.0066,0.1546,-0.6669,-0.0356,2041
17,-0.4292,-1.0615,-0.0098,0.1754,-0.5958,-0.0642,2063
17,-0.4272,-1.1316,-0.0061,0.1995,-0.5363,-0.0859,2045
17,-0.4341,-1.1887,0.0735,0.1408,-0.5706,-0.088,2055
17,-0.4011,-1.2197,0.1299,0.0835,-0.6387,-0.0949,2053
17,-0.426,-1.2598,0.2007,0.0089,-0.6835,-0.0948,2042
17,-0.4622,-1.2983,0.2217,-0.0639,-0.6481,-0.0997,2039
17,-0.4666,-1.3064,0.2515,-0.1245,-0.6124,-0.121,2057
17,-0.4585,-1.2991,0.2048,-0.1828,-0.4689,-0.1451,2052
17,-0.4783,-1.2671,0.1506,-0.1798,-0.399,-0.1666,2098
17,-0.4526,-1.2144,0.1104,-0.1707,-0.3618,-0.1987,2060
17,-0.4448,-1.2261,0.0825,-0.2056,-0.3512,-0.212,2055
17,-0.4331,-1.2737,0.0684,-0.2045,-0.3806,-0.2063,2056
17,-0.4219,-1.3406,0.1008,-0.2333,-0.4691,-0.2132,2049
17,-0.437,-1.5093,0.0977,-0.2242,-0.526,-0.2225,2054
17,-0.4578,-1.6396,0.0918,-0.2521,-0.5896,-0.2756,2049
17,-0.4709,-1.6777,0.04,-0.2396,-0.579,-0.3452,2047
17,-0.4219,-1.6804,0.0017,-0.2226,-0.6416,-0.3577,2072
17,-0.3577,-1.7202,0.0161,-0.2442,-0.6947,-0.3129,2043
17,-0.2913,-1.6917,0.042,-0.2863,-0.7312,-0.2702,2051
17,-0.2422,-1.6211,0.1235,-0.3405,-0.736,-0.2497,2038
17,-0.2002,-1.5525,0.1948,-0.379,-0.6373,-0.2264,2053
17,-0.1877,-1.4412,0.2563,-0.4109,-0.5837,-0.1823,2051
17,-0.2024,-1.325,0.283,-0.3966,-0.5398,-0.1353,2044
17,-0.1982,-1.3179,0.2339,-0.3663,-0.5462,-0.0519,2038
17,-0.2319,-1.3198,0.2085,-0.3665,-0.579,0.043,2037
17,-0.2529,-1.293,0.1973,-0.3884,-0.6664,0.139,2049
17,-0.2493,-1.2344,0.146,-0.3928,-0.7388,0.2184,2042
17,-0.2693,-1.165,0.0779,-0.3842,-0.7419,0.2903,2039
17,-0.2903,-1.0896,0.0422,-0.3525,-0.8052,0.3465,2043
17,-0.2805,-1.0549,0.0039,-0.3188,-0.7779,0.3995,2046
17,-0.2659,-1.0408,-0.0708,-0.2856,-0.7147,0.4538,2044
17,-0.262,-1.0916,-0.0808,-0.1863,-0.6609,0.5074,2059
17,-0.2322,-1.1182,-0.1045,-0.1794,-0.6337,0.5252,2039
17,-0.2036,-1.1101,-0.0557,-0.1495,-0.6566,0.541,2038
17,-0.1572,-1.0813,-0.0867,-0.1651,-0.7241,0.5593,2043
17,-0.1489,-1.0537,-0.1191,-0.1806,-0.7484,0.5406,2043
17,-0.1147,-0.9844,-0.1143,-0.1851,-0.8091,0.5115,2043
17,-0.0903,-0.9492,-0.1233,-0.173,-0.8115,0.5301,2039
17,-0.1035,-0.9326,-0.1465,-0.1751,-0.756,0.5413,2048
17,-0.1245,-0.9438,-0.147,-0.1744,-0.7357,0.5558,2042
17,-0.1528,-0.9263,-0.1501,-0.1932,-0.7247,0.5532,2047
17,-0.1519,-0.8928,-0.1489,-0.2049,-0.7584,0.5417,2036
17,-0.1482,-0.8369,-0.1619,-0.2127,-0.7984,0.52,2048
17,-0.1826,-0.8167,-0.1685,-0.1874,-0.8365,0.5268,2052
17,-0.2,-0.8018,-0.1873,-0.1743,-0.8895,0.5233,2042
17,-0.1855,-0.7832,-0.1672,-0.1787,-0.9834,0.5201,2041
17,-0.1716,-0.7742,-0.1809,-0.194,-1.0452,0.5281,2038
17,-0.1724,-0.7705,-0.1799,-0.192,-1.117,0.543,2050
17,-0.1543,-0.7581,-0.1882,-0.1907,-1.1881,0.5514,2045
17,-0.1326,-0.7437,-0.2014,-0.1775,-1.2215,0.5566,2042
17,-0.1233,-0.7368,-0.1912,-0.1349,-1.2487,0.5513,2043
18,-0.1292,-0.7375,-0.1968,-0.0836,-1.25,0.5438,2041
18,-0.1531,-0.7471,-0.2041,-0.0321,-1.2248,0.542,2045
18,-0.1831,-0.7773,-0.208,0.027,-1.2025,0.5505,2045
18,-0.198,-0.844,-0.2141,0.015,-1.1359,0.5313,2064
18,-0.2117,-0.8816,-0.2029,0.1117,-1.1276,0.5437,2047
18,-0.2036,-0.9067,-0.1897,0.1674,-1.0696,0.5291,2045
18,-0.1882,-0.9355,-0.1743,0.1879,-1.0373,0.5105,2043
18,-0.1775,-1.0005,-0.1719,0.1799,-1.0359,0.4884,2021
18,-0.166,-1.0442,-0.1284,0.2816,-1.0569,0.4749,2051
18,-0.178,-1.113,-0.126,0.3143,-1.0632,0.4686,2046
18,-0.198,-1.1677,-0.0959,0.2863,-1.0652,0.4863,2051
18,-0.218,-1.2261,-0.064,0.2643,-1.0242,0.4872,2047
18,-0.1809,-1.2537,-0.0308,0.2264,-1.032,0.479,2050
18,-0.157,-1.2512,-0.0103,0.2043,-1.0411,0.4883,2038
18,-0.2031,-1.2754,-0.0093,0.2308,-1.015,0.4904,2048
18,-0.2146,-1.3013,0.0034,0.2111,-0.9722,0.5193,2069
18,-0.2288,-1.3218,0.0525,0.1844,-0.9119,0.5544,2038
18,-0.2207,-1.3376,0.0835,0.1278,-0.793,0.5821,2066
18,-0.2336,-1.3579,0.0891,0.1057,-0.6699,0.5984,2045
18,-0.2749,-1.426,0.0984,0.0774,-0.5662,0.5839,2039
18,-0.3235,-1.5364,0.1082,0.0439,-0.5135,0.5709,2042
18,-0.3896,-1.6587,0.1077,-0.0011,-0.4842,0.5347,2035
18,-0.4548,-1.7632,0.134,-0.066,-0.453,0.4825,2025
18,-0.4895,-1.6958,0.1475,-0.1381,-0.4954,0.4466,2031
18,-0.4543,-1.4797,0.1367,-0.2242,-0.5433,0.4197,2049
18,-0.429,-1.2415,0.0833,-0.2642,-0.6484,0.4337,2046
18,-0.3699,-1.1316,0.0723,-0.2923,-0.7043,0.503,2047
18,-0.2935,-1.2024,0.1091,-0.2975,-0.7951,0.6147,2058
18,-0.2495,-1.2766,0.1501,-0.3537,-0.8958,0.7003,2034
18,-0.2363,-1.1843,0.1899,-0.3984,-0.9834,0.747,2050
18,-0.2651,-1.1045,0.2004,-0.4223,-1.0408,0.7871,2053
18,-0.2998,-1.074,0.2512,-0.435,-0.9714,0.8215,2053
18,-0.3306,-1.1255,0.2881,-0.5414,-0.8971,0.8175,2044
18,-0.3875,-0.9963,0.2004,-0.5243,-0.783,0.8096,2045
18,-0.4111,-0.9949,0.1531,-0.512,-0.6562,0.8206,2053
18,-0.4338,-0.9775,0.0747,-0.6418,-0.5818,0.7738,2037
18,-0.4453,-0.9592,-0.0264,-0.5874,-0.5806,0.7894,2051
18,-0.3174,-0.9712,-0.1104,-0.6096,-0.7132,0.7656,2032
18,-0.322,-0.9031,-0.1448,-0.4185,-0.8594,0.7296,2032
18,-0.3391,-0.9353,-0.1628,-0.3896,-0.9315,0.7433,2068
18,-0.3467,-0.9495,-0.1946,-0.3781,-0.9311,0.7312,2034
18,-0.2222,-1.0034,-0.1663,-0.3946,-0.9694,0.6739,2059
18,-0.1301,-1.0237,-0.1299,-0.3842,-1.0344,0.6171,2032
18,-0.1116,-1.0215,-0.0811,-0.3775,-1.1416,0.5747,2038
18,-0.1479,-0.9993,0.0024,-0.3895,-1.1889,0.5323,2045
18,-0.1777,-0.9846,0.0359,-0.4444,-1.2017,0.5016,2035
18,-0.1914,-0.9553,0.0625,-0.4896,-1.1609,0.4782,2027
18,-0.2073,-0.9265,0.0483,-0.5199,-1.1278,0.4579,2061
18,-0.2258,-0.8992,0.031,-0.5199,-1.1013,0.4358,2040
18,-0.2883,-0.8933,0.0051,-0.5273,-1.0194,0.4151,2031
18,-0.2803,-0.8992,-0.0522,-0.5562,-1.0334,0.3858,2055
18,-0.2661,-0.8833,-0.0603,-0.5364,-0.9901,0.3699,2017
18,-0.3081,-0.8853,-0.0994,-0.5536,-0.9562,0.3751,2040
18,-0.2888,-0.9077,-0.1338,-0.5871,-1.0278,0.3655,2040
18,-0.2512,-0.9094,-0.1382,-0.5867,-1.0673,0.3322,2055
18,-0.248,-0.9187,-0.1523,-0.5606,-1.0954,0.3209,2058
18,-0.2722,-0.9338,-0.1523,-0.5529,-1.1746,0.3004,2044
18,-0.2788,-0.9749,-0.1575,-0.5377,-1.2042,0.261,2041
18,-0.2791,-0.9851,-0.1526,-0.5161,-1.2061,0.2281,2034
18,-0.3101,-0.9875,-0.1492,-0.4725,-1.1824,0.2007,2041
18,-0.3357,-1.0095,-0.1143,-0.4587,-1.1652,0.1768,2045
18,-0.3574,-1.0261,-0.0911,-0.4745,-1.1355,0.1653,2037
18,-0.335,-1.0447,-0.0618,-0.4964,-1.0879,0.163,2053
18,-0.343,-1.0444,-0.041,-0.5199,-1.0588,0.1575,2047
18,-0.3406,-1.0503,-0.0361,-0.5393,-1.0658,0.1643,2043
18,-0.3506,-1.0588,-0.0269,-0.5658,-1.0316,0.1617,2049
18,-0.3435,-1.0718,-0.0447,-0.5785,-0.9995,0.1455,2035
18,-0.3433,-1.0845,-0.0637,-0.6106,-0.9666,0.1606,2039
18,-0.353,-1.0593,-0.1113,-0.6328,-0.9215,0.1369,2053
18,-0.3196,-1.0532,-0.1289,-0.62,-0.9313,0.1165,2051
18,-0.3379,-1.0432,-0.1204,-0.626,-0.9151,0.1125,2064
18,-0.3765,-1.0291,-0.1218,-0.6257,-0.916,0.11,2024
18,-0.4111,-0.9849,-0.106,-0.6071,-0.9372,0.1073,2060
18,-0.4219,-0.9822,-0.0837,-0.607,-0.9837,0.1127,2049
18,-0.4277,-0.9922,-0.0715,-0.5932,-0.9929,0.1237,2069
18,-0.4272,-1.0134,-0.0657,-0.5659,-1.0208,0.1358,2032
18,-0.4436,-1.0559,-0.0813,-0.5613,-1.024,0.1374,2041
18,-0.4302,-1.1082,-0.113,-0.538,-0.9921,0.1296,2045
18,-0.4148,-1.1538,-0.1104,-0.5148,-0.9734,0.1136,2066
18,-0.3862,-1.2134,-0.1399,-0.5022,-0.9937,0.0997,2034
18,-0.363,-1.229,-0.1487,-0.4987,-1.0369,0.0839,2045
18,-0.3562,-1.2397,-0.1504,-0.4868,-1.0954,0.0724,2081
18,-0.3491,-1.3308,-0.1584,-0.4336,-1.1825,0.0832,2030
18,-0.3525,-1.4214,-0.1704,-0.4065,-1.2503,0.0622,2044
18,-0.3105,-1.4343,-0.1499,-0.4548,-1.3631,0.0369,2026
18,-0.2537,-1.4177,-0.1265,-0.4721,-1.4011,0.0349,2052
18,-0.2327,-1.4097,-0.1218,-0.4762,-1.3669,0.0222,2040
18,-0.1853,-1.3503,-0.0747,-0.4916,-1.3924,-0.0013,2058
18,-0.166,-1.314,-0.031,-0.4843,-1.4165,0.0109,2054
18,-0.1873,-1.3188,0.0032,-0.4928,-1.3948,0.0475,2029
18,-0.2063,-1.3403,0.033,-0.5361,-1.4398,0.0828,2027
18,-0.1782,-1.3794,0.0486,-0.5561,-1.462,0.0959,2048
18,-0.1738,-1.3994,0.0645,-0.5711,-1.4563,0.127,2056
18,-0.1787,-1.363,0.0544,-0.5386,-1.4195,0.131,2051
18,-0.1731,-1.3157,0.0417,-0.5117,-1.3782,0.1376,2062
18,-0.1699,-1.241,0.0474,-0.4806,-1.3347,0.14,2053
18,-0.1562,-1.189,0.0056,-0.4461,-1.3005,0.153,2067
18,-0.147,-1.1912,-0.0208,-0.3894,-1.3503,0.1832,2046
18,-0.1609,-1.2407,-0.0403,-0.3529,-1.4398,0.2226,2050
18,-0.1748,-1.3064,-0.0132,-0.363,-1.4841,0.2619,2042
18,-0.1311,-1.322,0.0642,-0.3951,-1.5091,0.2838,2042
19,-0.072,-1.3157,0.1257,-0.3952,-1.4777,0.2725,2047
19,-0.0461,-1.2559,0.1602,-0.3826,-1.4352,0.2366,2042
19,-0.0728,-1.177,0.1562,-0.3699,-1.3838,0.242,2053
19,-0.1335,-1.1301,0.145,-0.3512,-1.3278,0.265,2049
19,-0.1902,-1.0957,0.1233,-0.3128,-1.284,0.3053,2046
19,-0.2454,-1.106,0.0925,-0.3235,-1.2214,0.3573,2049
19,-0.2275,-1.1316,0.0325,-0.3405,-1.1817,0.3671,2044
19,-0.1733,-1.0872,-0.0295,-0.3004,-1.0653,0.3609,2041
19,-0.1675,-1.0774,-0.0806,-0.2836,-1.0183,0.3858,2048
19,-0.1206,-1.0698,-0.1086,-0.2523,-0.9935,0.3846,2041
19,-0.0664,-1.0759,-0.1045,-0.2033,-0.9548,0.3818,2059
19,-0.0723,-1.0747,-0.0974,-0.1638,-0.9492,0.3879,2048
19,-0.105,-1.0544,-0.0857,-0.1545,-0.9718,0.388,2049
19,-0.1345,-1.0361,-0.084,-0.1566,-0.9745,0.4048,2048
19,-0.1702,-1.0615,-0.0786,-0.1619,-0.9626,0.4192,2056
19,-0.2007,-1.0962,-0.0537,-0.1843,-0.9696,0.4381,2049
19,-0.2288,-1.1074,-0.0774,-0.1834,-0.9738,0.4361,2072
19,-0.2336,-1.1025,-0.1077,-0.1545,-0.9104,0.4247,2044
19,-0.252,-1.1289,-0.1636,-0.1276,-0.8329,0.4225,2036
19,-0.2227,-1.1516,-0.1919,-0.1147,-0.7681,0.4414,2042
19,-0.1851,-1.1584,-0.2041,-0.1185,-0.6907,0.4639,2048
19,-0.166,-1.1616,-0.1829,-0.0967,-0.6293,0.4733,2039
19,-0.1899,-1.1355,-0.158,-0.0578,-0.5807,0.4737,2054
19,-0.2488,-1.1335,-0.1389,-0.0389,-0.5536,0.4745,2030
19,-0.2734,-1.1299,-0.1086,-0.0296,-0.5741,0.4809,2030
19,-0.2974,-1.1277,-0.1245,-0.0226,-0.6766,0.5145,2045
19,-0.3269,-1.144,-0.1458,-0.0314,-0.793,0.5512,2052
19,-0.335,-1.178,-0.1355,-0.0511,-0.9215,0.5757,2032
19,-0.3486,-1.1907,-0.1411,-0.0388,-0.969,0.5907,2035
19,-0.3779,-1.2288,-0.1377,-0.0055,-0.9127,0.5912,2025
19,-0.4172,-1.281,-0.1353,0.0538,-0.8146,0.5733,2035
19,-0.4429,-1.3408,-0.1445,0.1256,-0.6838,0.5421,2053
19,-0.4619,-1.3599,-0.1411,0.1888,-0.4962,0.5059,2039
19,-0.458,-1.3423,-0.1152,0.1691,-0.3904,0.4867,2036
19,-0.4089,-1.2795,-0.0569,0.1533,-0.3943,0.4641,2029
19,-0.3357,-1.2319,-0.0098,0.0791,-0.4956,0.4605,2041
19,-0.2913,-1.1831,0.0432,0.069,-0.6675,0.4723,2051
19,-0.281,-1.1909,0.0808,0.0069,-0.9247,0.5171,2050
19,-0.3147,-1.2026,0.1335,-0.0684,-1.1059,0.555,2043
19,-0.3564,-1.1638,0.1704,-0.1527,-1.2362,0.5682,2058
19,-0.364,-1.0793,0.1897,-0.2059,-1.2691,0.5598,2042
19,-0.387,-1.0042,0.1672,-0.2256,-1.219,0.5444,2036
19,-0.4058,-0.9421,0.1475,-0.2561,-1.1375,0.5139,2046
19,-0.4341,-0.8674,0.1094,-0.1381,-1.0842,0.5019,2047
19,-0.45,-0.8965,0.0642,-0.1059,-1.0443,0.4942,2018
19,-0.4585,-0.9177,0.0491,-0.1043,-1.0303,0.4948,2054
19,-0.4385,-0.9573,0.0134,-0.114,-1.0373,0.4903,2040
19,-0.3894,-0.9775,0.0217,-0.1317,-1.1018,0.4894,2013
19,-0.3677,-0.978,0.0161,-0.1551,-1.1344,0.4794,2044
19,-0.3462,-0.9851,0.0303,-0.1388,-1.2019,0.4629,2057
19,-0.3428,-1.0,0.0427,-0.1262,-1.2171,0.4421,2023
19,-0.3284,-1.0063,0.0276,-0.1175,-1.2162,0.4028,2046
19,-0.2856,-1.001,0.0244,-0.1073,-1.2042,0.3497,2054
19,-0.2705,-1.0176,0.0032,-0.0831,-1.1794,0.3032,2041
19,-0.3003,-1.041,-0.0039,-0.0688,-1.1464,0.2731,2065
19,-0.3364,-1.061,-0.0125,-0.0872,-1.1123,0.2495,2027
19,-0.3171,-1.071,-0.0032,-0.1104,-1.0467,0.2232,2043
19,-0.3074,-1.0825,0.0298,-0.1317,-0.9584,0.182,2046
19,-0.2996,-1.0845,0.0645,-0.1751,-0.9132,0.141,2061
19,-0.3064,-1.0654,0.0698,-0.2209,-0.885,0.1153,2078
19,-0.3113,-1.0442,0.0762,-0.2681,-0.8971,0.0791,2036
19,-0.3359,-1.0183,0.0547,-0.3264,-0.9548,0.0549,2049
19,-0.3582,-0.988,0.0349,-0.3706,-1.0319,0.0393,2045
19,-0.375,-0.9871,-0.0046,-0.3939,-1.109,0.0241,2044
19,-0.4248,-0.9756,-0.0583,-0.388,-1.129,0.0019,2041
19,-0.4666,-0.9675,-0.106,-0.3681,-1.1154,-0.0186,2042
19,-0.479,-0.9607,-0.1262,-0.3225,-1.0299,-0.0417,2024
19,-0.4612,-0.9741,-0.1167,-0.2589,-0.9444,-0.0567,2027
19,-0.4468,-1.0007,-0.0918,-0.2208,-0.9246,-0.0728,2054
19,-0.394,-1.0193,-0.0667,-0.2199,-0.9561,-0.0787,2037
19,-0.3811,-1.0217,-0.0352,-0.2278,-1.0115,-0.0686,2054
19,-0.3777,-1.0271,-0.0122,-0.2579,-1.078,-0.0507,2039
19,-0.386,-1.0203,0.0061,-0.287,-1.1288,-0.0384,2039
19,-0.4092,-1.0078,0.0515,-0.2637,-1.1491,-0.0341,2039
19,-0.5105,-0.9778,0.0537,-0.3002,-1.1404,0.0119,2054
19,-0.4539,-1.0095,0.0166,-0.33,-1.1953,-0.0091,2034
19,-0.4426,-0.9753,-0.0198,-0.2874,-1.0737,0.0081,2056
19,-0.5017,-1.0222,-0.0652,-0.3012,-1.1212,0.0388,2058
19,-0.4126,-1.0671,-0.0842,-0.3322,-1.1427,0.0276,2035
19,-0.377,-1.0542,-0.0857,-0.345,-1.1658,0.0125,2029
19,-0.3755,-1.05,-0.0723,-0.3546,-1.2441,0.0244,2038
19,-0.4177,-1.0261,-0.0688,-0.3729,-1.3467,0.0409,2045
19,-0.439,-1.012,-0.0574,-0.3494,-1.385,0.019,2042
19,-0.468,-0.9563,-0.0684,-0.3205,-1.3772,0.03,2040
19,-0.4788,-0.9607,-0.075,-0.2714,-1.3884,0.0549,2049
19,-0.4253,-0.9919,-0.0713,-0.2529,-1.3724,0.0655,2056
19,-0.3882,-0.9988,-0.0576,-0.2437,-1.3492,0.0633,2031
19,-0.373,-1.001,-0.0667,-0.2514,-1.3904,0.0715,2063
19,-0.3591,-1.0122,-0.0425,-0.2284,-1.4111,0.0666,2035
19,-0.3826,-1.0596,-0.0383,-0.2183,-1.4214,0.0716,2077
19,-0.4065,-1.0842,-0.022,-0.2412,-1.4577,0.0816,2038
19,-0.4148,-1.1267,-0.0273,-0.257,-1.4198,0.0766,2047
19,-0.4094,-1.1292,-0.0229,-0.2907,-1.36,0.0585,2073
19,-0.3528,-1.1282,0.0239,-0.2931,-1.2928,0.0405,2037
19,-0.3157,-1.1306,0.0105,-0.2963,-1.2672,0.0096,2030
19,-0.2993,-1.1135,0.022,-0.3259,-1.2789,-0.0127,2020
19,-0.2932,-1.1553,0.0354,-0.326,-1.3054,-0.0337,2032
19,-0.3047,-1.2749,0.0166,-0.3402,-1.3669,-0.0495,2030
19,-0.3074,-1.3635,-0.0103,-0.3698,-1.4026,-0.0795,2048
19,-0.2808,-1.4487,-0.0134,-0.4292,-1.393,-0.0907,2042
19,-0.2375,-1.5151,0.0186,-0.4899,-1.3362,-0.1073,2028
19,-0.1895,-1.5649,0.0479,-0.5409,-1.2685,-0.1304,2049
20,-0.1472,-1.5774,0.0669,-0.5658,-1.199,-0.1541,2051
20,-0.144,-1.5754,0.0823,-0.6076,-1.2138,-0.1689,2070
20,-0.1194,-1.5593,0.0879,-0.6404,-1.1694,-0.1819,2032
20,-0.1392,-1.5352,0.0969,-0.6706,-1.1343,-0.1822,2036
20,-0.1523,-1.5068,0.0918,-0.699,-1.0549,-0.1702,2035
20,-0.1411,-1.479,0.106,-0.7419,-1.022,-0.137,2049
20,-0.126,-1.4219,0.0994,-0.7806,-0.9853,-0.1071,2035
20,-0.123,-1.3528,0.114,-0.7913,-0.999,-0.0702,2055
20,-0.1296,-1.2996,0.1287,-0.7773,-0.983,-0.0186,2052
20,-0.1628,-1.2976,0.1357,-0.7606,-1.0087,0.0329,2055
20,-0.1812,-1.322,0.1438,-0.7312,-0.9855,0.0828,2042
20,-0.2202,-1.3413,0.1589,-0.7291,-0.9765,0.1229,2061
20,-0.2249,-1.3376,0.2048,-0.7601,-0.9724,0.1732,2049
20,-0.2109,-1.3059,0.2371,-0.787,-0.9399,0.2195,2065
20,-0.2141,-1.2119,0.2373,-0.8094,-0.9309,0.2591,2033
20,-0.219,-1.0767,0.199,-0.7778,-0.8777,0.2996,2055
20,-0.2517,-1.0291,0.1631,-0.7205,-0.7966,0.3304,2048
20,-0.2698,-1.0483,0.1045,-0.66,-0.7762,0.3682,2032
20,-0.2551,-1.0542,0.041,-0.6043,-0.7424,0.4096,2056
20,-0.2356,-1.071,-0.0037,-0.5484,-0.7363,0.4508,2048
20,-0.2085,-1.0774,-0.0249,-0.5189,-0.7914,0.5,2049
20,-0.1909,-1.0647,-0.0652,-0.5082,-0.8598,0.5163,2042
20,-0.1541,-1.0461,-0.0378,-0.4825,-0.9363,0.5474,2039
20,-0.1628,-1.0632,-0.0103,-0.526,-0.9752,0.5757,2054
20,-0.1414,-1.0098,0.0012,-0.5149,-0.9986,0.6059,2047
20,-0.1406,-0.9871,0.0144,-0.5673,-0.959,0.6212,2044
20,-0.1577,-0.9106,-0.03,-0.507,-0.8897,0.6239,2055
20,-0.1826,-0.895,-0.0676,-0.4542,-0.7719,0.5992,2048
20,-0.2065,-0.8914,-0.1011,-0.3928,-0.6723,0.5687,2056
20,-0.1912,-0.9207,-0.1399,-0.3726,-0.6099,0.5749,2053
20,-0.1655,-0.9565,-0.1785,-0.385,-0.5622,0.5869,2051
20,-0.1348,-0.9871,-0.2124,-0.4084,-0.5272,0.5964,2053
20,-0.1165,-1.0012,-0.2188,-0.4348,-0.542,0.6031,2041
20,-0.0991,-1.0134,-0.2185,-0.4412,-0.5843,0.5908,2038
20,-0.0996,-1.0068,-0.2307,-0.4418,-0.6253,0.5685,2061
20,-0.134,-0.9746,-0.2515,-0.4237,-0.6407,0.5335,2044
20,-0.1824,-0.9517,-0.259,-0.3477,-0.6255,0.4827,2040
20,-0.228,-0.958,-0.2542,-0.3025,-0.6068,0.4464,2037
20,-0.2278,-0.9646,-0.2686,-0.2854,-0.5313,0.4263,2031
20,-0.2107,-0.98,-0.2703,-0.2843,-0.5104,0.4281,2070
20,-0.1851,-1.0315,-0.2893,-0.288,-0.5264,0.4249,2037
20,-0.1614,-1.0793,-0.2705,-0.2852,-0.5333,0.3856,2054
20,-0.1743,-1.1077,-0.2627,-0.2626,-0.5506,0.3139,2048
20,-0.2002,-1.0967,-0.2566,-0.2627,-0.5843,0.2581,2040
20,-0.219,-1.0635,-0.2488,-0.2325,-0.5576,0.2195,2049
20,-0.2454,-1.0261,-0.2505,-0.2023,-0.5408,0.1969,2026
20,-0.2708,-1.0007,-0.2358,-0.173,-0.5184,0.1895,2049
20,-0.301,-0.9832,-0.2556,-0.1044,-0.4486,0.1804,2057
20,-0.3298,-0.9836,-0.2637,-0.0553,-0.4169,0.1864,2049
20,-0.3291,-1.0161,-0.2437,-0.0129,-0.4081,0.1839,2054
20,-0.292,-1.0952,-0.2278,0.0157,-0.4139,0.1859,2055
20,-0.3042,-1.1216,-0.2131,0.0803,-0.3711,0.1385,2032
20,-0.2861,-1.1045,-0.197,0.1109,-0.403,0.0924,2058
20,-0.2812,-1.0647,-0.2031,0.1699,-0.4067,0.0654,2039
20,-0.3008,-1.0593,-0.1924,0.23,-0.4088,0.0517,2038
20,-0.3384,-1.0803,-0.1697,0.2697,-0.4193,0.0422,2029
20,-0.4065,-1.072,-0.187,0.3428,-0.4422,0.0001,2033
20,-0.4351,-1.0625,-0.2163,0.4591,-0.4528,-0.0547,2069
20,-0.4521,-1.0874,-0.2312,0.5376,-0.4674,-0.0888,2047
20,-0.4485,-1.1255,-0.1902,0.6208,-0.4888,-0.106,2031
20,-0.3967,-1.1895,-0.1611,0.7171,-0.5573,-0.1157,2029
20,-0.3496,-1.2959,-0.1221,0.7918,-0.5943,-0.135,2013
20,-0.3459,-1.3633,-0.0886,0.8581,-0.5678,-0.1619,2028
20,-0.325,-1.4053,-0.0325,0.8929,-0.6152,-0.2056,2078
20,-0.2778,-1.4255,-0.0063,0.927,-0.5982,-0.2433,2031
20,-0.2566,-1.4758,0.0271,0.9384,-0.5986,-0.2382,2048
20,-0.2629,-1.5059,0.0439,0.9835,-0.6156,-0.2424,2075
20,-0.2776,-1.5476,0.1104,0.976,-0.5894,-0.2124,2027
20,-0.2744,-1.5847,0.1794,0.9287,-0.626,-0.1643,2047
20,-0.2471,-1.6482,0.2168,0.8801,-0.5546,-0.1455,2019
20,-0.2698,-1.6396,0.2595,0.872,-0.4227,-0.2109,2042
20,-0.2979,-1.6711,0.2673,0.8,-0.3842,-0.3213,2032
20,-0.3403,-1.6541,0.2004,0.7863,-0.3932,-0.3396,2050
20,-0.3523,-1.6741,0.1392,0.7838,-0.4416,-0.3385,2054
20,-0.3281,-1.7056,0.1206,0.6974,-0.5566,-0.286,2063
20,-0.2742,-1.6875,0.1934,0.6399,-0.567,-0.2177,2048
20,-0.24,-1.6348,0.2942,0.5966,-0.4413,-0.1807,2054
20,-0.219,-1.5051,0.3862,0.5235,-0.2888,-0.1792,2053
20,-0.2114,-1.3477,0.3826,0.5159,-0.1107,-0.2262,2043
20,-0.2278,-1.1531,0.3501,0.5109,0.0055,-0.2629,2032
20,-0.2627,-1.0195,0.334,0.5092,0.0429,-0.236,2067
20,-0.3066,-0.948,0.3191,0.5087,0.0073,-0.1906,2046
20,-0.3474,-0.9124,0.2488,0.5333,-0.0611,-0.185,2036
20,-0.3752,-0.9097,0.1985,0.5778,-0.1213,-0.1489,2047
20,-0.4146,-0.9446,0.1602,0.6321,-0.0888,-0.0976,2045
20,-0.4155,-0.9517,0.1426,0.6853,0.0352,-0.0724,2045
20,-0.3928,-1.0071,0.1091,0.6332,0.1681,-0.037,2040
20,-0.249,-0.9924,0.0935,0.6107,0.2737,-0.0305,2040
20,-0.2058,-0.9268,0.0671,0.6299,0.3257,-0.0089,2048
20,-0.1572,-0.9338,0.0283,0.6147,0.2462,-0.0174,2037
20,-0.1653,-0.9167,-0.0703,0.6046,0.1846,-0.0284,2051
20,-0.1787,-0.8997,-0.0969,0.6636,0.0364,-0.0714,2039
20,-0.2156,-0.9138,-0.155,0.6942,-0.0414,-0.1029,2048
20,-0.3147,-0.9502,-0.1692,0.6578,0.0473,-0.1109,2051
20,-0.2363,-0.989,-0.1606,0.626,-0.0477,-0.1356,2028
20,-0.2163,-1.0142,-0.1296,0.4794,-0.0587,-0.174,2048
20,-0.156,-0.9534,-0.0581,0.4681,-0.1481,-0.2402,2052
20,-0.1377,-0.915,0.0193,0.4167,-0.1972,-0.2325,2043
20,-0.2029,-0.8809,0.0242,0.2966,-0.233,-0.2409,2049
20,-0.2148,-0.7954,0.0195,0.2693,-0.2193,-0.2923,2039
20,-0.2263,-0.739,0.0046,0.2983,-0.1136,-0.2755,2058
20,-0.2756,-0.7046,-0.0461,0.3104,-0.0312,-0.275,2060
20,-0.2651,-0.7061,-0.0496,0.3067,-0.002,-0.2774,2046
21,-0.239,-0.6919,-0.0579,0.3025,-0.0116,-0.2822,2053
21,-0.2227,-0.7014,-0.0649,0.2987,-0.0509,-0.276,2043
21,-0.2319,-0.7024,-0.0664,0.2862,-0.1413,-0.2738,2053
21,-0.2307,-0.7134,-0.0405,0.2819,-0.2346,-0.2571,2048
21,-0.271,-0.7268,-0.002,0.2811,-0.2806,-0.2477,2047
21,-0.2893,-0.7173,-0.0107,0.3095,-0.349,-0.2567,2043
21,-0.2888,-0.7319,-0.0151,0.3373,-0.3626,-0.2503,2058
21,-0.3037,-0.7332,-0.0244,0.3839,-0.2911,-0.2557,2041
21,-0.292,-0.7632,0.0076,0.4416,-0.2529,-0.2639,2034
21,-0.2864,-0.8037,0.0408,0.4687,-0.2187,-0.2593,2014
21,-0.2932,-0.835,0.0574,0.475,-0.1433,-0.2551,2044
21,-0.2473,-0.8752,0.0771,0.4779,-0.1641,-0.2486,2054
21,-0.2363,-0.9202,0.1116,0.4767,-0.2345,-0.2292,2055
21,-0.2397,-0.9788,0.1196,0.4719,-0.2859,-0.2137,2028
21,-0.2725,-1.0422,0.1677,0.4733,-0.3093,-0.2151,2037
21,-0.3049,-1.1067,0.1619,0.4554,-0.3031,-0.2272,2059
21,-0.3284,-1.1389,0.1462,0.4598,-0.2994,-0.2302,2048
21,-0.3953,-1.1335,0.146,0.4687,-0.2931,-0.2352,2027
21,-0.4199,-1.1614,0.1667,0.44,-0.2402,-0.2441,2039
21,-0.406,-1.2065,0.2085,0.4164,-0.1406,-0.255,2061
21,-0.3403,-1.2688,0.2412,0.3649,-0.077,-0.2454,2038
21,-0.3083,-1.3147,0.2869,0.29,-0.0788,-0.2477,2028
21,-0.2913,-1.3345,0.3076,0.2376,-0.071,-0.2511,2064
21,-0.3049,-1.321,0.2937,0.1835,-0.0883,-0.2542,2056
21,-0.3174,-1.2983,0.2659,0.114,-0.0823,-0.2526,2068
21,-0.3572,-1.3,0.2302,0.0505,-0.0483,-0.2321,2053
21,-0.3579,-1.3457,0.1838,-0.0105,-0.0093,-0.2081,2044
21,-0.3435,-1.4387,0.1873,-0.0839,-0.0629,-0.1916,2037
21,-0.2925,-1.5457,0.1758,-0.1424,-0.1389,-0.1868,2044
21,-0.2798,-1.5974,0.1875,-0.2213,-0.2579,-0.1487,2045
21,-0.2822,-1.6492,0.1912,-0.2748,-0.2928,-0.0839,2054
21,-0.2742,-1.6692,0.2188,-0.3442,-0.2812,-0.0262,2035
21,-0.2129,-1.5459,0.2769,-0.4267,-0.2393,0.0055,2045
21,-0.1624,-1.3379,0.312,-0.4731,-0.0045,0.0342,2049
21,-0.1694,-1.1335,0.3398,-0.4898,0.2248,0.0344,2055
21,-0.1238,-1.0662,0.3044,-0.5208,0.3244,0.0738,2049
21,-0.0935,-1.1084,0.2964,-0.5023,0.2252,0.1398,2046
21,-0.1873,-1.1702,0.2271,-0.5528,0.1161,0.2213,2052
21,-0.199,-1.2104,0.1951,-0.5426,-0.106,0.275,2043
21,-0.2837,-1.2117,0.1321,-0.592,-0.1752,0.3543,2042
21,-0.3013,-1.1746,0.1113,-0.5888,-0.1948,0.3733,2038
21,-0.292,-1.1084,0.1064,-0.5892,-0.1642,0.3872,2045
21,-0.2676,-1.0649,0.0957,-0.5803,-0.0935,0.404,2054
21,-0.2224,-1.0483,0.1062,-0.5694,0.0029,0.4268,2038
21,-0.2349,-1.0186,0.1121,-0.5055,0.0481,0.4671,2048
21,-0.1809,-0.9961,0.1157,-0.4546,0.041,0.4675,2049
21,-0.1614,-0.9883,0.0813,-0.4493,0.1245,0.4687,2045
21,-0.1372,-0.9622,0.0605,-0.4779,0.1687,0.4711,2043
21,-0.1365,-0.9692,0.0515,-0.4159,0.1447,0.4946,2051
21,-0.1409,-0.9763,0.0142,-0.4127,0.1228,0.4987,2035
21,-0.1604,-0.9531,-0.0066,-0.4237,0.1196,0.5124,2055
21,-0.1904,-0.9119,-0.0242,-0.43,0.0663,0.5094,2038
21,-0.2014,-0.8831,-0.0442,-0.4357,0.0518,0.5124,2055
21,-0.2188,-0.8428,-0.0625,-0.4454,0.0815,0.5024,2052
21,-0.2393,-0.8257,-0.0513,-0.4107,0.0208,0.5151,2047
21,-0.2383,-0.8071,-0.0823,-0.3757,0.0217,0.5205,2061
21,-0.2693,-0.7908,-0.1287,-0.3386,0.0286,0.5111,2039
21,-0.259,-0.7451,-0.1743,-0.3089,0.0426,0.4955,2071
21,-0.2751,-0.7812,-0.166,-0.2651,0.0514,0.5133,2028
21,-0.2607,-0.7866,-0.1514,-0.2425,0.0712,0.5152,2057
21,-0.2336,-0.7729,-0.1536,-0.2298,0.0891,0.5115,2012
21,-0.2266,-0.78,-0.1389,-0.1876,0.07,0.5039,2063
21,-0.2346,-0.7852,-0.1021,-0.1751,0.0309,0.4856,2067
21,-0.2034,-0.7854,-0.1074,-0.1617,0.0101,0.4852,2040
21,-0.2432,-0.8391,-0.103,-0.1661,-0.0328,0.4749,2042
21,-0.2429,-0.8706,-0.0999,-0.1735,-0.1413,0.4707,2066
21,-0.2522,-0.8958,-0.1157,-0.1882,-0.2673,0.4683,2045
21,-0.2676,-0.9468,-0.1145,-0.1902,-0.3562,0.4687,2050
21,-0.2859,-0.9927,-0.1316,-0.1878,-0.424,0.4855,2049
21,-0.3303,-1.052,-0.1741,-0.1767,-0.4137,0.4743,2069
21,-0.3496,-1.123,-0.1472,-0.1097,-0.41,0.44,2047
21,-0.3306,-1.2341,-0.125,-0.0927,-0.3863,0.4251,2059
21,-0.3337,-1.3489,-0.0798,-0.1087,-0.2506,0.3878,2040
21,-0.3152,-1.3958,-0.0613,-0.0948,-0.1922,0.3215,2048
21,-0.2981,-1.3884,-0.0581,-0.0739,-0.1754,0.2457,2078
21,-0.3162,-1.3779,-0.0676,-0.076,-0.1818,0.2167,2002
21,-0.343,-1.3923,-0.1028,-0.0461,-0.2518,0.2091,2040
21,-0.3833,-1.4451,-0.0808,0.0027,-0.3445,0.2181,2102
21,-0.4067,-1.5483,0.0186,0.0353,-0.3209,0.2404,2052
21,-0.4075,-1.605,0.1118,0.0193,-0.2372,0.2317,2037
21,-0.3552,-1.5974,0.2112,0.0294,-0.188,0.1739,2053
21,-0.3613,-1.5615,0.1929,0.104,-0.0754,0.0828,2045
21,-0.4089,-1.5007,0.1567,0.1786,-0.0563,0.0338,2056
21,-0.469,-1.4409,0.175,0.2625,-0.136,0.0454,2035
21,-0.4839,-1.5371,0.2004,0.3432,-0.2208,0.094,2048
21,-0.53,-1.5713,0.189,0.4137,-0.236,0.0543,2030
21,-0.5569,-1.614,0.1848,0.4048,-0.2871,0.0025,2044
21,-0.4939,-1.5737,0.1582,0.43,-0.3433,-0.0421,2041
21,-0.4497,-1.5078,0.0938,0.4677,-0.4083,-0.0415,2038
21,-0.4202,-1.4404,0.1296,0.4932,-0.4244,0.0174,2043
21,-0.3689,-1.353,0.2207,0.4972,-0.3685,0.0796,2056
21,-0.3191,-1.2717,0.3259,0.5024,-0.235,0.1148,2042
21,-0.2932,-1.1855,0.3936,0.4805,-0.1044,0.1173,2055
21,-0.2634,-1.104,0.4407,0.4259,-0.0479,0.1334,2047
21,-0.2949,-1.0742,0.4451,0.3887,0.0142,0.1542,2042
21,-0.3726,-1.0527,0.3552,0.4007,0.0743,0.1204,2043
21,-0.428,-1.0444,0.2666,0.4008,0.137,0.0999,2045
21,-0.4592,-1.0308,0.1621,0.4015,0.229,0.1037,2049
21,-0.439,-1.0024,0.0757,0.3875,0.3334,0.1051,2047
21,-0.376,-0.9727,0.0115,0.382,0.3638,0.0792,2040
22,-0.2803,-0.9241,-0.042,0.4057,0.3084,0.0411,2045
22,-0.2114,-0.9141,-0.0581,0.4224,0.24,0.0222,2042
22,-0.1763,-0.9121,-0.0747,0.4117,0.1762,0.0085,2044
22,-0.1785,-0.8872,-0.0591,0.398,0.0365,-0.0185,2044
22,-0.1699,-0.8652,-0.043,0.38,-0.0377,-0.0487,2041
22,-0.1919,-0.8623,-0.0352,0.3394,-0.0613,-0.0838,2058
22,-0.2302,-0.8347,-0.0483,0.3191,-0.077,-0.1186,2041
22,-0.2883,-0.7754,-0.0579,0.3364,-0.089,-0.1372,2037
22,-0.2837,-0.7852,-0.1138,0.2996,-0.0722,-0.1834,2041
22,-0.2393,-0.7546,-0.1047,0.3115,-0.0232,-0.2199,2052
22,-0.2722,-0.687,-0.1089,0.3193,0.0667,-0.2252,2056
22,-0.2324,-0.6743,-0.0959,0.314,0.0266,-0.2432,2037
22,-0.217,-0.6514,-0.0989,0.2936,0.0407,-0.2533,2037
22,-0.2202,-0.6333,-0.0874,0.2899,0.0051,-0.2627,2045
22,-0.2351,-0.6042,-0.0879,0.2922,-0.0161,-0.2603,2047
22,-0.2563,-0.6135,-0.1013,0.3155,-0.0463,-0.2634,2040
22,-0.2849,-0.6404,-0.0894,0.3472,-0.0658,-0.2669,2057
22,-0.3149,-0.6401,-0.1035,0.3468,-0.0906,-0.2727,2050
22,-0.323,-0.6594,-0.0752,0.3313,-0.0838,-0.2705,2038
22,-0.3362,-0.6809,-0.0544,0.3181,-0.1045,-0.263,2043
22,-0.3379,-0.6921,-0.0425,0.31,-0.1111,-0.2751,2043
22,-0.3184,-0.7256,-0.0432,0.33,-0.1246,-0.3061,2059
22,-0.2981,-0.7646,-0.0503,0.373,-0.1289,-0.337,2081
22,-0.3091,-0.8228,-0.0498,0.3942,-0.1768,-0.3563,2056
22,-0.3071,-0.8826,-0.0349,0.3936,-0.2316,-0.3838,2041
22,-0.2834,-0.9607,-0.0352,0.3761,-0.3076,-0.4027,2032
22,-0.301,-1.0706,-0.0056,0.3611,-0.3462,-0.414,2051
22,-0.342,-1.1379,0.0413,0.352,-0.402,-0.4125,2040
22,-0.353,-1.1506,0.0879,0.3091,-0.3241,-0.4398,2074
22,-0.3333,-1.1675,0.1008,0.2703,-0.2111,-0.4771,2038
22,-0.3059,-1.1826,0.1182,0.2495,-0.1221,-0.52,2040
22,-0.3025,-1.1956,0.1299,0.2654,-0.0491,-0.5401,2034
22,-0.3352,-1.2542,0.1611,0.2606,-0.0353,-0.534,2056
22,-0.3716,-1.3091,0.1924,0.2017,0.0569,-0.5408,2056
22,-0.3977,-1.325,0.2385,0.1333,0.0614,-0.5456,2053
22,-0.3616,-1.2922,0.2795,0.0427,0.0461,-0.548,2022
22,-0.3479,-1.2925,0.2615,-0.0189,0.0808,-0.5621,2046
22,-0.3425,-1.3188,0.2861,-0.0152,0.0076,-0.5691,2059
22,-0.3572,-1.3984,0.239,-0.0352,-0.0489,-0.5576,2047
22,-0.3923,-1.4846,0.199,-0.0478,-0.1232,-0.5513,2050
22,-0.3926,-1.5413,0.1423,-0.0619,-0.1946,-0.5589,2042
22,-0.3899,-1.5691,0.0945,-0.0715,-0.2309,-0.5349,2023
22,-0.3818,-1.5796,0.0549,-0.068,-0.1598,-0.5002,2046
22,-0.364,-1.5422,0.0566,-0.0642,-0.0232,-0.4797,2051
22,-0.3042,-1.4612,0.0818,-0.0471,0.1573,-0.4891,2051
22,-0.2209,-1.3418,0.1001,-0.0107,0.3175,-0.5229,2052
22,-0.1663,-1.2791,0.116,-0.0041,0.2586,-0.5113,2065
22,-0.1321,-1.2295,0.1562,0.0065,0.1613,-0.452,2056
22,-0.2058,-1.2104,0.1528,-0.0011,0.0021,-0.3465,2051
22,-0.2361,-1.2078,0.1631,-0.0292,-0.1095,-0.2493,2051
22,-0.2571,-1.2097,0.1731,-0.0674,-0.1385,-0.1756,2046
22,-0.2576,-1.2166,0.156,-0.1087,-0.1364,-0.1209,2045
22,-0.2532,-1.2488,0.1653,-0.1993,-0.1499,-0.1092,2049
22,-0.2375,-1.1501,0.0923,-0.1744,-0.1345,-0.0678,2036
22,-0.1907,-1.1851,0.0664,-0.2854,-0.1318,-0.059,2040
22,-0.2224,-1.0767,-0.0825,-0.2641,-0.0589,-0.0168,2064
22,-0.2129,-1.072,-0.1292,-0.2091,-0.0353,0.0241,2054
22,-0.209,-1.0522,-0.157,-0.1443,-0.0676,0.0457,2032
22,-0.2087,-1.063,-0.1968,-0.0822,-0.0176,0.0621,2054
22,-0.2197,-1.0774,-0.2012,-0.0559,0.0443,0.0743,2053
22,-0.1846,-1.0942,-0.1863,-0.0605,0.0735,0.087,2037
22,-0.1189,-1.0654,-0.1648,-0.0643,0.0473,0.0699,2042
22,-0.0693,-1.032,-0.1167,-0.0754,-0.0381,0.0623,2049
22,-0.0447,-1.0044,-0.0659,-0.074,-0.1048,0.0466,2047
22,-0.0723,-0.9814,-0.0393,-0.0906,-0.1611,0.0423,2053
22,-0.1328,-0.9507,-0.0491,-0.112,-0.1888,0.0466,2049
22,-0.1721,-0.9258,-0.0625,-0.1173,-0.1996,0.0515,2059
22,-0.2,-0.9089,-0.0967,-0.1214,-0.2109,0.0413,2041
22,-0.2124,-0.8806,-0.0989,-0.1163,-0.2265,0.0384,2040
22,-0.2109,-0.8645,-0.1235,-0.1132,-0.2669,0.0551,2039
22,-0.1812,-0.7998,-0.1531,-0.1702,-0.2358,0.0554,2057
22,-0.2109,-0.8267,-0.1326,-0.0943,-0.2474,0.0763,2060
22,-0.2122,-0.7957,-0.136,-0.0312,-0.2278,0.0738,2032
22,-0.2068,-0.7908,-0.156,0.0381,-0.206,0.0583,2034
22,-0.1846,-0.781,-0.1492,0.1004,-0.2334,0.0565,2042
22,-0.1863,-0.7615,-0.1377,0.1252,-0.2429,0.039,2052
22,-0.2168,-0.7988,-0.1028,0.1993,-0.3286,0.0923,2029
22,-0.2378,-0.8213,-0.0872,0.2365,-0.3344,0.1249,2073
22,-0.2261,-0.8643,-0.043,0.2173,-0.3629,0.14,2106
22,-0.1909,-0.8782,-0.0273,0.2468,-0.4163,0.1778,2053
22,-0.2026,-0.95,0.0166,0.2472,-0.4501,0.1834,2045
22,-0.1838,-0.9983,0.0139,0.2461,-0.4907,0.1888,2051
22,-0.1995,-1.0901,0.0134,0.3145,-0.6043,0.238,2038
22,-0.2258,-1.1885,0.0239,0.3037,-0.6295,0.2731,2132
22,-0.2625,-1.2642,0.063,0.2747,-0.6521,0.304,2035
22,-0.2734,-1.3308,0.0764,0.2124,-0.5149,0.2938,1991
22,-0.2922,-1.3977,0.0198,0.2746,-0.3575,0.2507,2080
22,-0.2583,-1.4331,-0.0071,0.2848,-0.2157,0.2145,2037
22,-0.2141,-1.4988,0.0044,0.2982,-0.1559,0.1971,2066
22,-0.2051,-1.6082,0.0186,0.3129,-0.1374,0.1988,2056
22,-0.2,-1.6899,0.0537,0.3015,-0.1338,0.18,2053
22,-0.1887,-1.6792,0.0649,0.2723,-0.2104,0.1521,2041
22,-0.2114,-1.5837,0.1008,0.2703,-0.3087,0.124,2048
22,-0.2478,-1.5247,0.0723,0.322,-0.3651,0.1141,2050
22,-0.2952,-1.5161,0.0806,0.3489,-0.3543,0.1515,2047
22,-0.314,-1.531,0.1213,0.3999,-0.2768,0.1565,2074
22,-0.3093,-1.6035,0.1538,0.4055,-0.1942,0.1645,2031
22,-0.3638,-1.6077,0.1797,0.4172,-0.0703,0.1124,2033
22,-0.4028,-1.5703,0.2307,0.4032,-0.0104,0.0454,2051
22,-0.3362,-1.5386,0.2051,0.4004,-0.051,0.0274,2044
22,-0.3037,-1.4956,0.168,0.3753,-0.1775,0.0422,2039
22,-0.2771,-1.4902,0.1689,0.3388,-0.391,0.1228,2044
22,-0.2634,-1.4761,0.2112,0.2802,-0.5786,0.2414,2045
23,-0.2722,-1.384,0.2661,0.2217,-0.6287,0.3211,2050
23,-0.2854,-1.2029,0.3115,0.1918,-0.5351,0.3416,2033
23,-0.2969,-1.0334,0.3394,0.1806,-0.3542,0.3292,2039
23,-0.2947,-0.9353,0.3831,0.1932,-0.1273,0.3031,2052
23,-0.2917,-0.9419,0.3748,0.1936,0.0012,0.314,2041
23,-0.2986,-0.9731,0.3301,0.1743,0.0921,0.3369,2040
23,-0.3174,-0.9956,0.2634,0.1349,0.1004,0.3583,2032
23,-0.281,-1.0286,0.2158,0.0804,0.0539,0.3938,2043
23,-0.251,-1.0317,0.167,0.0551,0.0336,0.4229,2041
23,-0.2793,-1.0071,0.0789,0.0154,0.0321,0.4251,2041
23,-0.2041,-0.9685,0.04,-0.0023,-0.0617,0.4149,2051
23,-0.2026,-0.8872,0.0066,0.0197,0.0405,0.4063,2058
23,-0.2065,-0.8591,-0.0378,0.0888,0.033,0.3974,2038
23,-0.2151,-0.8589,-0.0825,0.0646,0.0562,0.3769,2051
23,-0.1997,-0.865,-0.0867,0.0545,0.0866,0.3241,2052
23,-0.1416,-0.8801,-0.0774,0.0603,0.0407,0.2859,2039
23,-0.1663,-0.8508,-0.0757,0.0395,0.0409,0.2775,2048
23,-0.1877,-0.842,-0.062,0.0025,-0.0354,0.2555,2042
23,-0.1709,-0.8235,-0.071,-0.061,-0.1009,0.2116,2059
23,-0.156,-0.7654,-0.0757,-0.0716,-0.0956,0.1661,2040
23,-0.1792,-0.7151,-0.051,-0.0662,-0.1108,0.1551,2046
23,-0.2095,-0.679,-0.0813,-0.0615,-0.1204,0.1479,2040
23,-0.2063,-0.6631,-0.1155,-0.0522,-0.1273,0.137,2043
23,-0.1819,-0.6545,-0.0837,-0.059,-0.1197,0.1224,2056
23,-0.1655,-0.6389,-0.0676,-0.0792,-0.1233,0.1182,2047
23,-0.1428,-0.646,-0.0498,-0.1171,-0.1369,0.1332,2043
23,-0.1572,-0.6409,-0.0508,-0.14,-0.1637,0.1446,2051
23,-0.1821,-0.6375,-0.0098,-0.1361,-0.176,0.1471,2049
23,-0.2214,-0.6501,-0.0259,-0.0776,-0.1494,0.1208,2052
23,-0.2532,-0.6819,-0.0527,-0.0296,-0.0917,0.0831,2036
23,-0.2927,-0.7166,-0.0417,0.0301,-0.0447,0.061,2060
23,-0.3167,-0.7925,-0.0771,0.0684,0.0503,0.0356,2053
23,-0.3254,-0.8442,-0.0696,0.1047,0.0734,0.0112,2073
23,-0.3403,-0.9314,-0.0476,0.1196,0.0202,-0.0144,2025
23,-0.3281,-0.981,-0.019,0.1164,-0.0683,-0.0478,2049
23,-0.3057,-1.0215,-0.0234,0.1545,-0.2087,-0.0836,2060
23,-0.3826,-1.1021,-0.0359,0.1562,-0.2735,-0.0823,2063
23,-0.4375,-1.1387,0.0476,0.1473,-0.3061,-0.0956,2015
23,-0.4082,-1.1787,0.1306,0.1605,-0.2137,-0.1254,2044
23,-0.4392,-1.2263,0.1602,0.1673,0.0024,-0.1469,2073
23,-0.4934,-1.2734,0.1956,0.179,0.1892,-0.1932,2072
23,-0.4478,-1.3347,0.2183,0.1985,0.3306,-0.2587,2058
23,-0.4375,-1.3755,0.2168,0.1368,0.3346,-0.2834,2045
23,-0.4529,-1.3958,0.1833,0.0571,0.2994,-0.2667,2054
23,-0.4492,-1.394,0.1521,-0.0021,0.2631,-0.267,2042
23,-0.4099,-1.3687,0.1736,-0.0545,0.2092,-0.2575,2064
23,-0.3794,-1.3628,0.1682,-0.0531,0.2108,-0.2615,2059
23,-0.3645,-1.4844,0.1345,-0.0487,0.1891,-0.2713,2045
23,-0.3792,-1.5906,0.1204,-0.0587,0.1537,-0.2968,2046
23,-0.4116,-1.6353,0.0679,-0.0714,0.1296,-0.3337,2047
23,-0.4529,-1.6826,0.0342,-0.0714,0.1285,-0.3263,2050
23,-0.4395,-1.7114,0.0496,-0.0835,0.0852,-0.3083,2054
23,-0.3479,-1.6335,0.0635,-0.1328,0.0497,-0.2851,2051
23,-0.2803,-1.4661,0.0842,-0.174,0.0855,-0.2594,2016
23,-0.2419,-1.292,0.1116,-0.2167,0.0836,-0.2211,2053
23,-0.1926,-1.1953,0.1313,-0.2377,0.074,-0.1876,2064
23,-0.1794,-1.1707,0.1545,-0.2029,0.0792,-0.1589,2061
23,-0.231,-1.1982,0.158,-0.1697,-0.0044,-0.088,2068
23,-0.2668,-1.218,0.1199,-0.1673,-0.1129,-0.0442,2039
23,-0.2798,-1.2163,0.1008,-0.1437,-0.1376,-0.0202,2045
23,-0.3123,-1.2012,0.0801,-0.1447,-0.1511,0.0158,2030
23,-0.3152,-1.1631,0.0566,-0.1649,-0.1774,0.0495,2040
23,-0.3042,-1.0955,0.0251,-0.177,-0.2005,0.0615,2046
23,-0.292,-1.1021,-0.0034,-0.1731,-0.2181,0.0866,2040
23,-0.251,-1.1189,-0.061,-0.2764,-0.2446,0.0876,2058
23,-0.2314,-1.0767,-0.0872,-0.1602,-0.2454,0.1087,2045
23,-0.1992,-1.0654,-0.103,-0.1443,-0.2726,0.1148,2044
23,-0.1875,-1.0632,-0.1111,-0.135,-0.3092,0.1084,2042
23,-0.1533,-1.0466,-0.1094,-0.1064,-0.3249,0.0965,2041
23,-0.1367,-1.0154,-0.1221,-0.1013,-0.314,0.0987,2062
23,-0.1226,-0.9705,-0.1069,-0.1067,-0.2996,0.0959,2057
23,-0.0977,-0.9436,-0.1021,-0.1028,-0.3171,0.0759,2038
23,-0.0757,-0.9304,-0.0969,-0.1147,-0.3195,0.0662,2047
23,-0.0901,-0.8936,-0.0889,-0.1212,-0.3115,0.0691,2044
23,-0.1333,-0.8528,-0.1011,-0.1226,-0.3109,0.0654,2055
23,-0.1416,-0.8301,-0.0784,-0.1269,-0.3183,0.0399,2040
23,-0.1694,-0.7935,-0.0857,-0.1213,-0.3382,0.0487,2054
23,-0.2107,-0.7708,-0.1218,-0.0953,-0.3346,0.0462,2058
23,-0.2371,-0.7485,-0.1277,-0.0672,-0.3361,0.0487,2040
23,-0.2312,-0.7388,-0.1482,-0.0176,-0.3465,0.0475,2039
23,-0.2366,-0.7288,-0.1653,0.0153,-0.3164,0.065,2031
23,-0.218,-0.7395,-0.1816,0.0298,-0.3183,0.0595,2044
23,-0.1787,-0.7397,-0.1724,0.0598,-0.3235,0.0611,2041
23,-0.1821,-0.7207,-0.1731,0.1285,-0.3377,0.0442,2023
23,-0.1763,-0.7266,-0.1511,0.2015,-0.3629,0.0377,2028
23,-0.1938,-0.7512,-0.1323,0.2778,-0.386,0.0281,2028
23,-0.2151,-0.7908,-0.1221,0.3514,-0.3867,0.0229,2049
23,-0.2412,-0.8301,-0.1111,0.389,-0.4265,0.0218,2036
23,-0.2563,-0.887,-0.106,0.4428,-0.4167,0.0071,2042
23,-0.2642,-0.9565,-0.1125,0.4582,-0.4289,-0.0069,2054
23,-0.2649,-1.0337,-0.1145,0.4924,-0.4681,-0.0172,2043
23,-0.2859,-1.1101,-0.1294,0.5401,-0.4568,-0.0358,2070
23,-0.2764,-1.1619,-0.0972,0.5606,-0.4583,-0.0565,2034
23,-0.2646,-1.2476,-0.1099,0.589,-0.4496,-0.0603,2034
23,-0.2622,-1.3347,-0.0642,0.5658,-0.4175,-0.0602,2047
23,-0.2385,-1.4475,-0.0186,0.5104,-0.3551,-0.0653,2059
23,-0.2158,-1.5359,0.0669,0.4621,-0.3033,-0.0983,2049
23,-0.199,-1.5823,0.1001,0.39,-0.2296,-0.1483,2039
23,-0.1924,-1.595,0.1501,0.3292,-0.2281,-0.1764,2053
23,-0.2358,-1.6079,0.126,0.2896,-0.2207,-0.1991,2043
23,-0.2932,-1.6104,0.0798,0.2691,-0.1784,-0.2112,2043
23,-0.3687,-1.5728,0.0518,0.2866,-0.1313,-0.1969,2064
24,-0.4114,-1.5344,0.033,0.3015,-0.1328,-0.163,2047
24,-0.3906,-1.5247,0.0276,0.3516,-0.1959,-0.1443,2055
24,-0.3535,-1.6475,0.0703,0.3804,-0.2119,-0.0988,2049
24,-0.3643,-1.7114,0.1375,0.4121,-0.2204,-0.1196,2052
24,-0.3882,-1.6826,0.1946,0.3916,-0.3208,-0.1723,2061
24,-0.4058,-1.603,0.2087,0.3932,-0.4145,-0.1671,2042
24,-0.4404,-1.5576,0.1978,0.4008,-0.4773,-0.1437,2048
24,-0.4468,-1.5208,0.2012,0.445,-0.5922,-0.0943,2057
24,-0.4414,-1.5015,0.1775,0.4747,-0.6259,-0.0108,2045
24,-0.4189,-1.4626,0.2112,0.4959,-0.5635,0.0768,2046
24,-0.3682,-1.4011,0.2883,0.4871,-0.4221,0.1458,2048
24,-0.2805,-1.2947,0.3342,0.4647,-0.2398,0.167,2048
24,-0.2222,-1.146,0.3821,0.4228,-0.1398,0.1782,2041
24,-0.1975,-1.0247,0.3928,0.4169,-0.1071,0.1758,2062
24,-0.2588,-0.9783,0.4004,0.3856,-0.1619,0.222,2045
24,-0.355,-0.9675,0.3792,0.3326,-0.2262,0.2733,2047
24,-0.3906,-0.9836,0.3215,0.2768,-0.2457,0.2995,2041
24,-0.3713,-0.9827,0.2417,0.2388,-0.1633,0.3293,2040
24,-0.3379,-0.9727,0.1736,0.2452,-0.0699,0.3533,2037
24,-0.2673,-0.9597,0.1299,0.2113,0.0213,0.3665,2045
24,-0.1555,-0.9521,0.1292,0.1755,0.0502,0.3754,2052
24,-0.0864,-0.938,0.0955,0.1477,0.1016,0.3737,2042
24,-0.0623,-0.9165,0.0896,0.1461,0.1554,0.3334,2040
24,-0.071,-0.8867,0.0935,0.1305,0.1537,0.3049,2039
24,-0.0962,-0.877,0.0557,0.1096,0.1928,0.2647,2044
24,-0.1191,-0.8464,-0.0168,0.1294,0.2224,0.1977,2052
24,-0.1431,-0.8198,-0.0483,0.153,0.1583,0.1314,2047
24,-0.1995,-0.8154,-0.1121,0.1388,0.1667,0.0744,2048
24,-0.1711,-0.811,-0.1567,0.161,0.0928,0.0142,2048
24,-0.1682,-0.7976,-0.1836,0.1127,0.0434,-0.0153,2048
24,-0.1294,-0.7505,-0.1296,0.1048,-0.0682,-0.0609,2042
24,-0.1182,-0.7126,-0.0376,0.1276,-0.151,-0.0742,2037
24,-0.157,-0.6709,-0.0388,0.0735,-0.149,-0.0914,2032
24,-0.1584,-0.6431,-0.0349,0.0455,-0.1443,-0.1454,2071
24,-0.0991,-0.6074,-0.0259,0.0686,-0.135,-0.187,2062
24,-0.1052,-0.5784,-0.0273,0.0957,-0.1121,-0.2195,2035
24,-0.1038,-0.5913,-0.054,0.0923,-0.0903,-0.247,2050
24,-0.1096,-0.613,-0.0693,0.082,-0.0499,-0.2653,2056
24,-0.1523,-0.6265,-0.0779,0.0838,-0.038,-0.2599,2035
24,-0.199,-0.6418,-0.0955,0.085,-0.0321,-0.2555,2059
24,-0.2314,-0.656,-0.1279,0.1236,-0.0254,-0.263,2040
24,-0.2749,-0.6741,-0.1453,0.1704,0.0032,-0.2714,2075
24,-0.3049,-0.7373,-0.1479,0.2076,0.0269,-0.2629,2020
24,-0.3252,-0.783,-0.0688,0.2108,0.0549,-0.2729,2069
24,-0.2957,-0.8572,-0.0059,0.2176,0.0474,-0.2775,2045
24,-0.292,-0.968,0.021,0.1979,0.0511,-0.287,2027
24,-0.2576,-1.0361,0.0916,0.1839,-0.0386,-0.3096,2041
24,-0.3176,-1.0754,0.1172,0.2593,0.0132,-0.2747,2043
24,-0.4304,-1.0903,0.1155,0.1891,0.1132,-0.241,2073
24,-0.3916,-1.1541,0.1599,0.2129,0.1944,-0.2918,2023
24,-0.3901,-1.1487,0.2024,0.1995,0.2842,-0.3104,2050
24,-0.4238,-1.1772,0.1763,0.2276,0.3019,-0.304,2006
24,-0.4543,-1.231,0.1912,0.1533,0.2424,-0.2888,2033
24,-0.4143,-1.3132,0.2349,0.1226,0.1172,-0.2791,2032
24,-0.3967,-1.3984,0.2505,0.1023,0.0902,-0.2398,2050
24,-0.3845,-1.438,0.2456,0.0302,0.0734,-0.2278,2037
24,-0.3333,-1.4326,0.2415,-0.0475,0.131,-0.2594,2064
24,-0.2883,-1.3887,0.2153,-0.0866,0.1896,-0.2792,2011
24,-0.2786,-1.3696,0.1343,-0.0787,0.2671,-0.2691,2041
24,-0.3125,-1.4692,0.1265,-0.0752,0.2589,-0.2473,2031
24,-0.3604,-1.5981,0.0664,-0.0871,0.2955,-0.2502,2039
24,-0.3853,-1.728,0.0811,-0.1132,0.3333,-0.237,2039
24,-0.3494,-1.8152,0.0747,-0.1125,0.3966,-0.223,2029
24,-0.2773,-1.7874,0.0813,-0.1522,0.3995,-0.2509,2037
24,-0.1846,-1.6699,0.105,-0.208,0.3103,-0.251,2054
24,-0.1484,-1.5017,0.1033,-0.2127,0.2795,-0.2654,2029
24,-0.1335,-1.375,0.1033,-0.2039,0.1755,-0.2635,2024
24,-0.1558,-1.2983,0.1001,-0.1699,0.1019,-0.2385,2038
24,-0.1768,-1.2327,0.0918,-0.1398,0.0198,-0.1868,2042
24,-0.2087,-1.2029,0.1262,-0.0992,-0.0662,-0.104,2052
24,-0.1965,-1.2219,0.1748,-0.0814,-0.0847,-0.0437,2041
24,-0.1948,-1.2114,0.2273,-0.0836,-0.0916,0.0153,2048
24,-0.1943,-1.2068,0.2471,-0.0977,-0.1009,0.0649,2047
24,-0.2087,-1.1621,0.2358,-0.1167,-0.0698,0.0939,2043
24,-0.2175,-1.0991,0.2065,-0.1222,-0.0426,0.1346,2055
24,-0.238,-1.0808,0.1538,-0.1222,0.0455,0.1778,2048
24,-0.2681,-1.0391,0.0518,-0.0806,0.1145,0.1964,2038
24,-0.2437,-1.01,-0.022,-0.036,0.1594,0.2112,2048
24,-0.21,-0.9819,-0.0576,0.0077,0.2125,0.2429,2047
24,-0.1941,-0.9807,-0.104,0.0519,0.2706,0.2617,2042
24,-0.1694,-0.9817,-0.0942,0.0517,0.29,0.2655,2054
24,-0.095,-0.9761,-0.1152,0.0526,0.2674,0.2453,2045
24,-0.0256,-0.9631,-0.082,0.0722,0.2565,0.212,2055
24,-0.0125,-0.9397,-0.0874,0.0656,0.1975,0.1983,2047
24,-0.0339,-0.9099,-0.0728,0.0503,0.1241,0.1912,2050
24,-0.0725,-0.9036,-0.0671,0.03,0.0678,0.1955,2060
24,-0.1167,-0.8738,-0.0835,0.0133,0.0262,0.1787,2038
24,-0.1404,-0.8416,-0.1343,0.0302,-0.0016,0.1606,2032
24,-0.1707,-0.8132,-0.1377,0.0433,-0.0173,0.1389,2045
24,-0.1707,-0.8137,-0.1677,0.0265,-0.0498,0.1451,2049
24,-0.1565,-0.8123,-0.1492,0.0144,-0.0567,0.1442,2042
24,-0.1326,-0.8149,-0.1316,0.0043,-0.0704,0.1334,2052
24,-0.1255,-0.7869,-0.1523,-0.0148,-0.1216,0.1172,2053
24,-0.1218,-0.7622,-0.1746,0.0534,-0.1728,0.1057,2021
24,-0.1492,-0.7661,-0.1934,0.1302,-0.2232,0.0762,2050
24,-0.1614,-0.7856,-0.1694,0.2048,-0.2539,0.0767,2052
24,-0.2068,-0.8193,-0.1614,0.2199,-0.2862,0.0951,2017
24,-0.23,-0.8452,-0.1555,0.2713,-0.3316,0.0762,2048
24,-0.2039,-0.9214,-0.1243,0.2741,-0.3934,0.0955,2067
24,-0.208,-1.009,-0.072,0.2798,-0.4553,0.1023,2050
24,-0.1982,-1.0964,0.002,0.3271,-0.5248,0.1051,2050
24,-0.25,-1.1995,0.001,0.312,-0.5465,0.1069,2048
24,-0.2881,-1.2334,0.0486,0.3085,-0.5639,0.0767,2061
25,-0.2744,-1.252,0.0676,0.3338,-0.5568,0.069,2041
25,-0.3008,-1.3176,0.0249,0.395,-0.4602,0.0818,2017
25,-0.3264,-1.3928,0.0264,0.442,-0.4015,0.0839,2029
25,-0.3083,-1.4602,0.0398,0.4405,-0.3992,0.0819,2060
25,-0.2749,-1.522,0.0586,0.4304,-0.3373,0.0872,2062
25,-0.2686,-1.5972,0.1328,0.4221,-0.2699,0.0839,2041
25,-0.2388,-1.6492,0.1797,0.4161,-0.2173,0.0874,2067
25,-0.2861,-1.6304,0.1726,0.4042,-0.1598,0.0863,2043
25,-0.3203,-1.5459,0.1655,0.4285,-0.1366,0.0939,2025
25,-0.3433,-1.4731,0.1553,0.4837,-0.1445,0.1224,2049
25,-0.3267,-1.4624,0.1924,0.5108,-0.1891,0.1968,2032
25,-0.3203,-1.4546,0.2615,0.5317,-0.1677,0.2441,2034
25,-0.3257,-1.4741,0.3083,0.5484,-0.174,0.2671,2049
25,-0.3762,-1.4646,0.2878,0.5821,-0.0762,0.1938,2035
25,-0.3633,-1.4668,0.2859,0.5754,-0.1198,0.1241,2038
25,-0.3286,-1.498,0.23,0.5626,-0.2673,0.0959,2037
25,-0.2983,-1.5449,0.1506,0.5235,-0.5504,0.1338,2051
25,-0.2747,-1.5342,0.1614,0.4691,-0.744,0.2402,2037
25,-0.3206,-1.407,0.1985,0.4088,-0.6899,0.3364,2053
25,-0.332,-1.2571,0.3127,0.4007,-0.4117,0.3987,2039
25,-0.3174,-1.1477,0.4143,0.4091,-0.0012,0.3605,2046
25,-0.2007,-1.0476,0.4421,0.3635,0.2425,0.3013,2025
25,-0.178,-0.9702,0.4304,0.3107,0.3024,0.2726,2035
25,-0.1858,-0.9556,0.3748,0.2567,0.2398,0.2448,2043
25,-0.2471,-0.908,0.3435,0.2297,0.2019,0.2791,2042
25,-0.3682,-0.9358,0.2874,0.2425,0.1807,0.2915,2049
25,-0.4365,-0.9753,0.1724,0.2149,0.3039,0.3089,2057
25,-0.4226,-0.9729,0.0708,0.1888,0.3539,0.2854,2034
25,-0.3008,-0.9255,0.031,0.1902,0.4121,0.2558,2055
25,-0.2544,-0.8501,0.05,0.2441,0.455,0.2494,2027
25,-0.2334,-0.8184,0.0686,0.251,0.4108,0.2631,2059
25,-0.1697,-0.8289,0.0466,0.1663,0.34,0.2678,2051
25,-0.1228,-0.8162,0.0703,0.1531,0.3165,0.2301,2036
25,-0.0989,-0.7981,0.0605,0.1626,0.2691,0.2056,2043
25,-0.1421,-0.8184,0.0259,0.1059,0.2063,0.1942,2042
25,-0.196,-0.8145,-0.0261,0.0953,0.1225,0.1479,2039
25,-0.2573,-0.7756,-0.1021,0.1561,0.0822,0.0803,2039
25,-0.3174,-0.7678,-0.1597,0.1918,0.1478,0.03,2055
25,-0.3445,-0.7549,-0.1853,0.1976,0.1879,0.0201,2039
25,-0.2935,-0.751,-0.1406,0.1838,0.2599,0.0061,2044
25,-0.2588,-0.7073,-0.0994,0.1734,0.2906,-0.0123,2053
25,-0.2202,-0.6838,-0.0581,0.1245,0.241,-0.0174,2039
25,-0.1292,-0.6558,-0.0142,0.0852,0.1772,-0.0429,2042
25,-0.0886,-0.6382,-0.0107,0.0301,0.0646,-0.0356,2043
25,-0.1213,-0.626,0.0002,-0.0027,-0.0467,-0.0358,2038
25,-0.2,-0.6169,-0.0432,0.0037,-0.1076,-0.0433,2048
25,-0.2773,-0.6169,-0.0779,0.025,-0.091,-0.0762,2049
25,-0.364,-0.6384,-0.1257,0.0976,0.0338,-0.1334,2040
25,-0.4229,-0.6687,-0.1399,0.119,0.1593,-0.1365,2063
25,-0.4199,-0.6968,-0.1157,0.1171,0.3171,-0.141,2037
25,-0.3862,-0.739,-0.0469,0.1115,0.3741,-0.1497,2038
25,-0.3132,-0.7588,-0.0073,0.1354,0.369,-0.1611,2115
25,-0.3369,-0.8008,0.0176,0.1457,0.3678,-0.1766,2057
25,-0.3528,-0.8606,0.0276,0.1583,0.3578,-0.1593,2043
25,-0.3542,-0.9626,0.0508,0.1374,0.3569,-0.1426,2109
25,-0.3684,-1.0403,0.0818,0.1643,0.4143,-0.1386,2011
25,-0.4653,-1.0754,0.0264,0.1563,0.4801,-0.1446,2039
25,-0.5332,-1.1133,0.0579,0.2049,0.4761,-0.1719,2067
25,-0.5405,-1.1626,0.1042,0.2063,0.6399,-0.2199,2091
25,-0.5698,-1.2102,0.1462,0.1944,0.719,-0.2554,2030
25,-0.5425,-1.2439,0.1729,0.1814,0.6861,-0.2843,2026
25,-0.5325,-1.2542,0.2061,0.187,0.6693,-0.3077,2053
25,-0.5227,-1.3176,0.2449,0.1545,0.7392,-0.2988,2038
25,-0.4724,-1.2981,0.2651,0.1421,0.6401,-0.2983,2099
25,-0.4351,-1.269,0.2449,0.129,0.5372,-0.3035,2021
25,-0.4958,-1.3008,0.2183,0.1155,0.4968,-0.3092,2072
25,-0.543,-1.3342,0.1899,0.0328,0.605,-0.299,2039
25,-0.4673,-1.3025,0.1829,0.0178,0.5686,-0.3177,2051
25,-0.4065,-1.3384,0.1567,-0.008,0.6349,-0.3309,2042
25,-0.3394,-1.4204,0.1978,-0.1304,0.5673,-0.2996,2018
25,-0.2957,-1.5518,0.2061,-0.1101,0.3678,-0.3141,2071
25,-0.2485,-1.6602,0.1919,-0.2277,0.0589,-0.2963,2038
25,-0.2434,-1.7371,0.1233,-0.2557,-0.1698,-0.3049,2038
25,-0.3428,-1.7393,0.0972,-0.2747,-0.3341,-0.2819,2035
25,-0.4155,-1.6304,0.0957,-0.3064,-0.3332,-0.2778,2057
25,-0.3599,-1.4829,0.0676,-0.3532,-0.1044,-0.2791,2029
25,-0.2371,-1.3618,0.0493,-0.4061,0.1241,-0.2874,2052
25,-0.187,-1.2925,0.0532,-0.4145,0.1746,-0.2946,2051
25,-0.1423,-1.2634,0.0854,-0.3956,0.177,-0.2725,2049
25,-0.1707,-1.2581,0.1143,-0.3864,0.0755,-0.1997,2054
25,-0.1775,-1.2891,0.1509,-0.4125,-0.1108,-0.1061,2057
25,-0.2144,-1.2441,0.1218,-0.4835,-0.2482,-0.0719,2058
25,-0.2715,-1.2227,0.123,-0.4827,-0.3321,-0.027,2059
25,-0.3281,-1.1489,0.0815,-0.4797,-0.3726,-0.0072,2039
25,-0.3965,-1.0559,0.0354,-0.4703,-0.2694,0.0268,2064
25,-0.4153,-1.0408,-0.0005,-0.4006,-0.1888,0.0378,2045
25,-0.3411,-1.0486,-0.0308,-0.3959,-0.1613,0.0407,2032
25,-0.2791,-0.9773,-0.083,-0.3581,-0.2361,0.1033,2039
25,-0.2361,-0.959,-0.0986,-0.3344,-0.3428,0.1494,2034
25,-0.198,-0.9351,-0.0891,-0.3229,-0.4469,0.183,2035
25,-0.1909,-0.9187,-0.0713,-0.297,-0.563,0.2089,2041
25,-0.1968,-0.907,-0.0854,-0.2587,-0.5902,0.2288,2051
25,-0.2275,-0.8796,-0.0591,-0.2256,-0.5464,0.2448,2045
25,-0.2681,-0.8503,-0.0911,-0.1549,-0.3967,0.2527,2046
25,-0.2866,-0.8284,-0.0935,-0.1164,-0.2048,0.2554,2036
25,-0.2449,-0.8384,-0.0906,-0.1005,-0.0874,0.2441,2035
25,-0.1621,-0.8455,-0.1145,-0.0941,-0.0491,0.233,2041
25,-0.1309,-0.8518,-0.134,-0.112,-0.1001,0.2481,2056
25,-0.1323,-0.8589,-0.1414,-0.1258,-0.2377,0.2567,2044
25,-0.1338,-0.8528,-0.1438,-0.1413,-0.3775,0.2653,2042
26,-0.1519,-0.8511,-0.1528,-0.1312,-0.4516,0.2734,2054
26,-0.1829,-0.8467,-0.1936,-0.1,-0.4663,0.2653,2047
26,-0.2163,-0.8435,-0.21,-0.0537,-0.4983,0.2484,2033
26,-0.2212,-0.8416,-0.2261,-0.0043,-0.4661,0.2252,2048
26,-0.2288,-0.8467,-0.249,0.0376,-0.4405,0.2013,2056
26,-0.2339,-0.8611,-0.2361,0.0565,-0.4346,0.186,2064
26,-0.218,-0.8809,-0.2344,0.0703,-0.4275,0.1606,2067
26,-0.2078,-0.9045,-0.2146,0.0903,-0.5022,0.1461,2045
26,-0.187,-0.9402,-0.1904,0.1024,-0.5943,0.1414,2055
26,-0.2002,-0.9915,-0.1746,0.1051,-0.6774,0.1497,2045
26,-0.2104,-1.0317,-0.1531,0.1143,-0.7723,0.1502,2050
26,-0.2471,-1.0732,-0.1306,0.138,-0.8256,0.1495,2097
26,-0.3,-1.1245,-0.1042,0.1338,-0.7646,0.1402,2062
26,-0.3511,-1.1399,-0.1201,0.1389,-0.6493,0.1217,2023
26,-0.3511,-1.189,-0.1436,0.1653,-0.5485,0.089,2069
26,-0.3281,-1.2405,-0.1135,0.1995,-0.483,0.0549,2074
26,-0.3345,-1.3196,-0.0818,0.2089,-0.4497,0.045,2047
26,-0.3552,-1.3948,-0.0386,0.2072,-0.4341,0.0417,2077
26,-0.3499,-1.3972,-0.0115,0.2285,-0.4328,0.0249,2049
26,-0.3665,-1.4092,-0.0044,0.2482,-0.3075,0.0312,2058
26,-0.397,-1.4058,0.0007,0.3184,-0.3107,0.0266,2065
26,-0.4548,-1.4487,-0.0244,0.3781,-0.2669,0.0453,2035
26,-0.4851,-1.4836,-0.0139,0.3714,-0.248,0.0947,2007
26,-0.4578,-1.4736,0.0198,0.4326,-0.3621,0.1085,2072
26,-0.4392,-1.4741,0.0486,0.4771,-0.3879,0.1591,2044
26,-0.4463,-1.4307,0.106,0.5183,-0.3666,0.1908,2042
26,-0.4421,-1.4136,0.1743,0.5679,-0.3617,0.2321,2026
26,-0.4685,-1.4495,0.2471,0.6107,-0.2939,0.2457,2048
26,-0.4785,-1.4419,0.2351,0.6252,-0.3374,0.2301,2045
26,-0.4675,-1.5239,0.1672,0.6002,-0.4382,0.2515,2064
26,-0.437,-1.5696,0.0667,0.5616,-0.6275,0.2613,2032
26,-0.3865,-1.5845,0.0088,0.549,-0.8315,0.2992,2042
26,-0.3674,-1.5808,-0.0144,0.5341,-0.9114,0.3647,2044
26,-0.3953,-1.5251,0.0542,0.503,-0.8491,0.4133,2040
26,-0.4023,-1.4092,0.1841,0.4809,-0.6134,0.4181,2051
26,-0.3179,-1.272,0.2808,0.4385,-0.3554,0.3983,2063
26,-0.2607,-1.1262,0.3413,0.3922,-0.2171,0.363,2040
26,-0.251,-1.0,0.3596,0.3789,-0.159,0.3462,2045
26,-0.2954,-0.9729,0.3523,0.3325,-0.2257,0.3518,2046
26,-0.345,-0.988,0.3459,0.2752,-0.2718,0.3777,2036
26,-0.4207,-1.0073,0.2932,0.2035,-0.2693,0.4014,2041
26,-0.4417,-0.9988,0.2329,0.182,-0.1565,0.4061,2065
26,-0.5142,-0.9712,0.1594,0.1393,0.0377,0.3936,2052
26,-0.3901,-0.9463,0.0693,0.1418,0.1814,0.3514,2049
26,-0.2539,-0.9189,0.0515,0.1876,0.3392,0.3177,2032
26,-0.2275,-0.8523,0.0222,0.2418,0.3289,0.3293,2044
26,-0.2107,-0.8679,0.0198,0.2498,0.1995,0.3362,2073
26,-0.1843,-0.8855,-0.0256,0.2175,0.0872,0.3192,2041
26,-0.2024,-0.8474,-0.0027,0.2621,-0.0049,0.279,2042
26,-0.2522,-0.8367,-0.0164,0.2814,-0.0794,0.2559,2046
26,-0.2903,-0.8362,-0.0278,0.2767,-0.0999,0.2364,2038
26,-0.3108,-0.8479,-0.0076,0.2562,-0.0979,0.1946,2053
26,-0.3091,-0.8337,-0.0146,0.2265,-0.0876,0.1575,2043
26,-0.3174,-0.7996,-0.022,0.2031,-0.0402,0.1398,2054
26,-0.3357,-0.7512,-0.0469,0.1896,-0.0001,0.1186,2031
26,-0.3174,-0.7292,-0.0654,0.1916,-0.0178,0.0874,2033
26,-0.2769,-0.7129,-0.0781,0.189,-0.0173,0.0629,2045
26,-0.2583,-0.6895,-0.0801,0.1802,-0.0478,0.0563,2043
26,-0.2673,-0.6689,-0.0962,0.1587,-0.1292,0.0557,2049
26,-0.2461,-0.655,-0.1113,0.133,-0.2594,0.0593,2041
26,-0.2588,-0.6443,-0.1262,0.119,-0.3095,0.0515,2045
26,-0.2942,-0.6279,-0.1213,0.1272,-0.2574,0.0459,2056
26,-0.3052,-0.6169,-0.1118,0.1365,-0.2537,0.0483,2053
26,-0.2781,-0.6421,-0.135,0.1185,-0.2852,0.0317,2041
26,-0.2708,-0.6597,-0.1306,0.1333,-0.3148,0.0075,2057
26,-0.2825,-0.6729,-0.0999,0.1289,-0.4245,0.0033,2043
26,-0.3076,-0.6792,-0.1072,0.1413,-0.5232,-0.0027,2032
26,-0.354,-0.6868,-0.1118,0.1661,-0.573,0.0065,2053
26,-0.3899,-0.717,-0.1108,0.1818,-0.557,-0.0087,2020
26,-0.3989,-0.7693,-0.0781,0.184,-0.4773,-0.0389,2065
26,-0.3967,-0.8352,-0.0496,0.1677,-0.4145,-0.0656,2046
26,-0.3511,-0.8818,-0.0349,0.1707,-0.4356,-0.069,2040
26,-0.3542,-0.957,-0.0156,0.1787,-0.404,-0.1135,2066
26,-0.354,-0.9807,-0.0061,0.179,-0.4725,-0.1412,2022
26,-0.3899,-1.0425,-0.0037,0.1196,-0.5883,-0.1566,2068
26,-0.3604,-1.0422,-0.0044,0.1336,-0.6264,-0.1722,2045
26,-0.394,-1.0959,0.0381,0.1178,-0.6449,-0.1678,2033
26,-0.406,-1.1638,0.0645,0.0703,-0.6221,-0.1575,2042
26,-0.4321,-1.2034,0.1267,0.0471,-0.5584,-0.1911,2032
26,-0.4746,-1.2334,0.1821,0.0545,-0.4762,-0.2453,2049
26,-0.5193,-1.2424,0.2483,-0.0072,-0.3671,-0.2486,2040
26,-0.6348,-1.2139,0.2341,0.0633,-0.3442,-0.2409,2044
26,-0.6292,-1.2529,0.2507,0.0653,-0.3002,-0.2464,2049
26,-0.6333,-1.2651,0.2258,0.0514,-0.2365,-0.2386,2046
26,-0.635,-1.2566,0.22,0.0493,-0.248,-0.2117,2044
26,-0.6047,-1.2786,0.166,0.0132,-0.2634,-0.2155,2062
26,-0.5398,-1.2664,0.1416,0.0241,-0.2521,-0.246,2059
26,-0.5232,-1.2341,0.0981,0.0328,-0.2396,-0.2578,2044
26,-0.4978,-1.2285,0.0608,0.0368,-0.2902,-0.245,2032
26,-0.4734,-1.2222,0.0581,0.0421,-0.2983,-0.2272,2039
26,-0.4661,-1.3982,0.0918,0.0679,-0.35,-0.1823,2029
26,-0.4399,-1.5354,0.1277,0.0209,-0.4324,-0.1693,2061
26,-0.4456,-1.5876,0.1555,-0.0033,-0.5035,-0.1673,2018
26,-0.4043,-1.6379,0.1694,-0.0539,-0.5016,-0.1658,2037
26,-0.3652,-1.6543,0.187,-0.1168,-0.5091,-0.1571,2047
26,-0.3499,-1.582,0.167,-0.2143,-0.5128,-0.1426,2055
26,-0.3093,-1.5002,0.1553,-0.2958,-0.4991,-0.1137,2062
26,-0.251,-1.4553,0.124,-0.3412,-0.4599,-0.0752,2041
26,-0.2148,-1.4155,0.1057,-0.3822,-0.4718,-0.0358,2048
26,-0.1628,-1.4138,0.1143,-0.4394,-0.5626,0.0216,2037
26,-0.1406,-1.4031,0.1152,-0.4822,-0.6537,0.0819,2049
26,-0.1672,-1.3479,0.1448,-0.5251,-0.7501,0.1706,2047
26,-0.2019,-1.2969,0.1519,-0.585,-0.8211,0.2453,2045
26,-0.2334,-1.2668,0.1335,-0.6216,-0.8344,0.3036,2042
26,-0.2498,-1.2651,0.1318,-0.6416,-0.7983,0.3293,2057
27,-0.2688,-1.2034,0.1035,-0.6754,-0.7461,0.3691,2045
27,-0.2664,-1.0942,0.0522,-0.6508,-0.6428,0.3794,2045
27,-0.271,-1.1013,0.0166,-0.661,-0.4928,0.4207,2038
27,-0.2673,-1.1377,0.0039,-0.7416,-0.4112,0.451,2056
27,-0.2241,-1.0571,-0.0176,-0.6618,-0.3875,0.4473,2049
27,-0.1663,-1.0239,-0.0608,-0.6718,-0.4176,0.4605,2040
27,-0.1243,-0.9978,-0.0723,-0.6942,-0.4283,0.4366,2039
27,-0.0945,-0.896,-0.1074,-0.5627,-0.4709,0.4003,2046
27,-0.0693,-0.8792,-0.1016,-0.5184,-0.5409,0.3971,2050
27,-0.1042,-0.8499,-0.1187,-0.5024,-0.605,0.4245,2046
27,-0.1235,-0.8306,-0.1018,-0.4936,-0.6867,0.451,2044
27,-0.1501,-0.8521,-0.0774,-0.5594,-0.8074,0.4578,2043
27,-0.1768,-0.7644,-0.1223,-0.5426,-0.8909,0.4786,2036
27,-0.1772,-0.7739,-0.1021,-0.5313,-1.0063,0.5015,2049
27,-0.2017,-0.7581,-0.1072,-0.5363,-1.0206,0.5104,2056
27,-0.1917,-0.8064,-0.0879,-0.6397,-1.0432,0.5345,2060
27,-0.2222,-0.7375,-0.1304,-0.4975,-1.0168,0.5235,2051
27,-0.1892,-0.7693,-0.1587,-0.4613,-0.9935,0.5119,2046
27,-0.2117,-0.7307,-0.2065,-0.4394,-1.0267,0.4978,2032
27,-0.2117,-0.7661,-0.1816,-0.3794,-1.0873,0.4887,2044
27,-0.1919,-0.7761,-0.2061,-0.348,-1.1259,0.496,2045
27,-0.2104,-0.7776,-0.2554,-0.3598,-1.2127,0.5204,2032
27,-0.2424,-0.8418,-0.2339,-0.2741,-1.2673,0.5169,2058
27,-0.2363,-0.8979,-0.2185,-0.2429,-1.3143,0.5201,2060
27,-0.2302,-0.9834,-0.1975,-0.3306,-1.3339,0.5261,2037
27,-0.3047,-0.9392,-0.2258,-0.1942,-1.2278,0.497,2033
27,-0.2795,-1.0015,-0.2102,-0.1631,-1.1619,0.45,2036
27,-0.2871,-1.0383,-0.2161,-0.1376,-1.1515,0.4088,2048
27,-0.2673,-1.082,-0.2085,-0.1035,-1.2034,0.3855,2012
27,-0.2734,-1.1216,-0.2317,-0.088,-1.2091,0.3727,2058
27,-0.2827,-1.1455,-0.2129,-0.09,-1.2745,0.355,2049
27,-0.2917,-1.1855,-0.2278,-0.1027,-1.3216,0.3416,2035
27,-0.3066,-1.2024,-0.2251,-0.1112,-1.3489,0.3422,2046
27,-0.333,-1.1987,-0.2051,-0.12,-1.3828,0.3494,2040
27,-0.3552,-1.1973,-0.1899,-0.0983,-1.338,0.3529,2054
27,-0.4009,-1.2068,-0.1858,-0.0763,-1.246,0.3497,2053
27,-0.3938,-1.2012,-0.187,-0.0672,-1.1461,0.3469,2043
27,-0.3901,-1.198,-0.1875,-0.0301,-1.0826,0.3289,2038
27,-0.3613,-1.1865,-0.1763,0.002,-1.0589,0.3183,2055
27,-0.3684,-1.1643,-0.1465,0.0208,-1.0774,0.3401,2068
27,-0.3569,-1.1499,-0.1638,0.0433,-1.1344,0.3694,2043
27,-0.3721,-1.1233,-0.1575,0.0788,-1.2408,0.4119,2056
27,-0.3965,-1.1243,-0.1506,0.0975,-1.3388,0.4798,2010
27,-0.425,-1.1414,-0.1545,0.1136,-1.3761,0.5323,2038
27,-0.4272,-1.1338,-0.1277,0.1009,-1.4115,0.5533,2041
27,-0.3865,-1.1404,-0.1013,0.1149,-1.4426,0.5674,2038
27,-0.377,-1.1389,-0.0857,0.1304,-1.3894,0.5926,2039
27,-0.4094,-1.1511,-0.0754,0.1408,-1.3547,0.6157,2046
27,-0.4153,-1.2,-0.074,0.1433,-1.358,0.6454,2022
27,-0.3999,-1.3264,-0.05,0.1409,-1.383,0.6778,2032
27,-0.3916,-1.4563,0.0159,0.1084,-1.4856,0.6923,2038
27,-0.3591,-1.5239,0.0583,0.0229,-1.6199,0.6761,2039
27,-0.3328,-1.5144,0.0879,-0.074,-1.7848,0.6588,2040
27,-0.3379,-1.5022,0.1455,-0.1614,-1.8936,0.6586,2022
27,-0.3572,-1.4736,0.1882,-0.2301,-1.9245,0.6658,2052
27,-0.4072,-1.4402,0.1838,-0.2776,-1.7488,0.6966,2041
27,-0.4338,-1.373,0.198,-0.3261,-1.4717,0.7122,2046
27,-0.3599,-1.2881,0.2041,-0.3642,-1.1644,0.7028,2040
27,-0.2593,-1.1714,0.2104,-0.3927,-1.0009,0.6794,2036
27,-0.1697,-1.0576,0.2141,-0.4679,-0.9871,0.6742,2041
27,-0.1724,-0.98,0.188,-0.5289,-1.0196,0.651,2048
27,-0.1968,-0.9275,0.1475,-0.5749,-1.0973,0.6922,2039
27,-0.2202,-0.9448,0.0891,-0.6311,-1.2264,0.7216,2043
27,-0.2532,-0.9543,0.0767,-0.6417,-1.3442,0.7403,2052
27,-0.3591,-0.9626,0.0459,-0.6996,-1.327,0.7347,2047
27,-0.3733,-0.9587,-0.0449,-0.6938,-1.3828,0.7437,2029
27,-0.2961,-1.0205,-0.0916,-0.7781,-1.4326,0.7064,2042
27,-0.3149,-0.979,-0.0876,-0.6968,-1.3942,0.6596,2028
27,-0.312,-0.9666,-0.0632,-0.624,-1.4034,0.6585,2038
27,-0.3286,-0.9456,-0.1519,-0.6698,-1.3655,0.6393,2049
27,-0.2341,-0.9578,-0.125,-0.6255,-1.3523,0.5504,2044
27,-0.1538,-0.9739,-0.0837,-0.5659,-1.3576,0.5019,2038
27,-0.1501,-0.9819,-0.0908,-0.5851,-1.3621,0.4681,2041
27,-0.1323,-1.0193,-0.0769,-0.5926,-1.4312,0.4073,2053
27,-0.1084,-1.0203,-0.0347,-0.6188,-1.5049,0.3497,2040
27,-0.1426,-0.9897,-0.0234,-0.6292,-1.5219,0.3135,2046
27,-0.2542,-0.9556,0.0295,-0.6111,-1.5874,0.3077,2048
27,-0.3281,-0.9536,0.001,-0.6248,-1.5632,0.2598,2046
27,-0.2971,-0.946,-0.0042,-0.595,-1.5454,0.2097,2045
27,-0.3489,-0.9072,-0.0422,-0.5829,-1.4352,0.202,2038
27,-0.3787,-0.9021,-0.0415,-0.5592,-1.3958,0.2089,2052
27,-0.355,-0.9199,-0.0623,-0.5837,-1.3709,0.1942,2019
27,-0.2996,-0.9248,-0.0681,-0.5634,-1.3492,0.188,2070
27,-0.324,-0.9072,-0.0652,-0.5588,-1.3649,0.2084,2043
27,-0.321,-0.9163,-0.0637,-0.56,-1.4009,0.2177,2053
27,-0.3279,-0.9436,-0.0808,-0.5624,-1.4046,0.1999,2046
27,-0.311,-0.9624,-0.0845,-0.5428,-1.4137,0.1912,2048
27,-0.3411,-0.9612,-0.0938,-0.5336,-1.4326,0.1744,2041
27,-0.3752,-0.9673,-0.1008,-0.5164,-1.4186,0.163,2025
27,-0.3916,-0.9739,-0.0947,-0.5227,-1.3864,0.1613,2048
27,-0.4041,-0.9419,-0.1086,-0.5179,-1.3266,0.1767,2036
27,-0.4299,-0.9341,-0.0903,-0.5324,-1.3232,0.1914,2041
27,-0.3911,-0.9316,-0.0923,-0.5462,-1.2793,0.1931,2041
27,-0.3611,-0.9224,-0.0857,-0.5654,-1.2368,0.1959,2027
27,-0.3369,-0.9304,-0.0662,-0.5904,-1.2153,0.2097,2041
27,-0.3357,-0.9463,-0.0613,-0.6205,-1.2158,0.2137,2041
27,-0.3381,-0.9871,-0.0674,-0.6518,-1.2138,0.2273,2042
27,-0.3552,-1.083,-0.0649,-0.6779,-1.2714,0.2237,2035
27,-0.3979,-1.1863,-0.0964,-0.7159,-1.2796,0.2336,2076
27,-0.4075,-1.2576,-0.0923,-0.7962,-1.3264,0.242,2045
27,-0.3726,-1.2498,-0.1255,-0.8086,-1.3677,0.235,2052
28,-0.355,-1.312,-0.0984,-0.8086,-1.3758,0.2406,2029
28,-0.3774,-1.3484,-0.095,-0.8064,-1.3966,0.2352,2042
28,-0.3962,-1.3923,-0.0959,-0.8558,-1.3106,0.231,2042
28,-0.3328,-1.3062,-0.1047,-0.874,-1.2981,0.232,2056
28,-0.2751,-1.1885,-0.147,-0.8156,-1.3198,0.2288,2053
28,-0.239,-1.1602,-0.1482,-0.7749,-1.3154,0.2614,2036
28,-0.2285,-1.2642,-0.1101,-0.7883,-1.3395,0.3096,2049
28,-0.1985,-1.4485,-0.0913,-0.8437,-1.3703,0.3466,2044
28,-0.2014,-1.561,-0.0518,-0.8807,-1.4442,0.3484,2052
28,-0.2053,-1.5945,-0.0435,-0.889,-1.5378,0.3267,2049
28,-0.2131,-1.5386,-0.0513,-0.9005,-1.5737,0.3009,2037
28,-0.2261,-1.4336,-0.0483,-0.8929,-1.6158,0.2946,2032
28,-0.2297,-1.2998,-0.0571,-0.8661,-1.6318,0.3159,2059
28,-0.2212,-1.1809,-0.0769,-0.8111,-1.6249,0.3532,2047
28,-0.1926,-1.1323,-0.1018,-0.8012,-1.6273,0.3982,2041
28,-0.1733,-1.1326,-0.1433,-0.7799,-1.603,0.4478,2076
28,-0.1643,-1.1743,-0.1531,-0.7357,-1.5941,0.4757,2041
28,-0.1218,-1.2227,-0.1411,-0.685,-1.5829,0.4697,2047
28,-0.1033,-1.2302,-0.1455,-0.6205,-1.585,0.4647,2048
28,-0.127,-1.2239,-0.1411,-0.5782,-1.6066,0.4657,2043
28,-0.1409,-1.2144,-0.1206,-0.5364,-1.5866,0.4605,2044
28,-0.1711,-1.1746,-0.1157,-0.5169,-1.562,0.4522,2076
28,-0.2029,-1.1438,-0.1165,-0.5056,-1.5175,0.4349,2040
28,-0.2249,-1.0913,-0.1328,-0.4603,-1.4877,0.4287,2032
28,-0.2351,-1.0686,-0.136,-0.41,-1.4784,0.4084,2047
28,-0.2354,-1.0615,-0.165,-0.3638,-1.4695,0.3872,2040
28,-0.2393,-1.0769,-0.2,-0.3144,-1.3998,0.3538,2045
28,-0.2095,-1.0933,-0.2075,-0.2751,-1.3954,0.3294,2027
28,-0.1821,-1.1206,-0.2219,-0.2436,-1.374,0.3141,2047
28,-0.1511,-1.1267,-0.2485,-0.1954,-1.3591,0.3045,2063
28,-0.1445,-1.1265,-0.2517,-0.1538,-1.3828,0.3033,2039
28,-0.1545,-1.1289,-0.2581,-0.1214,-1.391,0.2992,2028
28,-0.1726,-1.1458,-0.2566,-0.0822,-1.3833,0.2808,2043
28,-0.2039,-1.1606,-0.2461,-0.0511,-1.3893,0.2635,2057
28,-0.2192,-1.1462,-0.2207,-0.0301,-1.3896,0.2655,2036
28,-0.248,-1.1394,-0.2327,-0.0228,-1.4143,0.2703,2039
28,-0.2449,-1.1384,-0.2185,0.0091,-1.3727,0.2709,2050
28,-0.2561,-1.1575,-0.2246,0.0406,-1.3733,0.2752,2041
28,-0.2476,-1.1824,-0.2156,0.0447,-1.3565,0.2814,2045
28,-0.2563,-1.1824,-0.209,0.0388,-1.3238,0.2862,2034
28,-0.2563,-1.168,-0.2197,0.0365,-1.3266,0.2896,2065
28,-0.2441,-1.1326,-0.2437,0.0582,-1.3283,0.2895,2038
28,-0.2822,-1.1296,-0.2429,0.0895,-1.3513,0.3,2077
28,-0.3223,-1.1575,-0.2175,0.0726,-1.3724,0.3004,2032
28,-0.3269,-1.1448,-0.2461,0.1539,-1.3764,0.3446,2061
28,-0.3213,-1.1809,-0.2371,0.1534,-1.3375,0.3582,2063
28,-0.2954,-1.1904,-0.2251,0.143,-1.3359,0.342,2039
28,-0.2593,-1.1807,-0.2065,0.1956,-1.4111,0.3663,2019
28,-0.2451,-1.1816,-0.1992,0.1967,-1.4234,0.3935,2041
28,-0.2507,-1.1672,-0.1628,0.2565,-1.4925,0.4255,2060
28,-0.272,-1.1978,-0.1497,0.2562,-1.5024,0.4578,2029
28,-0.2712,-1.1831,-0.1274,0.242,-1.5311,0.4746,2034
28,-0.2634,-1.1997,-0.0891,0.2333,-1.537,0.5117,2046
28,-0.2712,-1.228,-0.0427,0.2256,-1.5247,0.5261,2045
28,-0.2825,-1.2563,-0.0549,0.2328,-1.4858,0.5288,2043
28,-0.3225,-1.3184,-0.0383,0.2665,-1.3721,0.5267,2048
28,-0.3357,-1.4521,0.009,0.2501,-1.2765,0.4982,2053
28,-0.3574,-1.5164,0.0098,0.2365,-1.1444,0.451,2048
28,-0.3303,-1.4873,0.0354,0.1752,-1.0694,0.367,2054
28,-0.2786,-1.4092,0.0403,0.1462,-1.0754,0.337,2050
28,-0.2471,-1.3521,0.0029,0.1358,-1.1609,0.3249,2035
28,-0.2285,-1.3691,-0.0229,0.1244,-1.2714,0.2943,2054
28,-0.2178,-1.4182,-0.0222,0.0708,-1.4169,0.2962,2042
28,-0.2095,-1.449,-0.0251,0.0154,-1.4904,0.3207,2055
28,-0.197,-1.4148,0.0227,-0.0483,-1.4647,0.3524,2030
28,-0.1816,-1.3398,0.0588,-0.0804,-1.3462,0.3518,2046
28,-0.1763,-1.1843,0.1497,-0.1047,-1.171,0.3121,2056
28,-0.1567,-1.0232,0.1938,-0.0929,-1.0982,0.2816,2039
28,-0.1904,-0.9573,0.21,-0.0971,-1.0941,0.259,2052
28,-0.2524,-0.9253,0.2036,-0.1428,-1.1975,0.248,2054
28,-0.2642,-0.9102,0.1909,-0.1607,-1.3581,0.229,2040
28,-0.3643,-0.9429,0.1665,-0.1896,-1.4913,0.2617,2047
28,-0.3601,-0.959,0.1216,-0.2444,-1.5633,0.3063,2055
28,-0.3926,-0.9907,0.0913,-0.2939,-1.5528,0.3577,2053
28,-0.3826,-1.0195,0.0745,-0.2792,-1.5237,0.3856,2047
28,-0.4004,-0.9248,0.022,-0.2433,-1.3744,0.3931,2036
28,-0.4683,-1.0254,-0.0454,-0.2791,-1.201,0.4089,2037
28,-0.1543,-0.9878,-0.0549,-0.2432,-1.2203,0.3348,2039
28,-0.1279,-0.968,-0.032,-0.1445,-1.1202,0.3208,2051
28,-0.1592,-0.9707,-0.0459,-0.1629,-1.114,0.3777,2044
28,-0.134,-0.9583,-0.0823,-0.2076,-1.2392,0.3377,2039
28,-0.0654,-1.0608,0.0183,-0.2308,-1.2987,0.2908,2027
28,-0.0427,-1.0564,0.0542,-0.2449,-1.3533,0.2862,2055
28,-0.1509,-1.0288,0.0815,-0.194,-1.5832,0.2587,2041
28,-0.2744,-1.0859,0.1343,-0.3199,-1.4896,0.267,2046
28,-0.2974,-1.0344,0.1279,-0.3273,-1.4295,0.2458,2045
28,-0.3555,-1.0132,0.0979,-0.3627,-1.4049,0.2558,2041
28,-0.345,-0.9878,0.0791,-0.2812,-1.3906,0.2028,2050
28,-0.3643,-0.9849,0.0071,-0.3244,-1.2062,0.2484,2026
28,-0.3071,-0.9841,-0.0208,-0.3723,-1.1714,0.2539,2034
28,-0.2278,-0.9895,-0.0247,-0.3762,-1.1395,0.2489,2036
28,-0.1599,-1.0044,0.0083,-0.4488,-1.2077,0.2709,2055
28,-0.1306,-0.9644,0.0237,-0.4272,-1.3407,0.2657,2044
28,-0.2004,-0.9937,0.0459,-0.4497,-1.4247,0.2915,2039
28,-0.2959,-0.9485,0.0159,-0.4137,-1.4952,0.2911,2044
28,-0.3911,-0.9202,0.0232,-0.295,-1.5807,0.2581,2054
28,-0.5281,-0.9487,0.0117,-0.1956,-1.4404,0.2812,2064
28,-0.5691,-0.9153,-0.0435,-0.1304,-1.2714,0.3353,2038
28,-0.5415,-0.9243,-0.0288,-0.0462,-1.1192,0.3645,2021
28,-0.4451,-0.9949,-0.0007,-0.0041,-0.9857,0.3826,2056
28,-0.3303,-1.0571,0.0371,-0.0165,-0.9593,0.412,2055
28,-0.2571,-1.092,0.071,-0.0321,-1.0527,0.412,2043
29,-0.2456,-1.0952,0.0801,-0.0382,-1.2038,0.3976,2014
29,-0.2849,-1.0884,0.0295,0.0052,-1.2591,0.3855,2042
29,-0.3508,-1.0986,-0.0266,0.0206,-1.28,0.3983,2052
29,-0.394,-1.114,-0.0054,0.0252,-1.3166,0.4271,2053
29,-0.4028,-1.1646,-0.0325,0.0156,-1.2275,0.4304,2044
29,-0.3718,-1.2158,-0.0361,-0.0903,-1.1347,0.4301,2061
29,-0.28,-1.2302,-0.0156,-0.1677,-1.121,0.4368,2047
29,-0.2371,-1.2749,0.0464,-0.2495,-1.1131,0.4096,2021
29,-0.2026,-1.2668,0.0562,-0.3683,-1.0757,0.3464,2062
29,-0.2649,-1.2097,0.0007,-0.4381,-1.0529,0.3208,2018
29,-0.3215,-1.1689,-0.052,-0.4922,-1.0376,0.2752,2044
29,-0.3879,-1.0967,-0.0781,-0.506,-0.9259,0.2071,2054
29,-0.3906,-1.189,-0.0566,-0.4358,-0.8805,0.2064,2044
29,-0.3813,-1.4805,-0.0056,-0.4422,-0.9325,0.2191,2051
29,-0.2817,-1.709,0.0386,-0.594,-1.0907,0.214,2060
29,-0.2151,-1.8147,0.0566,-0.7171,-1.2435,0.2333,2044
29,-0.2139,-1.8484,0.0764,-0.806,-1.3455,0.3037,2045
29,-0.2185,-1.7524,0.103,-0.8365,-1.2314,0.316,2041
29,-0.1628,-1.5029,0.2249,-0.9148,-1.1567,0.3559,2043
29,-0.1365,-1.1775,0.2705,-0.9512,-0.9618,0.394,2041
29,-0.1626,-1.0044,0.3018,-0.9164,-0.7046,0.3982,2060
29,-0.104,-1.0701,0.3418,-0.793,-0.6225,0.4321,2042
29,-0.1904,-1.2483,0.3562,-0.7809,-0.5046,0.5412,2039
29,-0.1697,-1.4639,0.3335,-0.7802,-0.607,0.5337,2039
29,-0.0864,-1.5327,0.3215,-0.862,-0.7654,0.565,2047
29,-0.1208,-1.5254,0.2998,-0.9467,-0.8514,0.6336,2057
29,-0.1389,-1.5015,0.3296,-0.9676,-0.8898,0.6433,2054
29,-0.1938,-1.3953,0.2566,-0.9917,-0.7823,0.6691,2033
29,-0.2729,-1.2292,0.1978,-0.9238,-0.6452,0.647,2070
29,-0.2571,-1.146,0.127,-0.8184,-0.5051,0.6389,2034
29,-0.238,-1.1355,0.0701,-0.6131,-0.3725,0.6172,2082
29,-0.2498,-1.1741,0.0859,-0.4955,-0.2705,0.6304,2048
29,-0.1926,-1.1997,0.1038,-0.4959,-0.2511,0.6236,2042
29,-0.1367,-1.1665,0.0903,-0.4988,-0.2615,0.6052,2051
29,-0.1191,-1.1228,0.1125,-0.4678,-0.3422,0.5698,2043
29,-0.1062,-1.0593,0.1299,-0.4259,-0.4654,0.5457,2044
29,-0.1223,-1.0139,0.1282,-0.4076,-0.4968,0.5434,2042
29,-0.1555,-0.9663,0.0857,-0.3892,-0.504,0.5518,2044
29,-0.2151,-0.918,0.053,-0.3618,-0.4899,0.5558,2037
29,-0.2275,-0.8799,0.0286,-0.3318,-0.4658,0.5524,2046
29,-0.2358,-0.8457,-0.0056,-0.3008,-0.4192,0.5522,2035
29,-0.2605,-0.8154,-0.0566,-0.2756,-0.3191,0.5271,2038
29,-0.2388,-0.7852,-0.0708,-0.2593,-0.2759,0.5482,2035
29,-0.2312,-0.7615,-0.0996,-0.2396,-0.249,0.5394,2044
29,-0.2168,-0.7576,-0.1169,-0.2324,-0.1731,0.5496,2037
29,-0.1787,-0.7375,-0.1409,-0.1903,-0.1786,0.5673,2043
29,-0.1892,-0.7415,-0.177,-0.1471,-0.1408,0.5538,2049
29,-0.2063,-0.729,-0.1868,-0.0981,-0.1519,0.5308,2053
29,-0.21,-0.7388,-0.197,-0.0686,-0.1772,0.5084,2039
29,-0.2349,-0.751,-0.2178,-0.0527,-0.159,0.5058,2057
29,-0.2681,-0.7695,-0.2275,-0.0756,-0.1549,0.5067,2054
29,-0.2837,-0.7881,-0.2129,-0.0906,-0.175,0.5078,2052
29,-0.3005,-0.7881,-0.2061,-0.079,-0.1727,0.4742,2083
29,-0.2778,-0.8186,-0.2305,-0.0911,-0.2393,0.4637,2020
29,-0.2966,-0.8484,-0.1956,-0.0403,-0.2547,0.4545,2036
29,-0.3044,-0.9006,-0.1643,-0.0226,-0.3093,0.4578,2042
29,-0.292,-0.9583,-0.1558,-0.037,-0.361,0.471,2034
29,-0.2996,-0.9998,-0.1584,-0.0132,-0.2599,0.4583,2025
29,-0.332,-1.0686,-0.157,0.0233,-0.3021,0.4207,2044
29,-0.3252,-1.1433,-0.1414,0.028,-0.2742,0.367,2050
29,-0.2996,-1.2302,-0.1736,0.0221,-0.2959,0.3393,2059
29,-0.3372,-1.3457,-0.1672,0.0574,-0.3172,0.3157,2041
29,-0.3857,-1.4319,-0.1116,0.0914,-0.3493,0.2764,2084
29,-0.3701,-1.4724,-0.1003,0.1329,-0.3263,0.2143,2046
29,-0.3948,-1.459,-0.0376,0.1171,-0.282,0.1342,2055
29,-0.4375,-1.4316,-0.0251,0.1934,-0.2839,0.1085,2035
29,-0.4453,-1.4224,0.0413,0.1499,-0.3886,0.0775,2031
29,-0.4614,-1.4131,0.0303,0.2661,-0.3711,0.0812,2072
29,-0.499,-1.3992,0.0879,0.3481,-0.3003,0.0473,2047
29,-0.5076,-1.4404,0.155,0.4386,-0.1814,0.0258,2045
29,-0.4795,-1.5149,0.209,0.4915,-0.0559,-0.0641,2044
29,-0.4541,-1.5159,0.1902,0.5454,0.0535,-0.1569,2050
29,-0.4893,-1.5576,0.178,0.634,-0.0033,-0.2309,2050
29,-0.5127,-1.5981,0.1663,0.6807,-0.1681,-0.2782,2057
29,-0.5198,-1.6211,0.114,0.703,-0.4183,-0.3041,2064
29,-0.5476,-1.5962,0.0869,0.7155,-0.5713,-0.2658,2022
29,-0.5686,-1.5337,0.126,0.7371,-0.5908,-0.2107,2051
29,-0.5647,-1.4832,0.2339,0.6847,-0.4843,-0.1306,2053
29,-0.4792,-1.3706,0.3796,0.5706,-0.2697,-0.0976,2038
29,-0.353,-1.197,0.4678,0.5317,0.0068,-0.1248,2041
29,-0.2988,-1.0596,0.5134,0.5006,0.2069,-0.1085,2055
29,-0.3218,-1.0046,0.5024,0.5124,0.344,-0.1127,2043
29,-0.3569,-1.0137,0.4517,0.4524,0.3661,-0.119,2043
29,-0.3572,-1.0222,0.3765,0.3285,0.1791,-0.116,2049
29,-0.4082,-1.0178,0.2231,0.3013,-0.0055,-0.074,2045
29,-0.5093,-1.0061,0.0969,0.341,-0.0831,-0.0718,2052
29,-0.5723,-0.9561,0.0273,0.3647,-0.0738,-0.0718,2040
29,-0.5308,-0.9631,-0.0134,0.375,0.0571,-0.0601,2056
29,-0.4219,-0.9629,-0.0403,0.4116,0.1964,-0.0933,2044
29,-0.3486,-0.9509,-0.0137,0.4364,0.255,-0.1369,2035
29,-0.2971,-0.9084,0.0315,0.4344,0.22,-0.1541,2051
29,-0.248,-0.8069,0.0393,0.3919,0.1342,-0.1839,2051
29,-0.23,-0.7966,0.0217,0.3276,0.0573,-0.2069,2037
29,-0.1716,-0.772,0.0259,0.3131,-0.073,-0.2406,2053
29,-0.2119,-0.7227,-0.0425,0.3265,-0.183,-0.2402,2036
29,-0.2471,-0.7275,-0.082,0.3073,-0.3725,-0.2535,2039
29,-0.262,-0.6992,-0.0994,0.302,-0.3911,-0.293,2043
29,-0.3401,-0.6233,-0.136,0.3678,-0.2321,-0.3091,2032
29,-0.406,-0.5901,-0.1416,0.4283,-0.0176,-0.3278,2055
29,-0.3838,-0.6226,-0.1626,0.4151,0.2847,-0.3678,2049
29,-0.2053,-0.6401,-0.144,0.4386,0.3537,-0.4317,2050
29,-0.1487,-0.6379,-0.1458,0.3496,0.3075,-0.4638,2034
29,-0.1328,-0.6147,-0.1021,0.3465,0.0996,-0.4501,2062
30,-0.1667,-0.6099,-0.0588,0.3417,-0.1113,-0.418,2034
30,-0.2371,-0.6492,-0.0608,0.2603,-0.2635,-0.3984,2054
30,-0.2671,-0.6677,-0.0415,0.1373,-0.3228,-0.4176,2037
30,-0.3237,-0.5857,-0.092,0.2426,-0.3324,-0.4406,2050
30,-0.3479,-0.624,-0.1423,0.2807,-0.3209,-0.4561,2035
30,-0.406,-0.6633,-0.1619,0.3626,-0.1967,-0.4986,2026
30,-0.3877,-0.7478,-0.167,0.4504,-0.1077,-0.5389,2040
30,-0.3499,-0.8452,-0.1367,0.4762,-0.0485,-0.5723,2032
30,-0.3105,-0.9241,-0.1433,0.4864,-0.0431,-0.6075,2064
30,-0.2959,-0.9553,-0.1145,0.4918,-0.2201,-0.6217,1999
30,-0.2737,-0.9832,-0.0923,0.5251,-0.4576,-0.6679,2060
30,-0.3213,-1.0295,-0.0437,0.5243,-0.5356,-0.7006,2040
30,-0.3872,-1.0889,0.0071,0.4978,-0.4621,-0.7128,2028
30,-0.4219,-1.1843,0.1038,0.4299,-0.4011,-0.714,2067
30,-0.4138,-1.2485,0.1599,0.3868,-0.3143,-0.7372,2093
30,-0.4199,-1.2878,0.1992,0.2976,-0.2372,-0.7835,2043
30,-0.417,-1.2676,0.2405,0.3318,-0.2312,-0.8006,2047
30,-0.4431,-1.3035,0.3433,0.2906,-0.2337,-0.8154,2066
30,-0.5012,-1.2847,0.3521,0.2481,-0.1293,-0.7621,2061
30,-0.4856,-1.325,0.3506,0.1449,-0.0579,-0.7492,2046
30,-0.4343,-1.3088,0.2847,0.0061,0.0115,-0.7199,2043
30,-0.4009,-1.2642,0.2498,-0.0615,0.0581,-0.6779,2048
30,-0.3816,-1.3364,0.2183,-0.0827,-0.045,-0.6332,2067
30,-0.3582,-1.5356,0.1895,-0.1113,-0.159,-0.6002,2046
30,-0.3442,-1.635,0.1909,-0.1502,-0.3496,-0.5877,2022
30,-0.3545,-1.689,0.1299,-0.1627,-0.4267,-0.5396,2068
30,-0.363,-1.752,0.1606,-0.2357,-0.493,-0.4678,2041
30,-0.2976,-1.7097,0.1797,-0.2936,-0.4703,-0.4215,2052
30,-0.2478,-1.6008,0.2012,-0.3497,-0.3481,-0.3891,2052
30,-0.23,-1.4844,0.1919,-0.3766,-0.2075,-0.381,2043
30,-0.1997,-1.4062,0.155,-0.3484,-0.0727,-0.3815,2033
30,-0.1992,-1.3289,0.1501,-0.3388,-0.0559,-0.3537,2066
30,-0.2153,-1.2627,0.1196,-0.3282,-0.0973,-0.2854,2041
30,-0.2573,-1.241,0.1208,-0.3237,-0.1461,-0.179,2050
30,-0.2878,-1.2483,0.1189,-0.3673,-0.1703,-0.1008,2044
30,-0.2219,-1.2461,0.0747,-0.4368,-0.2052,-0.0643,2047
30,-0.1914,-1.2395,0.0959,-0.3847,-0.2294,-0.0087,2062
30,-0.1931,-1.2227,0.0891,-0.4192,-0.2622,0.0087,2049
30,-0.1785,-1.0962,0.0205,-0.4581,-0.2875,0.0329,2043
30,-0.1997,-1.1057,0.0374,-0.4453,-0.2906,0.0912,2049
30,-0.1763,-1.1248,0.0305,-0.567,-0.3037,0.0997,2048
30,-0.1851,-0.9736,-0.0413,-0.4789,-0.2826,0.1598,2051
30,-0.1716,-0.9707,-0.0491,-0.473,-0.3306,0.2047,2049
30,-0.1641,-0.9446,-0.0876,-0.585,-0.3312,0.2273,2036
30,-0.1648,-0.8853,-0.0989,-0.4703,-0.3197,0.2489,2052
30,-0.1355,-0.885,-0.103,-0.4693,-0.318,0.2598,2045
30,-0.1279,-0.8555,-0.1309,-0.5621,-0.33,0.2681,2038
30,-0.1357,-0.8083,-0.1362,-0.4356,-0.3559,0.2685,2058
30,-0.1147,-0.8025,-0.1416,-0.4326,-0.369,0.2689,2037
30,-0.1531,-0.7886,-0.187,-0.3831,-0.3791,0.2675,2049
30,-0.1755,-0.7937,-0.196,-0.3248,-0.3693,0.2722,2045
30,-0.1746,-0.7996,-0.1841,-0.2955,-0.3105,0.2747,2046
30,-0.166,-0.7986,-0.186,-0.2871,-0.2758,0.2764,2035
30,-0.1387,-0.8013,-0.1895,-0.2816,-0.2422,0.2844,2050
30,-0.1414,-0.791,-0.1794,-0.2882,-0.2079,0.2811,2037
30,-0.1445,-0.7886,-0.1804,-0.2739,-0.2236,0.2603,2047
30,-0.1536,-0.7891,-0.1812,-0.235,-0.2553,0.246,2034
30,-0.1875,-0.8022,-0.1733,-0.1754,-0.2619,0.2376,2047
30,-0.2209,-0.8408,-0.1853,-0.1133,-0.2286,0.2352,2037
30,-0.2456,-0.8718,-0.187,-0.0723,-0.1682,0.2321,2090
30,-0.2417,-0.9131,-0.186,-0.0758,-0.1281,0.2223,2035
30,-0.1982,-0.9387,-0.1926,-0.0483,-0.1469,0.2183,2037
30,-0.1912,-0.9541,-0.2053,-0.0103,-0.1714,0.2045,2071
30,-0.208,-0.9912,-0.2197,0.0554,-0.244,0.193,2021
30,-0.2146,-1.0481,-0.1689,0.0943,-0.3598,0.1956,2039
30,-0.2444,-1.1077,-0.1809,0.1377,-0.3904,0.1936,2040
30,-0.2673,-1.1738,-0.1587,0.1284,-0.3858,0.1932,2028
30,-0.2522,-1.2529,-0.1155,0.1354,-0.4216,0.1954,2035
30,-0.2175,-1.3433,-0.1057,0.1192,-0.3804,0.1883,2065
30,-0.2649,-1.4248,-0.0593,0.1088,-0.3185,0.1954,2019
30,-0.2673,-1.5017,0.0369,0.0952,-0.3197,0.1803,2056
30,-0.292,-1.5178,0.0444,0.1129,-0.2244,0.1349,2028
30,-0.3445,-1.4919,0.0339,0.122,-0.1794,0.1013,2023
30,-0.4075,-1.4333,-0.0405,0.1711,-0.1352,0.0882,2040
30,-0.4485,-1.4126,-0.0852,0.2531,-0.1847,0.1031,2032
30,-0.4509,-1.4658,-0.0974,0.3139,-0.137,0.1641,2048
30,-0.3911,-1.5696,-0.0264,0.277,-0.1598,0.2305,2048
30,-0.3406,-1.6467,0.0681,0.3028,-0.1113,0.2543,2037
30,-0.2947,-1.6553,0.1282,0.2971,-0.1047,0.2252,2055
30,-0.2681,-1.6221,0.1677,0.3157,-0.1643,0.2052,2042
30,-0.2966,-1.5662,0.1084,0.3727,-0.1238,0.2184,2043
30,-0.3655,-1.5435,0.0957,0.4192,-0.089,0.241,2019
30,-0.4082,-1.5728,0.0825,0.5219,-0.0756,0.2274,2046
30,-0.4241,-1.5798,0.0435,0.5445,-0.0863,0.1981,2046
30,-0.3887,-1.6804,0.0137,0.555,-0.1599,0.1946,2041
30,-0.3059,-1.7075,0.0129,0.488,-0.3629,0.1847,2047
30,-0.2227,-1.6672,0.0195,0.3943,-0.5512,0.2095,2048
30,-0.189,-1.541,0.0806,0.3221,-0.7252,0.2827,2049
30,-0.1814,-1.4031,0.1643,0.291,-0.6966,0.3312,2029
30,-0.1985,-1.2476,0.2312,0.2979,-0.5091,0.3345,2039
30,-0.2241,-1.1147,0.301,0.2831,-0.2747,0.3376,2038
30,-0.1997,-1.0671,0.3152,0.283,-0.0395,0.324,2051
30,-0.2061,-1.0737,0.2939,0.2429,0.1408,0.3065,2054
30,-0.2317,-1.0444,0.2593,0.1938,0.2236,0.2747,2035
30,-0.2539,-1.0073,0.1934,0.1513,0.2811,0.2666,2040
30,-0.2908,-0.9758,0.1582,0.1312,0.3685,0.2621,2051
30,-0.2708,-0.9426,0.1682,0.047,0.3891,0.2976,2041
30,-0.2195,-0.9089,0.1323,0.0148,0.3216,0.3089,2033
30,-0.2458,-0.8782,0.0242,0.0222,0.3765,0.2975,2042
30,-0.2039,-0.7893,-0.0708,0.1052,0.3466,0.2699,2039
30,-0.1924,-0.7471,-0.1375,0.1701,0.2731,0.2615,2061
30,-0.2266,-0.6763,-0.1746,0.2714,0.2923,0.2667,2047
31,-0.2356,-0.7034,-0.2583,0.2566,0.2478,0.2469,2048
31,-0.1282,-0.7542,-0.2397,0.2741,0.1639,0.2169,2055
31,-0.1711,-0.6965,-0.1985,0.3381,0.212,0.1844,2049
31,-0.1863,-0.7451,-0.1292,0.4097,0.1292,0.1855,2043
31,-0.2361,-0.7573,-0.1467,0.3301,0.2345,0.1794,2053
31,-0.22,-0.7568,-0.1301,0.2998,0.3041,0.1173,2040
31,-0.1504,-0.7458,-0.0828,0.2994,0.3056,0.0891,2048
31,-0.1943,-0.7036,-0.1099,0.2503,0.3248,0.0892,2033
31,-0.1997,-0.6768,-0.123,0.2417,0.2657,0.0622,2059
31,-0.1826,-0.6626,-0.1172,0.2582,0.2128,0.0274,2040
31,-0.1885,-0.6792,-0.1335,0.2468,0.2021,0.0449,2051
31,-0.259,-0.6892,-0.1619,0.1819,0.283,0.0561,2035
31,-0.2488,-0.7002,-0.1497,0.1591,0.2575,0.0252,2046
31,-0.198,-0.7307,-0.1165,0.1618,0.2709,0.0093,2041
31,-0.2034,-0.7378,-0.1255,0.1378,0.2293,0.0112,2056
31,-0.2549,-0.7581,-0.0986,0.1486,0.1742,-0.0032,2046
31,-0.2876,-0.7769,-0.0837,0.1707,0.0852,-0.0313,2033
31,-0.3186,-0.8164,-0.0503,0.1819,-0.0076,-0.0372,2032
31,-0.3491,-0.8652,-0.073,0.2179,-0.0593,-0.0372,2076
31,-0.4036,-0.9116,-0.0906,0.2725,-0.0043,-0.0545,2054
31,-0.4502,-0.9792,-0.0806,0.2863,0.0044,-0.0973,2050
31,-0.4338,-1.0225,-0.0886,0.3366,0.0629,-0.1269,2015
31,-0.4336,-1.0442,-0.022,0.3687,0.0149,-0.1685,2045
31,-0.5403,-1.0559,-0.0588,0.3396,0.1145,-0.1883,2021
31,-0.5635,-1.1123,0.0137,0.3832,0.1109,-0.2176,2049
31,-0.5278,-1.1733,0.0815,0.4128,0.1131,-0.2361,2014
31,-0.5137,-1.2166,0.1553,0.4693,0.1125,-0.2458,2047
31,-0.51,-1.27,0.1875,0.444,0.0597,-0.2539,2037
31,-0.4624,-1.3079,0.2061,0.3886,0.0202,-0.2679,2059
31,-0.46,-1.3127,0.1914,0.3225,0.066,-0.2687,2106
31,-0.4773,-1.3167,0.167,0.2369,0.0715,-0.2609,2055
31,-0.4409,-1.3269,0.1091,0.163,0.1294,-0.2879,2042
31,-0.3845,-1.3674,0.0435,0.1397,0.1165,-0.34,2046
31,-0.3079,-1.4795,-0.0012,0.0863,0.0807,-0.3678,2042
31,-0.3054,-1.6233,-0.0752,0.0911,0.0361,-0.385,2059
31,-0.2964,-1.7747,-0.0513,0.0502,-0.1119,-0.4159,2037
31,-0.2976,-1.8921,-0.0544,0.0196,-0.1151,-0.4412,2060
31,-0.3013,-1.9375,-0.0085,-0.02,-0.0573,-0.4361,2045
31,-0.2717,-1.8311,0.0886,-0.1478,-0.108,-0.4446,2043
31,-0.21,-1.6135,0.136,-0.2599,-0.0093,-0.4753,2049
31,-0.2168,-1.3911,0.1726,-0.3518,0.1314,-0.475,2050
31,-0.187,-1.2656,0.1948,-0.426,0.1758,-0.4516,2037
31,-0.1533,-1.2371,0.1721,-0.4864,0.1099,-0.4191,2063
31,-0.165,-1.1953,0.1167,-0.4248,0.0061,-0.3775,2034
31,-0.2576,-1.2451,0.1143,-0.4374,-0.1519,-0.3084,2048
31,-0.3582,-1.1692,0.0667,-0.3201,-0.1879,-0.2661,2052
31,-0.416,-1.1567,0.0337,-0.2629,-0.0736,-0.2101,2044
31,-0.4309,-1.1055,-0.0029,-0.2645,0.0217,-0.1633,2052
31,-0.3579,-1.0747,0.0017,-0.204,0.0807,-0.1238,2044
31,-0.2854,-1.0791,-0.0142,-0.1502,0.1084,-0.0927,2042
31,-0.2166,-1.1506,-0.0054,-0.2457,0.0258,-0.0876,2037
31,-0.2349,-1.0413,-0.064,-0.1366,-0.0659,-0.0497,2045
31,-0.2178,-1.0671,-0.0706,-0.1598,-0.1703,-0.029,2036
31,-0.2195,-0.9543,-0.1113,-0.1398,-0.2669,-0.0144,2043
31,-0.2329,-0.9258,-0.1108,-0.0646,-0.3129,0.0144,2050
31,-0.2383,-0.873,-0.1174,-0.0039,-0.3412,0.0361,2044
31,-0.2427,-0.8528,-0.1482,0.0242,-0.3537,0.0573,2053
31,-0.219,-0.833,-0.1443,0.0549,-0.4043,0.0778,2044
31,-0.2073,-0.835,-0.1433,0.0912,-0.3992,0.0903,2043
31,-0.2278,-0.8516,-0.1489,0.0886,-0.4244,0.1197,2049
31,-0.231,-0.8591,-0.1438,0.0963,-0.4245,0.1304,2041
31,-0.2056,-0.8621,-0.1733,0.1011,-0.3685,0.1249,2042
31,-0.1699,-0.8623,-0.1846,0.1025,-0.3488,0.127,2065
31,-0.1606,-0.8552,-0.1838,0.1147,-0.347,0.1254,2041
31,-0.144,-0.8521,-0.2129,0.1241,-0.3611,0.1184,2055
31,-0.115,-0.8591,-0.2148,0.1337,-0.4014,0.1288,2039
31,-0.1301,-0.8765,-0.2107,0.1229,-0.4095,0.1337,2073
31,-0.1477,-0.8867,-0.2087,0.0988,-0.4183,0.1185,2036
31,-0.1689,-0.8875,-0.218,0.1037,-0.454,0.0959,2050
31,-0.1814,-0.8875,-0.2366,0.1325,-0.4979,0.0676,2037
31,-0.2009,-0.8838,-0.2441,0.1847,-0.5056,0.0486,2078
31,-0.2422,-0.8816,-0.2673,0.232,-0.4623,0.034,2045
31,-0.2637,-0.8904,-0.2769,0.2776,-0.4229,0.0146,2028
31,-0.2383,-0.9553,-0.2434,0.3002,-0.4448,0.0121,2038
31,-0.187,-1.0325,-0.2036,0.3441,-0.5007,0.0097,2060
31,-0.1597,-1.144,-0.1682,0.3453,-0.4935,-0.0168,2039
31,-0.1482,-1.2151,-0.0742,0.3413,-0.6367,-0.0265,2029
31,-0.1575,-1.2964,0.0256,0.3348,-0.7723,-0.0198,2046
31,-0.2034,-1.3445,0.0635,0.3061,-0.7347,0.0077,2049
31,-0.2671,-1.376,0.1177,0.2834,-0.7024,-0.0185,2053
31,-0.2983,-1.3933,0.1677,0.2848,-0.6825,-0.0392,2023
31,-0.3323,-1.3984,0.1548,0.2529,-0.6231,-0.0092,2063
31,-0.3533,-1.4414,0.1382,0.2381,-0.5179,0.0043,2046
31,-0.3354,-1.4937,0.0947,0.2401,-0.4412,0.0233,2060
31,-0.3066,-1.5122,0.0681,0.2666,-0.345,0.0156,2049
31,-0.3101,-1.5325,0.0588,0.3318,-0.2852,0.015,2054
31,-0.3003,-1.5259,0.0337,0.4011,-0.2147,0.0057,2038
31,-0.2605,-1.4841,0.0903,0.4489,-0.2119,0.0221,2043
31,-0.2424,-1.4875,0.1147,0.5136,-0.2095,0.0666,2040
31,-0.2466,-1.5139,0.1765,0.5445,-0.2478,0.089,2051
31,-0.2812,-1.5808,0.2571,0.5813,-0.2388,0.0929,2028
31,-0.3772,-1.6006,0.2451,0.5737,-0.2139,0.0625,2029
31,-0.4065,-1.5874,0.1892,0.5682,-0.2401,0.0049,2041
31,-0.3696,-1.5718,0.0793,0.59,-0.3165,-0.0105,2055
31,-0.3462,-1.5564,0.0435,0.5333,-0.5163,0.0354,2048
31,-0.2607,-1.5327,0.0505,0.5116,-0.7237,0.1156,2042
31,-0.2214,-1.4739,0.1145,0.4715,-0.8505,0.1883,2032
31,-0.2397,-1.3811,0.1599,0.4192,-0.8187,0.2469,2055
31,-0.2656,-1.2158,0.2476,0.3313,-0.6536,0.2394,2038
31,-0.2058,-1.0735,0.29,0.3045,-0.4494,0.19,2051
31,-0.1951,-1.0039,0.3357,0.3133,-0.1942,0.1744,2045
32,-0.2183,-1.0168,0.3743,0.3135,-0.0883,0.1968,2041
32,-0.2834,-1.0295,0.3711,0.2737,-0.1108,0.2226,2050
32,-0.366,-1.0576,0.3484,0.2128,-0.1021,0.2561,2044
32,-0.3745,-0.9995,0.2578,0.1538,-0.1352,0.2958,2046
32,-0.3936,-1.019,0.1787,0.0063,-0.0794,0.3357,2046
32,-0.3027,-0.9617,0.1055,-0.0193,-0.0441,0.337,2042
32,-0.2661,-0.9062,0.042,0.0631,0.0197,0.3373,2058
32,-0.2598,-0.8762,-0.0225,0.1213,0.0764,0.3357,2050
32,-0.2104,-0.856,-0.095,0.1645,0.119,0.3092,2045
32,-0.1497,-0.835,-0.0825,0.2358,0.1044,0.2808,2045
32,-0.1501,-0.8223,-0.0776,0.246,0.1458,0.2748,2042
32,-0.1821,-0.8406,-0.0557,0.2101,0.1429,0.2767,2041
32,-0.1672,-0.8584,0.0027,0.1762,0.1104,0.2444,2039
32,-0.1409,-0.8499,0.0469,0.1308,0.1129,0.1906,2058
32,-0.1487,-0.8167,0.0518,0.075,0.1421,0.1501,2046
32,-0.1826,-0.7625,0.0566,0.0224,0.1288,0.1253,2049
32,-0.1997,-0.7058,0.0193,0.0156,0.0891,0.085,2045
32,-0.2415,-0.6389,-0.0374,0.0772,0.081,0.0397,2041
32,-0.28,-0.6174,-0.0723,0.1016,0.0965,0.0181,2044
32,-0.2375,-0.6357,-0.075,0.0822,0.1152,0.0158,2041
32,-0.2109,-0.6228,-0.0784,0.0863,0.1467,0.0142,2040
32,-0.1675,-0.6208,-0.0657,0.0802,0.1738,0.0108,2043
32,-0.1426,-0.6416,-0.0601,0.0465,0.1336,-0.0015,2060
32,-0.1248,-0.6609,-0.0391,0.022,0.0429,-0.0182,2034
32,-0.1289,-0.6987,-0.0134,0.0214,0.0097,-0.0304,2035
32,-0.1531,-0.7178,-0.0317,0.0241,-0.0491,-0.0498,2047
32,-0.2168,-0.7092,-0.1052,0.0521,-0.0924,-0.0836,2022
32,-0.2529,-0.7354,-0.1226,0.1096,-0.078,-0.1145,2026
32,-0.2959,-0.8247,-0.1157,0.1164,-0.0144,-0.1386,1999
32,-0.2734,-0.8792,-0.1416,0.0803,0.0501,-0.1698,2057
32,-0.1914,-0.9146,-0.1172,0.0449,-0.0077,-0.2361,2044
32,-0.1602,-0.9893,-0.0715,0.096,-0.1075,-0.2942,2035
32,-0.2373,-1.0498,-0.0273,0.1679,-0.1543,-0.3426,2052
32,-0.3486,-1.1038,0.0754,0.2272,-0.1822,-0.3777,2049
32,-0.46,-1.1111,0.1643,0.2802,-0.1193,-0.4197,2035
32,-0.5315,-1.1262,0.1633,0.2811,-0.0366,-0.4104,2043
32,-0.5447,-1.1562,0.1951,0.2585,0.0718,-0.3713,2036
32,-0.5464,-1.1807,0.2324,0.3404,0.1698,-0.3513,2029
32,-0.5476,-1.2297,0.2358,0.2685,0.1888,-0.3137,2053
32,-0.4932,-1.2727,0.2446,0.2658,0.1951,-0.2721,2037
32,-0.4399,-1.3547,0.2957,0.2015,0.1606,-0.2071,2030
32,-0.4543,-1.3318,0.2566,0.1551,0.1462,-0.1963,2023
32,-0.4036,-1.283,0.1631,0.1214,0.1724,-0.2127,2032
32,-0.3672,-1.26,0.0752,0.1132,0.229,-0.2349,2036
32,-0.3242,-1.2893,0.0183,0.0834,0.2559,-0.2553,2040
32,-0.2927,-1.3394,0.0205,0.0812,0.2758,-0.2655,2064
32,-0.2498,-1.437,0.0591,0.0208,0.2663,-0.2682,2049
32,-0.2349,-1.5349,0.1106,-0.0317,0.194,-0.2912,2059
32,-0.231,-1.6191,0.1714,-0.0867,0.0617,-0.2918,2035
32,-0.2715,-1.7629,0.1831,-0.1886,-0.0273,-0.2613,2054
32,-0.3042,-1.7979,0.2004,-0.2896,-0.0679,-0.2579,2039
32,-0.2888,-1.6741,0.1541,-0.3948,-0.0431,-0.2686,2057
32,-0.281,-1.4658,0.0771,-0.3874,0.0886,-0.2944,2032
32,-0.2632,-1.2502,-0.0049,-0.3193,0.2372,-0.3271,2045
32,-0.217,-1.1499,-0.1067,-0.2915,0.2561,-0.3155,2062
32,-0.1514,-1.1248,-0.1506,-0.2831,0.1689,-0.3033,2050
32,-0.0945,-1.1489,-0.1667,-0.2663,0.0948,-0.2788,2053
32,-0.1104,-1.1672,-0.0962,-0.2353,-0.0385,-0.2318,2054
32,-0.1548,-1.1885,-0.01,-0.2139,-0.1428,-0.1898,2052
32,-0.1938,-1.1868,0.0994,-0.2289,-0.1976,-0.1603,2058
32,-0.2112,-1.1248,0.1592,-0.2589,-0.2679,-0.1242,2035
32,-0.2307,-1.0537,0.1687,-0.275,-0.2751,-0.0812,2040
32,-0.272,-1.0327,0.1597,-0.3,-0.1802,-0.0382,2047
32,-0.2825,-1.0037,0.095,-0.2927,-0.1047,0.0069,2043
32,-0.2561,-0.968,0.0205,-0.2491,-0.0569,0.0473,2047
32,-0.2488,-0.9253,-0.0674,-0.1607,0.0059,0.0886,2044
32,-0.2495,-0.9116,-0.0952,-0.0967,0.0346,0.1385,2049
32,-0.2393,-0.9036,-0.1145,-0.0726,0.0699,0.1808,2028
32,-0.1892,-0.895,-0.1045,0.019,0.0925,0.2019,2057
32,-0.1389,-0.9028,-0.113,0.0328,0.0571,0.1969,2050
32,-0.0779,-0.8682,-0.1035,0.0513,-0.0101,0.1947,2060
32,-0.0823,-0.873,-0.0798,0.0903,-0.0197,0.1991,2054
32,-0.1299,-0.8889,-0.0723,0.0879,-0.0479,0.2088,2052
32,-0.1514,-0.9221,-0.0752,-0.0273,-0.0839,0.1828,2037
32,-0.1536,-0.8625,-0.0884,0.0651,-0.1281,0.1826,2060
32,-0.1653,-0.8972,-0.0913,0.0517,-0.1329,0.1711,2043
32,-0.2043,-0.8958,-0.1045,0.0357,-0.1746,0.1629,2056
32,-0.2078,-0.8845,-0.1179,0.0398,-0.2007,0.1433,2037
32,-0.209,-0.8911,-0.1443,0.0377,-0.185,0.1381,2032
32,-0.1946,-0.8723,-0.165,0.0562,-0.1661,0.1153,2046
32,-0.1506,-0.8875,-0.1653,0.0956,-0.1766,0.0812,2032
32,-0.1279,-0.9138,-0.1675,0.1212,-0.1818,0.0607,2035
32,-0.1394,-0.9189,-0.1797,0.1702,-0.178,0.0427,2039
32,-0.1621,-0.9421,-0.155,0.1991,-0.2234,0.0217,2038
32,-0.1738,-0.9712,-0.1377,0.2261,-0.1792,0.014,2046
32,-0.2007,-1.0063,-0.1121,0.2191,-0.1459,-0.0112,2032
32,-0.1758,-1.0046,-0.1108,0.2282,-0.1723,0.01,2026
32,-0.1609,-1.0735,-0.0732,0.2452,-0.2538,0.0051,2079
32,-0.1667,-1.137,-0.0754,0.2495,-0.2762,0.0033,2024
32,-0.1914,-1.1787,-0.0552,0.2788,-0.3176,-0.006,2123
32,-0.2224,-1.2249,-0.0242,0.2638,-0.4024,0.0226,2016
32,-0.2195,-1.2786,-0.012,0.2507,-0.3738,0.0314,2044
32,-0.209,-1.3489,0.0061,0.2682,-0.2763,0.004,2056
32,-0.2117,-1.3711,0.0298,0.2526,-0.2702,-0.0032,1989
32,-0.2551,-1.4199,0.0886,0.2249,-0.1763,-0.0182,2008
32,-0.2554,-1.3843,0.0967,0.2223,-0.1151,-0.0521,2117
32,-0.2913,-1.4106,0.083,0.2681,-0.1025,-0.1019,2036
32,-0.3176,-1.4631,0.0503,0.3233,-0.127,-0.1129,2055
32,-0.3611,-1.5134,0.0742,0.3562,-0.2071,-0.0961,2029
32,-0.3574,-1.5562,0.0713,0.3898,-0.2607,-0.0365,2053
33,-0.3718,-1.5945,0.1299,0.3862,-0.2585,0.0262,2026
33,-0.3462,-1.6099,0.1494,0.3686,-0.2779,0.0563,2040
33,-0.301,-1.5938,0.1736,0.3867,-0.2574,0.0703,2051
33,-0.3152,-1.5549,0.1841,0.436,-0.2495,0.0743,2080
33,-0.3557,-1.5149,0.1941,0.4888,-0.2149,0.082,2056
33,-0.4141,-1.489,0.1692,0.5402,-0.0941,0.0703,2044
33,-0.4702,-1.4492,0.1118,0.5711,-0.0838,0.0502,2043
33,-0.4382,-1.5234,0.0422,0.5846,-0.1206,0.0662,2052
33,-0.3491,-1.6028,0.0107,0.5569,-0.2996,0.1077,2037
33,-0.2207,-1.6509,0.073,0.4659,-0.5241,0.1723,2045
33,-0.1531,-1.6145,0.1125,0.4099,-0.6552,0.2466,2049
33,-0.1501,-1.4753,0.1919,0.3522,-0.6465,0.3012,2049
33,-0.1997,-1.3149,0.2603,0.3573,-0.4814,0.2858,2046
33,-0.2202,-1.1333,0.334,0.3402,-0.2699,0.2502,2053
33,-0.2327,-0.979,0.3342,0.3047,-0.1325,0.2542,2029
33,-0.2527,-0.9353,0.3113,0.2562,-0.0318,0.2634,2032
33,-0.2874,-0.9045,0.29,0.2258,0.0898,0.2745,2044
33,-0.292,-0.9116,0.2397,0.1778,0.0888,0.2942,2041
33,-0.2661,-0.9197,0.1614,0.1257,0.1944,0.3189,2046
33,-0.2549,-0.9329,0.1252,0.0933,0.2642,0.3285,2043
33,-0.2302,-0.9126,0.0535,0.0728,0.3211,0.3308,2041
33,-0.1829,-0.9143,-0.0286,0.0555,0.2964,0.3172,2045
33,-0.1812,-0.8835,-0.041,0.0759,0.3169,0.3002,2040
33,-0.1697,-0.8516,-0.0127,0.137,0.2461,0.2962,2030
33,-0.1758,-0.8447,-0.0791,0.0736,0.2179,0.3057,2074
33,-0.1626,-0.8127,-0.1306,0.0851,0.1991,0.2722,2043
33,-0.1462,-0.7939,-0.1172,0.1511,0.167,0.2224,2045
33,-0.1677,-0.7861,-0.1589,0.1843,0.2217,0.1926,2036
33,-0.1785,-0.8245,-0.1724,0.1666,0.2822,0.1638,2051
33,-0.1672,-0.8528,-0.1416,0.1615,0.3318,0.1182,2036
33,-0.1365,-0.8577,-0.1118,0.1124,0.2931,0.0786,2048
33,-0.1526,-0.8347,-0.1072,0.068,0.2835,0.0435,2038
33,-0.1853,-0.8049,-0.0852,0.0206,0.2246,0.0188,2053
33,-0.189,-0.7637,-0.0571,-0.0409,0.1559,-0.0079,2042
33,-0.1909,-0.7219,-0.0679,-0.0855,0.088,-0.0324,2046
33,-0.2163,-0.6902,-0.0979,-0.0803,0.0193,-0.0543,2041
33,-0.2466,-0.6523,-0.1458,-0.0466,-0.0316,-0.0715,2039
33,-0.2622,-0.6555,-0.1653,-0.0073,-0.0282,-0.0706,2020
33,-0.2686,-0.6831,-0.1406,0.0127,0.037,-0.0756,2045
33,-0.2493,-0.7073,-0.1206,0.0137,0.0621,-0.0844,2049
33,-0.2126,-0.7185,-0.1057,0.021,0.0595,-0.1009,2041
33,-0.2188,-0.7554,-0.0757,0.0382,0.0362,-0.1132,2041
33,-0.2151,-0.7563,-0.0312,0.1089,-0.0581,-0.1342,2011
33,-0.3333,-0.7654,0.0046,0.1678,-0.0775,-0.1409,2046
33,-0.4417,-0.8218,0.0364,0.2093,-0.1085,-0.1502,2058
33,-0.46,-0.875,0.0803,0.2658,-0.0895,-0.1198,2026
33,-0.5134,-0.8989,0.0522,0.3097,-0.0637,-0.0882,2028
33,-0.5212,-0.9436,0.0549,0.3569,0.0627,-0.0811,2059
33,-0.4905,-0.9861,0.0242,0.3914,0.1103,-0.0888,2035
33,-0.4705,-1.0466,0.04,0.4374,0.1518,-0.1045,2034
33,-0.386,-1.1777,0.0461,0.4373,0.1489,-0.125,2050
33,-0.3582,-1.2539,0.0916,0.3633,0.1004,-0.1245,2038
33,-0.3816,-1.2795,0.1001,0.3322,0.0048,-0.1353,2054
33,-0.4106,-1.3127,0.1438,0.263,-0.0989,-0.1348,2056
33,-0.4485,-1.3633,0.1736,0.2213,-0.1045,-0.1547,2055
33,-0.4692,-1.3921,0.2097,0.1388,-0.0521,-0.1567,2038
33,-0.4114,-1.3911,0.1875,0.072,-0.051,-0.174,2035
33,-0.425,-1.3235,0.1492,-0.0397,0.0349,-0.1807,2039
33,-0.3477,-1.2915,0.1423,-0.1017,0.0173,-0.2119,2046
33,-0.301,-1.2219,0.0979,-0.1378,0.0414,-0.2147,2054
33,-0.3362,-1.2483,0.0469,-0.1119,0.0815,-0.2232,2046
33,-0.3508,-1.3645,-0.0161,-0.1364,0.0537,-0.2333,2059
33,-0.3462,-1.4583,-0.0767,-0.1543,0.0903,-0.2657,2022
33,-0.3218,-1.4856,-0.1072,-0.1782,0.0218,-0.291,2030
33,-0.2686,-1.5891,-0.1309,-0.1501,-0.1008,-0.3048,2044
33,-0.2283,-1.7214,-0.103,-0.1285,-0.181,-0.3163,2042
33,-0.2451,-1.7322,-0.0598,-0.2172,-0.2947,-0.2894,2043
33,-0.2346,-1.6187,0.0188,-0.2978,-0.3606,-0.2714,2029
33,-0.1924,-1.4858,0.0442,-0.3851,-0.2707,-0.2645,2045
33,-0.1851,-1.3352,0.0771,-0.4425,-0.2007,-0.2713,2049
33,-0.1987,-1.2249,0.0825,-0.465,-0.1374,-0.2842,2046
33,-0.2456,-1.2212,0.0684,-0.4409,-0.0783,-0.2697,2051
33,-0.3118,-1.2339,0.0374,-0.3678,-0.0815,-0.2328,2055
33,-0.3132,-1.2493,0.0381,-0.275,-0.1686,-0.2025,2042
33,-0.2949,-1.2737,0.0388,-0.2503,-0.1973,-0.1559,2044
33,-0.2573,-1.2673,0.0107,-0.2562,-0.1862,-0.0914,2043
33,-0.2266,-1.2173,0.0242,-0.2498,-0.2649,-0.0455,2041
33,-0.1843,-1.1406,0.0293,-0.2362,-0.3532,-0.0182,2044
33,-0.209,-1.1235,0.0403,-0.2045,-0.373,0.0192,2059
33,-0.2485,-1.1367,0.0247,-0.1646,-0.3671,0.0421,2041
33,-0.262,-1.0881,-0.0256,-0.1421,-0.3169,0.0522,2044
33,-0.2695,-1.0576,-0.0632,-0.1341,-0.294,0.0816,2038
33,-0.2366,-1.0427,-0.0745,-0.0898,-0.3601,0.0896,2034
33,-0.2036,-1.0273,-0.0784,-0.0535,-0.347,0.0987,2045
33,-0.2256,-1.01,-0.083,-0.0153,-0.3039,0.1089,2040
33,-0.2163,-0.9768,-0.113,0.0334,-0.3156,0.1099,2044
33,-0.1755,-0.9602,-0.1165,0.066,-0.31,0.1176,2046
33,-0.1316,-0.9622,-0.1262,0.0892,-0.391,0.134,2048
33,-0.1116,-0.9412,-0.104,0.1001,-0.4761,0.1643,2037
33,-0.1384,-0.9243,-0.1067,0.1096,-0.5172,0.2045,2050
33,-0.1729,-0.897,-0.1069,0.1129,-0.5596,0.2304,2046
33,-0.1982,-0.8789,-0.0852,0.1009,-0.553,0.2244,2048
33,-0.1882,-0.8374,-0.1018,0.1597,-0.5438,0.2252,2045
33,-0.1807,-0.8411,-0.0894,0.1838,-0.5323,0.22,2043
33,-0.2034,-0.8308,-0.083,0.2136,-0.4935,0.2135,2045
33,-0.2429,-0.813,-0.0847,0.237,-0.4615,0.21,2062
33,-0.2383,-0.8049,-0.0874,0.2525,-0.4374,0.1931,2027
33,-0.207,-0.8374,-0.1099,0.225,-0.4711,0.188,2051
33,-0.1597,-0.8408,-0.1196,0.2486,-0.4698,0.1764,2053
33,-0.165,-0.8486,-0.1296,0.2602,-0.5147,0.1927,2027
33,-0.1809,-0.8804,-0.1445,0.285,-0.5982,0.2137,2062
33,-0.1243,-0.948,-0.1392,0.3251,-0.6224,0.2168,2035
33,-0.1165,-1.0537,-0.0601,0.3606,-0.6476,0.2169,2056
33,-0.1213,-1.1653,-0.0203,0.3448,-0.6723,0.2244,2033
33,-0.1372,-1.2366,0.0029,0.2982,-0.6501,0.198,2060
34,-0.1582,-1.2512,0.0469,0.2565,-0.6393,0.1912,2047
34,-0.1536,-1.2603,0.0295,0.2618,-0.6652,0.1768,2051
34,-0.1536,-1.3318,0.0466,0.2543,-0.6614,0.1623,2049
34,-0.1733,-1.4487,0.0789,0.2775,-0.5827,0.1376,2044
34,-0.1963,-1.5781,0.1389,0.294,-0.5145,0.1216,2057
34,-0.2173,-1.5955,0.1008,0.2967,-0.4338,0.0927,2005
34,-0.2593,-1.5562,0.0571,0.2649,-0.3213,0.0466,2041
34,-0.3093,-1.4712,0.0181,0.359,-0.2196,0.0172,2052
34,-0.325,-1.4539,0.0215,0.4333,-0.1959,0.0341,2052
34,-0.3013,-1.449,0.0649,0.4627,-0.1585,0.0795,2058
34,-0.2935,-1.4119,0.0938,0.5393,-0.0611,0.1113,2053
34,-0.27,-1.4324,0.1514,0.5561,0.1091,0.1426,2035
34,-0.2722,-1.53,0.1851,0.6612,0.2246,0.1113,2051
34,-0.3076,-1.6003,0.1914,0.6807,0.2029,-0.015,2043
34,-0.2808,-1.6616,0.1604,0.6257,-0.0266,-0.0574,2042
34,-0.324,-1.634,0.1379,0.5203,-0.4361,-0.0302,2054
34,-0.3291,-1.5403,0.1282,0.4513,-0.7271,0.0522,2045
34,-0.3833,-1.4392,0.1509,0.3679,-0.8407,0.1807,2061
34,-0.4172,-1.3401,0.2297,0.3334,-0.7019,0.2922,2046
34,-0.3318,-1.2073,0.3188,0.2946,-0.3477,0.3225,2042
34,-0.1895,-1.0796,0.3547,0.265,-0.0858,0.3324,2033
34,-0.1265,-1.0361,0.3784,0.2758,0.0664,0.3304,2046
34,-0.1633,-1.0605,0.3853,0.2453,0.1123,0.3406,2040
34,-0.2556,-1.0369,0.3608,0.1654,0.0204,0.3602,2048
34,-0.334,-1.0303,0.2842,0.0683,0.0056,0.3976,2045
34,-0.3462,-1.0132,0.2065,-0.0093,0.0758,0.4203,2044
34,-0.3425,-0.9956,0.1511,-0.0651,0.1168,0.4454,2041
34,-0.3225,-0.9968,0.1365,-0.122,0.1549,0.4598,2043
34,-0.2908,-0.9675,0.0271,-0.1011,0.1852,0.4243,2050
34,-0.25,-0.8811,-0.0457,0.032,0.1847,0.3666,2054
34,-0.2478,-0.8506,-0.0637,0.1092,0.1671,0.3342,2052
34,-0.2258,-0.842,-0.0933,0.1244,0.184,0.3265,2044
34,-0.1567,-0.8274,-0.0918,0.1252,0.177,0.3308,2046
34,-0.1172,-0.8086,-0.0637,0.1224,0.1397,0.3053,2044
34,-0.1333,-0.79,-0.033,0.1103,0.0595,0.2666,2047
34,-0.113,-0.7849,-0.0193,0.0965,-0.0289,0.2257,2041
34,-0.1548,-0.7698,0.0029,0.0816,-0.0281,0.1951,2049
34,-0.1953,-0.7485,0.01,0.0623,-0.0113,0.1803,2046
34,-0.2366,-0.7144,0.0071,0.0309,0.0079,0.1555,2043
34,-0.2678,-0.6689,-0.0569,0.0682,0.1,0.1051,2046
34,-0.2505,-0.6665,-0.0618,0.0814,0.1451,0.066,2043
34,-0.2227,-0.6602,-0.0906,0.0818,0.1983,0.0467,2039
34,-0.1987,-0.6406,-0.0769,0.0867,0.2388,0.0525,2044
34,-0.1775,-0.6343,-0.0571,0.082,0.2209,0.0515,2045
34,-0.1738,-0.6421,-0.0515,0.0525,0.2152,0.0254,2047
34,-0.1533,-0.6448,-0.042,0.0286,0.1432,-0.0023,2051
34,-0.1589,-0.6389,-0.0488,0.0513,0.0481,-0.0226,2034
34,-0.1995,-0.6372,-0.0676,0.0731,-0.0314,-0.0605,2045
34,-0.2458,-0.6304,-0.1038,0.1342,-0.0782,-0.0912,2058
34,-0.2988,-0.6538,-0.1191,0.1875,-0.0945,-0.1047,2036
34,-0.3262,-0.7375,-0.1135,0.2101,-0.0445,-0.1173,2035
34,-0.3101,-0.824,-0.1003,0.1811,0.0214,-0.1297,2065
34,-0.2878,-0.8933,-0.0708,0.1987,0.0706,-0.1673,2016
34,-0.2852,-0.918,-0.0271,0.237,0.01,-0.2185,2032
34,-0.2896,-0.9495,-0.042,0.2679,-0.0586,-0.2669,2018
34,-0.3159,-0.9861,-0.0288,0.3137,-0.0341,-0.2942,2031
34,-0.407,-1.011,0.0251,0.3087,0.0178,-0.299,2039
34,-0.4343,-1.0654,0.083,0.3164,-0.0218,-0.2834,2048
34,-0.4189,-1.1304,0.1482,0.2787,0.0734,-0.3169,2038
34,-0.4731,-1.1831,0.189,0.3449,0.0933,-0.3215,2037
34,-0.5647,-1.2153,0.2087,0.3967,0.0831,-0.3313,2049
34,-0.592,-1.2834,0.2283,0.352,0.0603,-0.3563,2025
34,-0.6033,-1.302,0.2043,0.3204,0.072,-0.3573,2056
34,-0.5747,-1.3435,0.2312,0.2639,0.0265,-0.351,2051
34,-0.51,-1.3364,0.2542,0.2155,0.0121,-0.3583,2032
34,-0.4707,-1.3018,0.2297,0.1899,0.0839,-0.3851,2033
34,-0.437,-1.2649,0.1956,0.1493,0.1578,-0.4191,2043
34,-0.3855,-1.2212,0.2009,0.1081,0.2087,-0.4396,2026
34,-0.3308,-1.1648,0.1821,0.1071,0.3095,-0.4646,2053
34,-0.3364,-1.1882,0.136,0.1224,0.3433,-0.4446,2053
34,-0.3137,-1.3469,0.1562,0.1237,0.2752,-0.4145,2045
34,-0.312,-1.4832,0.1428,0.0995,0.1598,-0.3907,2044
34,-0.343,-1.5715,0.0952,0.0505,0.0683,-0.3587,2044
34,-0.3462,-1.6433,0.0305,-0.018,0.0073,-0.3429,2032
34,-0.2983,-1.6765,0.0369,-0.0778,-0.0569,-0.3416,2063
34,-0.2703,-1.6804,0.0125,-0.1489,-0.0566,-0.3381,2049
34,-0.2715,-1.6328,0.0286,-0.2472,0.0023,-0.339,2053
34,-0.2468,-1.5425,0.0181,-0.3288,0.066,-0.3665,2040
34,-0.1948,-1.4446,-0.01,-0.322,0.0477,-0.3972,2044
34,-0.1877,-1.3408,-0.0132,-0.3124,0.0029,-0.4047,2054
34,-0.1995,-1.2893,-0.012,-0.2916,-0.0438,-0.3602,2052
34,-0.2241,-1.2566,0.0686,-0.2701,-0.0252,-0.2996,2048
34,-0.2466,-1.2324,0.1123,-0.2868,-0.0794,-0.2364,2054
34,-0.2322,-1.219,0.1667,-0.2952,-0.1704,-0.1894,2044
34,-0.2214,-1.2197,0.2002,-0.3083,-0.2456,-0.1325,2053
34,-0.2305,-1.1763,0.186,-0.3336,-0.3073,-0.075,2043
34,-0.2339,-1.1208,0.1919,-0.3739,-0.3705,-0.0186,2050
34,-0.24,-1.1021,0.1487,-0.3426,-0.3504,0.0273,2038
34,-0.2617,-1.1138,0.1184,-0.3113,-0.3187,0.0635,2036
34,-0.2598,-1.0969,0.0637,-0.3132,-0.2328,0.1045,2048
34,-0.2615,-1.0522,-0.0449,-0.3374,-0.1495,0.1523,2035
34,-0.2192,-0.9517,-0.1077,-0.257,-0.1373,0.1639,2043
34,-0.1909,-0.9453,-0.1113,-0.1835,-0.167,0.1388,2051
34,-0.1448,-0.9216,-0.1499,-0.1212,-0.1794,0.1169,2039
34,-0.167,-0.9067,-0.147,-0.0704,-0.1394,0.1216,2030
34,-0.1714,-0.8899,-0.1406,-0.0406,-0.1627,0.1457,2042
34,-0.1465,-0.8916,-0.1118,-0.0184,-0.2282,0.1571,2040
34,-0.1252,-0.8845,-0.0698,-0.0025,-0.297,0.1561,2037
34,-0.1506,-0.8652,-0.0396,0.0092,-0.3433,0.1517,2042
34,-0.1758,-0.8386,-0.0234,-0.0084,-0.3916,0.1463,2038
35,-0.1885,-0.8086,-0.0168,0.0049,-0.3928,0.1479,2048
35,-0.1985,-0.7849,-0.0254,0.0092,-0.389,0.1493,2040
35,-0.2109,-0.7747,-0.0647,0.0031,-0.3774,0.1404,2055
35,-0.1914,-0.751,-0.0986,0.0186,-0.3633,0.1322,2043
35,-0.1951,-0.7483,-0.1624,0.0734,-0.3217,0.1258,2036
35,-0.2026,-0.7656,-0.1953,0.1148,-0.2968,0.1143,2043
35,-0.1743,-0.7903,-0.1912,0.1288,-0.28,0.1213,2068
35,-0.1394,-0.8259,-0.1995,0.1382,-0.2791,0.1206,2035
35,-0.1028,-0.8403,-0.1831,0.1633,-0.3145,0.0993,2035
35,-0.1074,-0.8442,-0.1584,0.1968,-0.3842,0.0965,2053
35,-0.1479,-0.864,-0.1592,0.265,-0.4203,0.0924,2055
35,-0.1992,-0.9175,-0.1458,0.3219,-0.3895,0.0932,2040
35,-0.2251,-0.978,-0.1174,0.3342,-0.3088,0.0867,2025
35,-0.2126,-1.0554,-0.0923,0.2838,-0.2622,0.0917,2047
35,-0.1838,-1.1145,-0.1089,0.2304,-0.2663,0.0726,2075
35,-0.1523,-1.1648,-0.1245,0.2234,-0.2982,0.0329,2065
35,-0.1594,-1.2075,-0.1521,0.2465,-0.3545,-0.0138,2019
35,-0.1816,-1.2627,-0.1348,0.2806,-0.4615,-0.0641,2037
35,-0.2236,-1.3069,-0.1304,0.2826,-0.4956,-0.0856,2044
35,-0.272,-1.3467,-0.1443,0.3157,-0.4818,-0.0941,2045
35,-0.3206,-1.3738,-0.1321,0.3537,-0.3582,-0.1233,2082
35,-0.3472,-1.4155,-0.0806,0.3698,-0.2955,-0.1362,2056
35,-0.3633,-1.4609,-0.0386,0.3622,-0.2639,-0.1421,2053
35,-0.3582,-1.5144,0.0254,0.3207,-0.2916,-0.1224,2050
35,-0.345,-1.5701,0.074,0.2896,-0.3814,-0.1061,2038
35,-0.3699,-1.5801,0.1157,0.3015,-0.3794,-0.0866,2047
35,-0.3826,-1.5474,0.1318,0.2903,-0.3591,-0.0515,2028
35,-0.3494,-1.4949,0.1526,0.2719,-0.3156,0.0298,2047
35,-0.365,-1.4326,0.1401,0.3152,-0.2151,0.0915,2040
35,-0.3843,-1.415,0.1855,0.4006,-0.1101,0.1225,2042
35,-0.3982,-1.4634,0.2153,0.4235,-0.1068,0.1666,2043
35,-0.3745,-1.5093,0.1907,0.4308,-0.133,0.1958,2055
35,-0.3794,-1.5833,0.1758,0.4409,-0.2891,0.2093,2031
35,-0.3359,-1.6919,0.1428,0.4011,-0.5532,0.2085,2043
35,-0.2651,-1.7502,0.0925,0.3574,-0.8697,0.2215,2044
35,-0.2405,-1.6389,0.1096,0.3191,-1.0541,0.2687,2038
35,-0.282,-1.5127,0.1416,0.3484,-1.0063,0.3505,2036
35,-0.3064,-1.4241,0.1885,0.4077,-0.7513,0.3923,2040
35,-0.283,-1.3311,0.2683,0.4068,-0.4384,0.4085,2053
35,-0.207,-1.2112,0.3489,0.3425,-0.2662,0.4429,2033
35,-0.1313,-1.1121,0.3652,0.2942,-0.1772,0.4674,2042
35,-0.104,-1.0713,0.3745,0.2378,-0.1542,0.4847,2033
35,-0.1511,-1.0669,0.4053,0.1131,-0.1715,0.5164,2049
35,-0.1685,-1.0579,0.3687,0.0782,-0.1253,0.4984,2067
35,-0.2109,-1.0425,0.2998,0.0581,-0.0723,0.4809,2043
35,-0.2646,-1.0024,0.2266,0.1043,0.0176,0.4522,2038
35,-0.2637,-0.9663,0.1467,0.1027,-0.0028,0.4554,2057
35,-0.2605,-0.9507,0.0583,0.0988,0.0641,0.4649,2045
35,-0.2297,-0.9307,0.0173,0.0933,0.1529,0.4791,2041
35,-0.1831,-0.8911,-0.0122,0.1039,0.1658,0.4713,2038
35,-0.1138,-0.8745,-0.0251,0.0945,0.1382,0.4496,2040
35,-0.0469,-0.8621,-0.0027,0.1041,0.1338,0.4144,2048
35,-0.0481,-0.8281,0.0244,0.1348,0.0975,0.3832,2026
35,-0.1152,-0.8015,0.0071,0.1625,0.1182,0.3585,2043
35,-0.1802,-0.812,-0.0339,0.1503,0.1145,0.3217,2041
35,-0.2124,-0.8025,-0.0293,0.1542,0.0895,0.276,2040
35,-0.2649,-0.7976,-0.0513,0.1238,0.0979,0.2558,2047
35,-0.2429,-0.8123,-0.0991,0.0948,0.0278,0.2245,2044
35,-0.2415,-0.8018,-0.1208,0.0503,0.0017,0.2111,2040
35,-0.2146,-0.7861,-0.0918,0.0747,-0.0666,0.1784,2047
35,-0.2488,-0.7573,-0.0923,0.1096,-0.0819,0.165,2047
35,-0.2727,-0.7637,-0.084,0.0748,-0.0352,0.1443,2055
35,-0.2334,-0.7468,-0.072,0.0605,-0.0214,0.1159,2039
35,-0.1729,-0.7292,-0.0503,0.0601,-0.0202,0.1111,2016
35,-0.1604,-0.7261,-0.0483,0.0395,-0.0626,0.0981,2058
35,-0.1829,-0.7356,-0.0557,0.0232,-0.1021,0.0787,2036
35,-0.2153,-0.7339,-0.0896,0.0248,-0.1637,0.0534,2051
35,-0.2737,-0.7322,-0.1143,0.0614,-0.1699,0.0362,2039
35,-0.3303,-0.7595,-0.1306,0.0715,-0.1838,0.0337,2036
35,-0.3638,-0.7715,-0.1306,0.0735,-0.2068,0.0236,2052
35,-0.3491,-0.7881,-0.1335,0.0574,-0.216,0.0268,2054
35,-0.3169,-0.8284,-0.0977,0.0521,-0.2266,-0.0015,2043
35,-0.2966,-0.8606,-0.0835,0.0587,-0.2702,-0.0414,2034
35,-0.3154,-0.8826,-0.064,0.0533,-0.3237,-0.0703,2040
35,-0.3301,-0.8965,-0.0625,0.0751,-0.3739,-0.1031,2057
35,-0.3665,-0.9019,-0.0571,0.1278,-0.3866,-0.1229,2044
35,-0.407,-0.9207,-0.0186,0.1962,-0.3333,-0.1237,2032
35,-0.5173,-0.9128,0.0293,0.2429,-0.2156,-0.0912,2049
35,-0.4829,-0.9741,0.0198,0.157,-0.3496,-0.068,2035
35,-0.4116,-0.9795,0.1191,0.2745,-0.2776,-0.0932,2053
35,-0.4822,-1.0325,0.116,0.2867,-0.2105,-0.0402,2084
35,-0.5532,-1.051,0.0847,0.2862,-0.2621,-0.0316,2053
35,-0.4402,-1.1121,0.0811,0.2986,-0.4381,-0.0603,2038
35,-0.4927,-1.1079,0.1213,0.388,-0.345,-0.0694,2049
35,-0.5906,-1.1873,0.1113,0.4031,-0.2422,-0.0242,2050
35,-0.5847,-1.2126,0.1106,0.4153,-0.0786,-0.0361,2047
35,-0.5437,-1.2119,0.1672,0.422,0.1571,-0.0631,2026
35,-0.5105,-1.2295,0.1375,0.4221,0.3629,-0.0649,2049
35,-0.4565,-1.2683,0.1548,0.3232,0.5654,-0.0788,2029
35,-0.4192,-1.248,0.1726,0.2915,0.6774,-0.0943,2037
35,-0.3779,-1.2261,0.1665,0.2737,0.6897,-0.1338,2042
35,-0.3579,-1.2148,0.0962,0.2887,0.6108,-0.1547,2046
35,-0.4314,-1.2075,0.0503,0.3378,0.5809,-0.173,2042
35,-0.449,-1.2068,0.0522,0.3453,0.5352,-0.165,2047
35,-0.4473,-1.1821,0.0957,0.2729,0.51,-0.1634,2036
35,-0.4407,-1.2715,0.1545,0.242,0.4835,-0.121,2049
35,-0.459,-1.4204,0.1772,0.1526,0.263,-0.1581,2034
35,-0.4092,-1.4917,0.1633,0.0902,0.0194,-0.2147,2061
35,-0.4014,-1.4912,0.0618,0.045,0.0132,-0.2711,2032
35,-0.344,-1.5076,-0.0303,0.0494,-0.0754,-0.2698,2043
35,-0.2559,-1.6111,-0.1267,0.0925,-0.2493,-0.2722,2037
35,-0.1843,-1.6663,-0.1174,0.0226,-0.3456,-0.251,2058
35,-0.1396,-1.7,-0.0588,-0.0579,-0.4127,-0.2345,2051
35,-0.0837,-1.6599,0.0049,-0.1573,-0.5197,-0.247,2065
35,-0.0737,-1.5325,0.0754,-0.2137,-0.6395,-0.2988,2063
36,-0.1392,-1.4077,0.1323,-0.2615,-0.7247,-0.293,2037
36,-0.2361,-1.2913,0.2136,-0.2854,-0.7789,-0.2225,2050
36,-0.3264,-1.2249,0.2441,-0.3666,-0.7126,-0.1045,2043
36,-0.321,-1.1921,0.2483,-0.4199,-0.613,0.0007,2049
36,-0.2527,-1.1885,0.2466,-0.4233,-0.5698,0.0491,2045
36,-0.2227,-1.198,0.2234,-0.4623,-0.5863,0.1083,2049
36,-0.2141,-1.188,0.2007,-0.4773,-0.6163,0.1565,2047
36,-0.2239,-1.1245,0.1382,-0.5244,-0.6661,0.1911,2067
36,-0.2246,-1.0342,0.0615,-0.5778,-0.6251,0.2341,2042
36,-0.228,-0.9692,-0.0059,-0.5335,-0.5532,0.2764,2044
36,-0.1978,-0.9749,-0.0432,-0.4763,-0.5062,0.3028,2037
36,-0.1729,-0.981,-0.0837,-0.4782,-0.5078,0.3306,2037
36,-0.1768,-0.9541,-0.0979,-0.4079,-0.5592,0.3493,2057
36,-0.1646,-0.9792,-0.0996,-0.38,-0.6232,0.3549,2035
36,-0.1848,-0.9502,-0.1003,-0.324,-0.6564,0.3569,2042
36,-0.1716,-0.9343,-0.0886,-0.3053,-0.7126,0.3623,2044
36,-0.1501,-0.8999,-0.0735,-0.2767,-0.7392,0.365,2044
36,-0.1326,-0.8564,-0.073,-0.2393,-0.7291,0.3693,2048
36,-0.1233,-0.8601,-0.04,-0.2722,-0.7231,0.3807,2044
36,-0.135,-0.822,-0.0535,-0.2456,-0.6809,0.3994,2043
36,-0.1455,-0.8552,-0.032,-0.2104,-0.6403,0.4075,2056
36,-0.1399,-0.8772,-0.0303,-0.247,-0.6217,0.4097,2044
36,-0.1418,-0.8557,-0.0605,-0.2806,-0.567,0.4139,2035
36,-0.1379,-0.8528,-0.0671,-0.2706,-0.5492,0.4043,2041
36,-0.1187,-0.866,-0.0652,-0.3068,-0.5801,0.3914,2047
36,-0.1189,-0.8401,-0.0991,-0.3157,-0.6136,0.3747,2047
36,-0.1335,-0.8625,-0.1118,-0.2978,-0.6333,0.3681,2067
36,-0.1431,-0.8901,-0.1208,-0.3139,-0.6682,0.3573,2038
36,-0.1584,-0.8938,-0.1426,-0.3767,-0.6891,0.3437,2047
36,-0.1938,-0.9043,-0.1431,-0.2766,-0.6444,0.3231,2018
36,-0.186,-0.9326,-0.1516,-0.2288,-0.6209,0.2948,2035
36,-0.2039,-0.9502,-0.1812,-0.1973,-0.6223,0.2671,2049
36,-0.1885,-0.9788,-0.1904,-0.1627,-0.7002,0.253,2028
36,-0.2092,-0.99,-0.2092,-0.1362,-0.736,0.2394,2061
36,-0.2136,-1.0112,-0.2075,-0.1217,-0.7893,0.2385,2059
36,-0.2139,-1.0295,-0.1934,-0.1072,-0.8343,0.2413,2035
36,-0.2471,-1.041,-0.1848,-0.0976,-0.7994,0.2374,2046
36,-0.2563,-1.0701,-0.1582,-0.0722,-0.746,0.2298,2034
36,-0.2642,-1.1077,-0.1431,-0.037,-0.6956,0.228,2048
36,-0.2693,-1.1343,-0.1277,-0.0127,-0.6553,0.2241,2049
36,-0.2773,-1.1484,-0.1282,-0.0032,-0.659,0.2221,2048
36,-0.2754,-1.144,-0.1296,-0.0158,-0.6915,0.2254,2027
36,-0.292,-1.1401,-0.1335,-0.0253,-0.7132,0.2318,2054
36,-0.3186,-1.1189,-0.1501,-0.0658,-0.7478,0.2282,2030
36,-0.345,-1.1099,-0.1575,-0.0269,-0.7871,0.2578,2045
36,-0.3682,-1.0874,-0.189,-0.0228,-0.8264,0.2836,2054
36,-0.376,-1.0745,-0.2129,0.0024,-0.8264,0.3137,2047
36,-0.3899,-1.0789,-0.2351,0.0439,-0.8214,0.334,2038
36,-0.397,-1.0657,-0.2339,0.1052,-0.7841,0.3433,2051
36,-0.3882,-1.0869,-0.2378,0.1553,-0.7522,0.3645,2037
36,-0.377,-1.1133,-0.2317,0.1989,-0.7865,0.3847,2045
36,-0.3672,-1.1626,-0.2183,0.2024,-0.8649,0.4067,2058
36,-0.3728,-1.1997,-0.2073,0.1958,-0.938,0.4268,2032
36,-0.3796,-1.2295,-0.1543,0.1621,-1.0792,0.461,2035
36,-0.3811,-1.25,-0.1497,0.1433,-1.1552,0.4934,2061
36,-0.3848,-1.28,-0.1187,0.1205,-1.2286,0.5384,2054
36,-0.3931,-1.3108,-0.1165,0.1128,-1.2508,0.5714,2052
36,-0.4189,-1.2969,-0.1245,0.1001,-1.2163,0.583,2028
36,-0.4233,-1.2747,-0.1458,0.1276,-1.2078,0.596,2046
36,-0.4209,-1.2842,-0.145,0.1253,-1.1223,0.6149,2052
36,-0.4214,-1.3672,-0.1067,0.1412,-0.9638,0.6368,2047
36,-0.4194,-1.4548,-0.0662,0.1325,-0.8028,0.6343,2047
36,-0.4023,-1.446,0.021,0.0533,-0.7126,0.6022,2047
36,-0.3445,-1.3662,0.083,-0.0373,-0.7111,0.5733,2040
36,-0.3201,-1.3633,0.127,-0.0961,-0.7847,0.539,2042
36,-0.3025,-1.4187,0.1289,-0.186,-1.0065,0.5394,2038
36,-0.3086,-1.4497,0.1133,-0.2842,-1.2766,0.5393,2043
36,-0.3069,-1.4287,0.0813,-0.3595,-1.5356,0.5482,2054
36,-0.3245,-1.3896,0.0273,-0.4248,-1.6289,0.5589,2043
36,-0.3542,-1.3105,-0.0217,-0.4384,-1.5258,0.5755,2045
36,-0.3333,-1.2202,-0.0244,-0.4239,-1.2588,0.577,2041
36,-0.2739,-1.1033,-0.022,-0.4493,-0.9778,0.5713,2067
36,-0.1658,-1.0007,0.0542,-0.4642,-0.8292,0.5795,2032
36,-0.1223,-0.9177,0.1157,-0.507,-0.8537,0.5908,2043
36,-0.2004,-0.8706,0.1519,-0.575,-0.8907,0.6138,2048
36,-0.2549,-0.8687,0.1445,-0.6392,-1.0367,0.6106,2050
36,-0.2446,-0.9026,0.0754,-0.7281,-1.1685,0.6028,2049
36,-0.2563,-0.8872,0.0857,-0.6968,-1.3255,0.5988,2044
36,-0.2974,-0.8853,0.0962,-0.6404,-1.4298,0.5907,2047
36,-0.4285,-0.8667,0.0085,-0.6351,-1.3653,0.5927,2042
36,-0.4971,-0.8738,-0.0703,-0.6048,-1.1994,0.5978,2046
36,-0.3999,-0.9297,-0.125,-0.6079,-1.0918,0.5924,2032
36,-0.2852,-0.9417,-0.1545,-0.5847,-1.025,0.5654,2051
36,-0.1931,-0.9346,-0.1663,-0.5476,-1.0489,0.5271,2035
36,-0.1472,-0.9258,-0.1575,-0.5289,-1.0967,0.4919,2027
36,-0.125,-0.9363,-0.1375,-0.5283,-1.1227,0.4536,2020
36,-0.0779,-0.9292,-0.0989,-0.491,-1.2082,0.3919,2035
36,-0.0625,-0.9602,-0.106,-0.463,-1.2367,0.3374,2050
36,-0.1128,-0.9727,-0.0769,-0.4525,-1.2041,0.3031,2058
36,-0.1658,-0.9976,-0.0693,-0.4529,-1.2254,0.2674,2048
36,-0.2151,-1.0085,-0.0725,-0.4461,-1.2027,0.2276,2043
36,-0.2754,-1.0339,-0.0676,-0.459,-1.1631,0.1883,2029
36,-0.2917,-1.0361,-0.0635,-0.4641,-1.1523,0.1377,2047
36,-0.3147,-1.0305,-0.0708,-0.4946,-1.0963,0.0993,2039
36,-0.293,-1.0315,-0.0627,-0.5018,-1.0732,0.0578,2042
36,-0.2908,-1.0222,-0.0669,-0.5023,-1.0552,0.0407,2050
36,-0.3103,-1.0068,-0.0769,-0.5153,-1.044,0.0262,2042
36,-0.2942,-1.0027,-0.0933,-0.5082,-1.048,0.0221,2055
36,-0.2891,-1.002,-0.0981,-0.5062,-1.0533,0.012,2055
36,-0.2864,-1.0186,-0.1299,-0.5015,-1.113,0.0011,2059
36,-0.3347,-1.0198,-0.1233,-0.4842,-1.1158,-0.0132,2030
37,-0.3604,-1.0156,-0.1257,-0.4894,-1.1487,-0.016,2058
37,-0.3542,-1.0093,-0.0969,-0.4626,-1.1692,-0.0047,2035
37,-0.4348,-0.9946,-0.0889,-0.4589,-1.1097,0.0157,2037
37,-0.4417,-0.9885,-0.0925,-0.4579,-1.1388,0.0266,2043
37,-0.4243,-0.9739,-0.0747,-0.4373,-1.125,0.059,2032
37,-0.4622,-0.9475,-0.1008,-0.4275,-1.0927,0.0832,2040
37,-0.4353,-0.9407,-0.0906,-0.4216,-1.172,0.0993,2040
37,-0.4292,-0.9268,-0.1157,-0.4297,-1.1943,0.1284,2034
37,-0.4229,-0.9407,-0.1399,-0.4223,-1.2247,0.1569,2034
37,-0.437,-0.9941,-0.1208,-0.4159,-1.2753,0.1924,2040
37,-0.4016,-1.0305,-0.1306,-0.4312,-1.2852,0.1965,2032
37,-0.3838,-1.0598,-0.1416,-0.44,-1.2805,0.2001,2045
37,-0.3545,-1.0608,-0.1326,-0.4252,-1.272,0.2163,2039
37,-0.3379,-1.1035,-0.1367,-0.4232,-1.2448,0.2372,2045
37,-0.3291,-1.175,-0.144,-0.4524,-1.2033,0.2481,2073
37,-0.3213,-1.2485,-0.1733,-0.4775,-1.1636,0.2603,2047
37,-0.2913,-1.2822,-0.1624,-0.5255,-1.1662,0.2702,2024
37,-0.2507,-1.2964,-0.1443,-0.5624,-1.1884,0.2687,2033
37,-0.2129,-1.2822,-0.125,-0.6066,-1.226,0.2614,2033
37,-0.2075,-1.281,-0.0977,-0.6332,-1.2973,0.2469,2048
37,-0.2253,-1.4502,-0.0657,-0.6454,-1.3984,0.251,2054
37,-0.2607,-1.6392,-0.0518,-0.7004,-1.4456,0.1936,2047
37,-0.2385,-1.6985,-0.062,-0.8284,-1.5261,0.1507,2056
37,-0.2319,-1.6965,-0.0916,-0.862,-1.5665,0.12,2028
37,-0.2178,-1.613,-0.1328,-0.8943,-1.5474,0.0863,2061
37,-0.2092,-1.4399,-0.1675,-0.8946,-1.564,0.0325,2035
37,-0.1572,-1.3157,-0.2051,-0.8657,-1.5459,0.0093,2023
37,-0.1443,-1.2737,-0.2297,-0.828,-1.5178,0.0358,2047
37,-0.1177,-1.3062,-0.2253,-0.7929,-1.6097,0.0715,2048
37,-0.144,-1.314,-0.2146,-0.7166,-1.6436,0.1097,2064
37,-0.1655,-1.3438,-0.1843,-0.6155,-1.6632,0.1296,2051
37,-0.1357,-1.3882,-0.1387,-0.5526,-1.7912,0.1222,2042
37,-0.1228,-1.374,-0.0986,-0.5356,-1.8578,0.1433,2053
37,-0.123,-1.3311,-0.0713,-0.5283,-1.9184,0.1637,2036
37,-0.1396,-1.2668,-0.0671,-0.5149,-1.9286,0.182,2047
37,-0.1721,-1.229,-0.0413,-0.5107,-1.9265,0.1979,2046
37,-0.1758,-1.1748,-0.0505,-0.4428,-1.937,0.1946,2039
37,-0.2678,-1.1372,-0.0476,-0.4012,-1.905,0.2269,2041
37,-0.2908,-1.1162,-0.0703,-0.3498,-1.8748,0.2514,2037
37,-0.2627,-1.0911,-0.0842,-0.3057,-1.7753,0.2952,2054
37,-0.2554,-1.1035,-0.1072,-0.3023,-1.7399,0.3265,2046
37,-0.1912,-1.0879,-0.1143,-0.2737,-1.7053,0.3324,2038
37,-0.1479,-1.0774,-0.1453,-0.2513,-1.7036,0.3396,2045
37,-0.1421,-1.0447,-0.1724,-0.2266,-1.7608,0.3461,2055
37,-0.1345,-1.0247,-0.1807,-0.186,-1.7847,0.381,2041
37,-0.1392,-1.0122,-0.2063,-0.1458,-1.8405,0.3942,2035
37,-0.1465,-1.0164,-0.217,-0.1296,-1.8571,0.4147,2048
37,-0.1321,-1.0188,-0.2273,-0.0985,-1.8636,0.4292,2053
37,-0.1184,-1.0425,-0.2549,-0.0682,-1.9065,0.4536,2037
37,-0.1016,-1.0684,-0.2622,-0.0474,-1.9185,0.4634,2060
37,-0.0962,-1.0925,-0.281,-0.0234,-1.9278,0.4634,2042
37,-0.0916,-1.0957,-0.2942,0.0072,-1.9265,0.4512,2053
37,-0.1123,-1.1001,-0.3096,0.0507,-1.888,0.4385,2055
37,-0.1379,-1.1072,-0.2947,0.091,-1.8362,0.4223,2038
37,-0.1506,-1.1047,-0.3196,0.0999,-1.7681,0.4129,2037
37,-0.158,-1.0999,-0.3115,0.1121,-1.7373,0.4089,2037
37,-0.1575,-1.1204,-0.3252,0.1332,-1.6803,0.4109,2056
37,-0.1433,-1.1663,-0.2971,0.1545,-1.6969,0.403,2048
37,-0.1331,-1.1987,-0.3052,0.1674,-1.7624,0.4019,2066
37,-0.1272,-1.2449,-0.2817,0.1876,-1.7675,0.3995,2054
37,-0.1301,-1.2781,-0.2754,0.1651,-1.7988,0.404,2041
37,-0.1448,-1.2844,-0.2656,0.1611,-1.7849,0.3882,2037
37,-0.1724,-1.2864,-0.259,0.1104,-1.7554,0.4038,2039
37,-0.1631,-1.2693,-0.2607,0.1003,-1.7808,0.4376,2045
37,-0.1926,-1.2717,-0.2053,0.0888,-1.8311,0.4585,2046
37,-0.2297,-1.2249,-0.1956,0.1059,-1.8365,0.4561,2039
37,-0.2344,-1.1807,-0.1873,0.1426,-1.8266,0.4621,2062
37,-0.2712,-1.2144,-0.1851,0.13,-1.7315,0.4958,2007
37,-0.2617,-1.2461,-0.1646,0.1814,-1.7363,0.5352,2046
37,-0.2827,-1.3733,-0.1265,0.1669,-1.7026,0.5698,2038
37,-0.2974,-1.531,-0.0872,0.173,-1.6496,0.5698,2055
37,-0.3167,-1.5713,-0.032,0.108,-1.6416,0.5193,2035
37,-0.3027,-1.583,0.0205,-0.0125,-1.6583,0.4811,2032
37,-0.2761,-1.4856,0.0239,-0.0497,-1.7061,0.4189,2032
37,-0.2937,-1.3706,0.042,-0.0874,-1.8438,0.4,2064
37,-0.3057,-1.3306,0.0254,-0.1147,-1.9606,0.4384,2040
37,-0.2917,-1.3152,0.0073,-0.1305,-2.016,0.5024,2049
37,-0.29,-1.3018,0.0322,-0.1911,-1.9595,0.5831,2035
37,-0.2239,-1.2261,0.0581,-0.2024,-1.9116,0.649,2055
37,-0.1018,-1.0984,0.0989,-0.1629,-1.7921,0.6829,2043
37,-0.0547,-1.0518,0.2012,-0.142,-1.7868,0.7,2054
37,-0.0691,-1.0391,0.2729,-0.1666,-1.7764,0.6911,2047
37,-0.1104,-1.0291,0.3167,-0.2586,-1.8021,0.6589,2047
37,-0.1816,-1.0085,0.3206,-0.3593,-1.801,0.6737,2050
37,-0.218,-0.9653,0.312,-0.3943,-1.8694,0.6096,2038
37,-0.345,-0.9197,0.2175,-0.4236,-1.7435,0.6638,2072
37,-0.3303,-0.9475,0.1055,-0.4468,-1.6744,0.6831,2043
37,-0.2668,-0.9878,0.0176,-0.495,-1.6217,0.6685,2046
37,-0.1865,-1.0227,-0.0132,-0.4309,-1.5914,0.5863,2049
37,-0.1721,-1.009,-0.0525,-0.3445,-1.4074,0.6557,2038
37,-0.1648,-1.0381,-0.1443,-0.4003,-1.376,0.6769,2034
37,-0.0562,-1.0359,-0.1877,-0.4117,-1.4179,0.6295,2026
37,0.0757,-1.0005,-0.1416,-0.3854,-1.588,0.563,2047
37,0.0718,-0.9614,-0.146,-0.385,-1.7053,0.5176,2062
37,0.0049,-0.9526,-0.0959,-0.3591,-1.7654,0.4714,2037
37,-0.0447,-0.9734,-0.0623,-0.3565,-1.7736,0.4161,2040
37,-0.1135,-0.9912,-0.0413,-0.3393,-1.6873,0.346,2060
37,-0.1301,-1.0115,0.0103,-0.3349,-1.605,0.2834,2033
37,-0.124,-1.0271,0.0532,-0.3376,-1.5901,0.2555,2049
37,-0.2236,-1.0342,0.0449,-0.3926,-1.4408,0.2364,2042
37,-0.1909,-1.0503,0.0867,-0.4589,-1.4985,0.1908,2032
37,-0.1787,-1.03,0.0393,-0.494,-1.3785,0.169,2040
38,-0.2085,-1.0085,0.0151,-0.5582,-1.3418,0.1847,2059
38,-0.2163,-1.0007,-0.0188,-0.6072,-1.292,0.1526,2040
38,-0.1519,-0.9958,-0.0291,-0.624,-1.3541,0.128,2050
38,-0.0933,-1.0134,-0.0659,-0.5811,-1.3153,0.1237,2056
38,-0.1868,-1.0142,-0.0801,-0.5683,-1.2905,0.1541,2047
38,-0.2253,-1.031,-0.0498,-0.5645,-1.3275,0.1474,2048
38,-0.1873,-1.0439,-0.0032,-0.5521,-1.3625,0.1177,2040
38,-0.2168,-1.0518,0.0225,-0.5007,-1.4065,0.1222,2056
38,-0.3093,-1.0405,0.0354,-0.4421,-1.4099,0.1265,2052
38,-0.3655,-1.0054,0.083,-0.4513,-1.478,0.1641,2065
38,-0.4194,-1.0117,0.0554,-0.3979,-1.4272,0.1854,2037
38,-0.4534,-1.0278,0.0481,-0.3709,-1.2933,0.2096,2058
38,-0.4839,-1.0652,0.0391,-0.3253,-1.179,0.2328,2061
38,-0.4648,-1.1111,0.0193,-0.2982,-1.0816,0.2277,2041
38,-0.4111,-1.1423,-0.0034,-0.3041,-1.0503,0.22,2058
38,-0.3267,-1.137,-0.0491,-0.2924,-1.0071,0.2155,2026
38,-0.2837,-1.1545,-0.0786,-0.3037,-1.0327,0.2551,2035
38,-0.2937,-1.1812,-0.0667,-0.3015,-1.1067,0.2879,2040
38,-0.2854,-1.1682,-0.084,-0.3212,-1.1491,0.2906,2006
38,-0.2742,-1.1758,-0.1162,-0.3486,-1.12,0.2962,2027
38,-0.3113,-1.1743,-0.1389,-0.3607,-1.072,0.2691,2069
38,-0.3535,-1.2014,-0.1223,-0.3896,-1.0284,0.2482,2053
38,-0.3401,-1.2483,-0.1179,-0.4188,-0.9847,0.2215,2068
38,-0.3213,-1.2866,-0.1389,-0.4364,-0.9152,0.196,2048
38,-0.2754,-1.2832,-0.1621,-0.5931,-0.8428,0.2353,2032
38,-0.2554,-1.3706,-0.1426,-0.5558,-0.9191,0.2823,2039
38,-0.2385,-1.6245,-0.1687,-0.6632,-0.9192,0.2349,2049
38,-0.2285,-1.7542,-0.231,-0.808,-0.927,0.2001,2055
38,-0.1582,-1.8276,-0.2485,-0.8509,-1.0628,0.1466,2054
38,-0.074,-1.7908,-0.26,-0.8299,-1.1006,0.1792,2053
38,-0.0757,-1.6555,-0.2039,-0.8132,-1.0886,0.2514,2036
38,-0.1042,-1.5151,-0.1523,-0.7827,-1.0194,0.2999,2077
38,-0.0879,-1.3584,-0.063,-0.8044,-0.9652,0.3689,2032
38,-0.1328,-1.2683,0.021,-0.7881,-0.8624,0.4334,2045
38,-0.146,-1.3538,0.0828,-0.7484,-0.7866,0.4679,2061
38,-0.1199,-1.5164,0.1196,-0.7271,-0.7215,0.5066,2052
38,-0.1326,-1.6086,0.124,-0.7397,-0.7004,0.5183,2046
38,-0.0706,-1.6685,0.1663,-0.7881,-0.763,0.5105,2042
38,0.0083,-1.7278,0.2058,-0.8477,-0.8144,0.5054,2060
38,0.0291,-1.6667,0.2427,-0.9468,-0.8381,0.4976,2048
38,0.0042,-1.5325,0.2773,-1.0407,-0.9159,0.5092,2047
38,-0.0537,-1.4263,0.2483,-1.0545,-0.901,0.5148,2042
38,-0.1555,-1.3457,0.1418,-1.0083,-0.8102,0.5424,2028
38,-0.1514,-1.2683,0.0969,-0.9276,-0.7576,0.5438,2050
38,-0.2034,-1.1904,0.0303,-0.7867,-0.5428,0.5496,2037
38,-0.2144,-1.2039,0.0786,-0.7007,-0.3948,0.5456,2039
38,-0.116,-1.2344,0.0852,-0.6628,-0.2358,0.5508,2053
38,-0.0654,-1.2476,0.0801,-0.6468,-0.1201,0.4871,2040
38,-0.0122,-1.1877,0.0896,-0.5634,-0.1511,0.4127,2044
38,-0.0457,-1.0957,0.0469,-0.5564,-0.2597,0.3799,2034
38,-0.0898,-1.0215,0.0344,-0.5125,-0.3521,0.3774,2065
38,-0.1145,-0.9561,0.0298,-0.477,-0.4642,0.365,2050
38,-0.1526,-0.9187,-0.0017,-0.4875,-0.526,0.389,2046
38,-0.1555,-0.8516,-0.0576,-0.491,-0.6255,0.4293,2050
38,-0.1389,-0.7842,-0.1069,-0.452,-0.6811,0.4358,2043
38,-0.1582,-0.7268,-0.137,-0.3567,-0.7036,0.4225,2043
38,-0.1721,-0.7124,-0.1641,-0.3017,-0.6956,0.4321,2045
38,-0.1792,-0.7136,-0.1953,-0.2199,-0.6426,0.4248,2055
38,-0.1667,-0.7183,-0.2014,-0.1479,-0.5887,0.4181,2045
38,-0.1602,-0.7278,-0.1963,-0.1051,-0.4931,0.4096,2033
38,-0.1489,-0.6938,-0.2148,-0.0601,-0.4441,0.3976,2049
38,-0.1436,-0.6887,-0.2344,-0.0115,-0.4208,0.3952,2038
38,-0.1472,-0.6987,-0.2312,0.0297,-0.4413,0.4079,2027
38,-0.177,-0.6904,-0.2646,0.0847,-0.448,0.4112,2056
38,-0.1926,-0.7041,-0.2595,0.1506,-0.477,0.4141,2043
38,-0.2114,-0.7712,-0.2678,0.1561,-0.4723,0.4276,2028
38,-0.2561,-0.834,-0.2874,0.2045,-0.4027,0.4356,2005
38,-0.2788,-0.9197,-0.291,0.2705,-0.4003,0.4468,2048
38,-0.2959,-0.9944,-0.3235,0.1996,-0.3228,0.4344,2033
38,-0.3167,-1.0337,-0.3499,0.2135,-0.3686,0.4357,2046
38,-0.293,-1.1013,-0.3025,0.2373,-0.4742,0.4334,2006
38,-0.2896,-1.2202,-0.29,0.3057,-0.3839,0.4031,2040
38,-0.3721,-1.3013,-0.2554,0.3634,-0.3105,0.3528,2064
38,-0.4275,-1.3853,-0.248,0.367,-0.331,0.3117,2024
38,-0.4233,-1.5063,-0.2456,0.401,-0.3228,0.2678,2109
38,-0.4241,-1.563,-0.2515,0.4177,-0.2846,0.2457,2047
38,-0.4377,-1.5747,-0.1704,0.3296,-0.4771,0.2509,2043
38,-0.4282,-1.603,-0.2029,0.4087,-0.6083,0.2374,2065
38,-0.4448,-1.6243,-0.2249,0.3927,-0.5713,0.2024,2097
38,-0.4976,-1.5549,-0.1746,0.43,-0.6003,0.1796,2012
38,-0.4265,-1.5332,-0.1599,0.4633,-0.5958,0.1767,2108
38,-0.3687,-1.5259,-0.0552,0.5323,-0.465,0.1687,2044
38,-0.3521,-1.572,0.0771,0.6192,-0.3252,0.2293,2060
38,-0.3918,-1.6179,0.1797,0.6923,-0.1542,0.1838,2046
38,-0.4211,-1.5916,0.2014,0.6982,-0.0985,0.0418,2038
38,-0.4136,-1.6504,0.1482,0.7183,-0.2506,-0.0256,2046
38,-0.4568,-1.7212,0.0945,0.6588,-0.5441,-0.0346,2064
38,-0.4739,-1.6472,0.04,0.5862,-0.7486,-0.0061,2031
38,-0.4324,-1.5217,0.0659,0.5481,-0.7797,0.0517,2052
38,-0.375,-1.4692,0.1108,0.5904,-0.6331,0.0969,2054
38,-0.3547,-1.3271,0.2034,0.6331,-0.3557,0.0803,2042
38,-0.3035,-1.1445,0.2375,0.6377,-0.0768,0.0123,2075
38,-0.2363,-0.9602,0.2607,0.6457,0.1175,-0.0494,2044
38,-0.2488,-0.9365,0.2957,0.712,0.1855,-0.0538,2039
38,-0.3108,-1.0085,0.2898,0.7168,0.1226,-0.0546,2047
38,-0.3535,-1.0364,0.2705,0.7155,0.0635,-0.0866,2041
38,-0.3792,-1.0625,0.2705,0.6331,0.0176,-0.1077,2045
38,-0.3787,-1.0518,0.2861,0.543,-0.0656,-0.1031,2049
38,-0.3491,-1.0278,0.271,0.4084,-0.2264,-0.0912,2036
38,-0.3101,-0.9351,0.1943,0.3248,-0.3293,-0.0803,2035
38,-0.2903,-0.8616,0.1106,0.344,-0.3079,-0.0875,2030
38,-0.2949,-0.759,0.0176,0.3922,-0.2055,-0.0843,2039
38,-0.3215,-0.7197,-0.0671,0.5272,-0.0762,-0.0947,2051
39,-0.3201,-0.7388,-0.1492,0.5903,0.0892,-0.1229,2048
39,-0.2092,-0.7278,-0.2031,0.6998,0.2452,-0.1626,2050
39,-0.126,-0.741,-0.22,0.7614,0.2741,-0.2139,2040
39,-0.1365,-0.7856,-0.2,0.7833,0.2041,-0.2487,2049
39,-0.1858,-0.7781,-0.1736,0.7966,0.1273,-0.2717,2043
39,-0.2205,-0.7893,-0.1296,0.7799,-0.0228,-0.2896,2046
39,-0.2737,-0.8037,-0.1099,0.6309,-0.1081,-0.3219,2047
39,-0.3105,-0.7112,-0.0635,0.6675,-0.0847,-0.3701,2042
39,-0.3184,-0.6978,-0.0269,0.589,-0.133,-0.3642,2050
39,-0.3323,-0.6514,-0.051,0.5747,-0.0625,-0.3807,2044
39,-0.2712,-0.6672,-0.0366,0.5638,-0.0537,-0.4321,2039
39,-0.2212,-0.6628,-0.0457,0.593,-0.0204,-0.4777,2034
39,-0.2395,-0.687,-0.0894,0.5729,0.0081,-0.4912,2036
39,-0.2388,-0.6982,-0.1226,0.561,-0.0091,-0.5031,2043
39,-0.2239,-0.6973,-0.1099,0.5554,-0.0177,-0.4995,2035
39,-0.2468,-0.7007,-0.1072,0.5713,-0.0087,-0.486,2036
39,-0.2712,-0.7246,-0.1045,0.5775,-0.0236,-0.5032,2058
39,-0.2905,-0.7537,-0.1069,0.5881,-0.0683,-0.5132,2040
39,-0.3428,-0.8115,-0.0989,0.6418,-0.1037,-0.5414,2072
39,-0.3469,-0.8684,-0.0691,0.6617,-0.2541,-0.5843,2056
39,-0.3486,-0.9175,-0.0178,0.6564,-0.3765,-0.604,2040
39,-0.3865,-1.0078,-0.0239,0.6283,-0.3462,-0.611,2012
39,-0.3982,-1.0784,-0.0046,0.5924,-0.2722,-0.6321,2037
39,-0.384,-1.1079,0.0227,0.5753,-0.2378,-0.6564,1563
39,-0.395,-1.1138,0.0408,0.5434,-0.1866,-0.6565,2324
39,-0.3958,-1.1338,0.0608,0.549,-0.178,-0.6501,2167
39,-0.4136,-1.1638,0.1113,0.5386,-0.145,-0.6552,2039
39,-0.4585,-1.2214,0.2046,0.5525,-0.1143,-0.6574,2056
39,-0.4766,-1.2632,0.2317,0.4944,-0.0647,-0.6452,2048
39,-0.5073,-1.2903,0.2561,0.443,0.0015,-0.6271,2062
39,-0.4983,-1.2764,0.2729,0.3924,-0.0099,-0.5895,2036
39,-0.436,-1.2578,0.2798,0.3149,-0.0099,-0.5733,2034
39,-0.3796,-1.2319,0.2766,0.2208,0.0334,-0.5569,2040
39,-0.3362,-1.2605,0.2793,0.1537,0.0423,-0.514,2038
39,-0.2905,-1.3516,0.2717,0.1076,-0.0249,-0.4858,2043
39,-0.2561,-1.4785,0.2485,0.026,-0.0631,-0.4587,2036
39,-0.2671,-1.6196,0.2129,-0.0686,-0.1891,-0.4256,2053
39,-0.2659,-1.7615,0.1746,-0.114,-0.2882,-0.3988,2040
39,-0.292,-1.7822,0.2041,-0.1981,-0.3488,-0.353,2017
39,-0.2527,-1.6724,0.199,-0.2687,-0.3274,-0.3101,2038
39,-0.1682,-1.4827,0.2185,-0.331,-0.2059,-0.2721,2067
39,-0.1345,-1.3337,0.2366,-0.3625,-0.0376,-0.2602,2048
39,-0.1113,-1.2424,0.2217,-0.4011,0.0301,-0.2436,2064
39,-0.1245,-1.248,0.2102,-0.4232,0.0988,-0.1946,2064
39,-0.1829,-1.3,0.2139,-0.5002,0.0218,-0.133,2042
39,-0.2275,-1.2219,0.1973,-0.4478,-0.0792,-0.0679,2043
39,-0.2649,-1.2598,0.2039,-0.4474,-0.1159,-0.0071,2041
39,-0.251,-1.2683,0.186,-0.4954,-0.1115,0.0286,2050
39,-0.2588,-1.1853,0.1494,-0.5735,-0.1262,0.0269,2050
39,-0.2183,-1.0964,0.1221,-0.5461,-0.1794,0.0635,2056
39,-0.175,-1.0386,0.0698,-0.5699,-0.1586,0.0704,2033
39,-0.1631,-0.9885,0.0369,-0.5454,-0.1393,0.1029,2047
39,-0.1877,-0.9126,0.0205,-0.4867,-0.1252,0.1645,2044
39,-0.1821,-0.8855,0.0129,-0.453,-0.1101,0.2252,2044
39,-0.1885,-0.8633,-0.002,-0.4043,-0.0728,0.259,2057
39,-0.1953,-0.8623,0.0056,-0.3332,-0.0354,0.2779,2046
39,-0.1951,-0.864,-0.0139,-0.335,-0.0079,0.3101,2040
39,-0.1748,-0.8577,-0.041,-0.3836,0.0498,0.3228,2038
39,-0.1116,-0.8145,-0.0752,-0.4027,0.0304,0.3224,2055
39,-0.0786,-0.8047,-0.1125,-0.3606,-0.0043,0.3061,2041
39,-0.1021,-0.7861,-0.1445,-0.3239,-0.0125,0.3083,2060
39,-0.1448,-0.7844,-0.1699,-0.2824,-0.021,0.3107,2114
39,-0.1785,-0.7998,-0.1965,-0.2442,0.0485,0.3084,2010
39,-0.2068,-0.8396,-0.1956,-0.2494,0.1027,0.3006,2480
39,-0.1731,-0.8535,-0.21,-0.2487,0.0887,0.2826,1823
39,-0.1277,-0.8733,-0.2319,-0.2657,0.0836,0.267,1920
39,-0.1226,-0.856,-0.2061,-0.2935,-0.0237,0.2368,2000
39,-0.0879,-0.8704,-0.1692,-0.269,-0.1497,0.2225,2043
39,-0.1255,-0.8628,-0.1809,-0.247,-0.1574,0.2055,2029
39,-0.1797,-0.884,-0.1929,-0.227,-0.1691,0.1965,2049
39,-0.1982,-0.9033,-0.1484,-0.2501,-0.1262,0.182,2046
39,-0.1846,-0.939,-0.1528,-0.2109,-0.0531,0.1872,2017
39,-0.2083,-0.9788,-0.1465,-0.2145,-0.0103,0.1804,2035
39,-0.2163,-1.0396,-0.1541,-0.2092,-0.0153,0.1649,2044
39,-0.2002,-1.0525,-0.155,-0.118,-0.0655,0.1286,2047
39,-0.2759,-1.0747,-0.1838,-0.1682,-0.133,0.1234,2046
39,-0.2927,-1.0601,-0.1931,-0.1292,-0.1899,0.0992,2037
39,-0.2991,-1.0671,-0.1558,-0.0943,-0.2541,0.0803,2031
39,-0.3425,-1.1372,-0.147,-0.0674,-0.3071,0.0772,2044
39,-0.3652,-1.2058,-0.1331,-0.0305,-0.3525,0.0718,2045
39,-0.3521,-1.2817,-0.0889,0.0052,-0.3783,0.0798,2024
39,-0.3923,-1.2988,-0.0779,0.0658,-0.3739,0.0613,2048
39,-0.4268,-1.3027,-0.0581,0.0915,-0.3365,0.0485,2064
39,-0.4419,-1.3193,-0.074,0.1081,-0.3549,0.0514,2124
39,-0.438,-1.3611,-0.0703,0.1867,-0.3595,0.0649,2052
39,-0.4053,-1.4233,-0.0449,0.2064,-0.3872,0.1003,2045
39,-0.3948,-1.4958,-0.0056,0.2581,-0.3461,0.1282,2052
39,-0.3821,-1.5657,0.0764,0.2783,-0.3665,0.1445,2052
39,-0.3179,-1.6045,0.1011,0.2975,-0.3855,0.155,2054
39,-0.3472,-1.5762,0.1228,0.3055,-0.4199,0.189,2050
39,-0.3804,-1.4961,0.1091,0.3376,-0.437,0.2332,2021
39,-0.417,-1.4656,0.1252,0.3625,-0.4052,0.2818,2050
39,-0.4351,-1.4707,0.1177,0.3994,-0.3041,0.3192,2057
39,-0.4146,-1.5432,0.145,0.4334,-0.1983,0.3278,2041
39,-0.4133,-1.5798,0.1589,0.4931,-0.1069,0.267,2047
39,-0.3689,-1.5259,0.0969,0.5273,-0.114,0.1779,2044
39,-0.3582,-1.5049,0.0364,0.6088,-0.2129,0.12,2038
39,-0.3318,-1.5349,-0.001,0.6373,-0.4424,0.0951,2042
39,-0.2505,-1.5991,-0.0232,0.6035,-0.7871,0.1354,2060
39,-0.1589,-1.626,0.0544,0.5288,-1.0415,0.2016,2049
39,-0.1282,-1.551,0.1606,0.4537,-1.2118,0.2615,2070
39,-0.113,-1.3992,0.2812,0.3882,-1.201,0.2827,2054
40,-0.1633,-1.2144,0.3748,0.3498,-1.0037,0.2715,2067
40,-0.2161,-1.0586,0.4041,0.304,-0.6509,0.2292,2053
40,-0.2322,-0.9814,0.3967,0.2972,-0.2823,0.1762,2044
40,-0.209,-1.0195,0.3201,0.291,0.0035,0.1449,2041
40,-0.1848,-1.0496,0.2256,0.2646,0.1565,0.1318,2036
40,-0.1929,-1.0347,0.1504,0.2317,0.1795,0.1336,2051
40,-0.2202,-1.0068,0.0986,0.2047,0.1847,0.1386,2044
40,-0.2336,-0.9646,0.0847,0.1902,0.2119,0.1455,2044
40,-0.2185,-0.9026,0.0725,0.1583,0.1653,0.1679,2045
40,-0.2068,-0.833,0.0403,0.1743,0.127,0.1641,2040
40,-0.2346,-0.7458,-0.0183,0.2353,0.2229,0.1489,2050
40,-0.167,-0.7153,-0.0334,0.3049,0.1731,0.1278,2049
40,-0.2009,-0.7126,-0.02,0.287,0.2342,0.112,2039
40,-0.1306,-0.717,-0.0442,0.3518,0.1697,0.0976,2046
40,-0.0964,-0.7036,-0.0378,0.3352,0.1791,0.1234,2040
40,-0.1555,-0.7097,-0.0305,0.3136,0.1031,0.1325,2045
40,-0.1643,-0.7371,-0.0156,0.3203,0.0676,0.1088,2041
40,-0.1689,-0.7373,-0.0544,0.2627,0.078,0.0856,2046
40,-0.1931,-0.7361,-0.0454,0.2304,0.0919,0.0738,2052
40,-0.2112,-0.718,-0.03,0.202,0.0702,0.0756,2055
40,-0.2285,-0.6985,-0.0969,0.194,0.0904,0.0571,2041
40,-0.2615,-0.6567,-0.1233,0.2262,0.1061,0.0168,2055
40,-0.2725,-0.6743,-0.155,0.2224,0.1261,-0.0133,2052
40,-0.2444,-0.7126,-0.1526,0.2096,0.1381,-0.0236,2048
40,-0.197,-0.7466,-0.1272,0.1723,0.0979,-0.0262,2042
40,-0.1707,-0.7832,-0.1216,0.1276,0.0583,-0.0433,2031
40,-0.1702,-0.7925,-0.1038,0.1209,-0.0266,-0.0703,2051
40,-0.2053,-0.7944,-0.0845,0.1376,-0.0734,-0.12,2042
40,-0.2463,-0.8059,-0.084,0.1562,-0.0854,-0.1539,2040
40,-0.2937,-0.8213,-0.0713,0.1875,-0.073,-0.1832,2031
40,-0.3577,-0.8921,-0.0315,0.1787,-0.0302,-0.1944,2046
40,-0.384,-0.9441,-0.0168,0.1539,-0.0474,-0.1792,2041
40,-0.3955,-0.9976,0.0325,0.1807,-0.0141,-0.1671,2041
40,-0.4221,-1.0535,0.0366,0.1872,0.0623,-0.1754,2030
40,-0.4578,-1.0896,0.071,0.2489,0.0802,-0.2072,2075
40,-0.4832,-1.0972,0.05,0.2791,0.1095,-0.2033,2014
40,-0.5493,-1.0906,0.0178,0.3147,0.2527,-0.2141,2050
40,-0.5471,-1.0869,0.1157,0.3441,0.2904,-0.1944,2003
40,-0.4832,-1.1458,0.1572,0.3763,0.2665,-0.2093,2038
40,-0.4468,-1.2585,0.1904,0.3759,0.2304,-0.2199,2051
40,-0.4771,-1.3254,0.2515,0.3733,0.1321,-0.2325,2060
40,-0.5369,-1.3665,0.2637,0.3517,0.0048,-0.2465,2046
40,-0.5239,-1.373,0.2278,0.2903,0.0402,-0.2838,2066
40,-0.4656,-1.3394,0.2275,0.2064,0.0719,-0.2948,2030
40,-0.4111,-1.2439,0.1936,0.1533,0.1135,-0.298,2031
40,-0.4001,-1.2192,0.1313,0.0963,0.1589,-0.2979,2043
40,-0.366,-1.2551,0.106,0.1001,0.1376,-0.3321,2035
40,-0.3228,-1.385,0.0591,0.1273,0.1824,-0.3575,2069
40,-0.3242,-1.5381,0.0266,0.1015,0.1505,-0.3722,2049
40,-0.2874,-1.646,0.0056,0.0758,0.1015,-0.3967,2056
40,-0.2537,-1.729,0.0271,0.0534,0.0554,-0.3931,2047
40,-0.2424,-1.74,0.071,-0.0273,0.0434,-0.3642,2031
40,-0.2251,-1.623,0.1255,-0.1188,0.019,-0.3506,2057
40,-0.2197,-1.4409,0.137,-0.1856,0.0927,-0.3786,2039
40,-0.2068,-1.2803,0.1304,-0.2349,0.1697,-0.3959,2062
40,-0.2554,-1.1304,0.1064,-0.2448,0.2148,-0.3727,2032
40,-0.2422,-1.1252,0.0503,-0.2428,0.1453,-0.3456,2037
40,-0.1921,-1.1682,0.0281,-0.2049,0.1184,-0.2979,2045
40,-0.2524,-1.1978,0.0332,-0.1461,0.0522,-0.2306,2045
40,-0.259,-1.2319,0.0483,-0.1385,-0.0827,-0.1908,2056
40,-0.2063,-1.2615,0.0481,-0.1475,-0.1192,-0.1649,2043
40,-0.1943,-1.2451,0.0684,-0.2196,-0.1533,-0.1461,2043
40,-0.2183,-1.1133,0.0442,-0.1919,-0.2448,-0.1328,2052
40,-0.2036,-1.1101,0.0339,-0.1667,-0.2779,-0.119,2036
40,-0.2114,-1.0977,0.0144,-0.2093,-0.2766,-0.1196,2048
40,-0.2402,-1.0259,-0.0217,-0.1067,-0.2819,-0.1194,2046
40,-0.2498,-1.0029,-0.0669,-0.0884,-0.2928,-0.0931,2044
40,-0.2305,-0.9717,-0.1003,-0.0545,-0.2725,-0.0478,2037
40,-0.2349,-0.9458,-0.126,-0.0173,-0.2284,-0.0154,2040
40,-0.229,-0.9363,-0.1116,0.0096,-0.1566,0.0048,2043
40,-0.2026,-0.9478,-0.1011,0.0272,-0.121,0.0109,2059
40,-0.1389,-0.9497,-0.0945,0.0366,-0.0914,0.0145,2056
40,-0.1184,-0.9304,-0.073,0.0511,-0.082,0.0206,2043
40,-0.1311,-0.9229,-0.0776,0.0372,-0.0919,0.0258,2043
40,-0.144,-0.9031,-0.0815,0.0146,-0.1466,0.0388,2050
40,-0.1621,-0.8823,-0.1077,0.0089,-0.1727,0.0366,2044
40,-0.1729,-0.8643,-0.1155,-0.0039,-0.1973,0.0384,2057
40,-0.188,-0.8438,-0.1316,-0.0059,-0.2254,0.0425,2045
40,-0.1841,-0.8223,-0.1399,-0.0101,-0.255,0.0457,2067
40,-0.1858,-0.8088,-0.1631,-0.0011,-0.28,0.0518,2070
40,-0.1772,-0.8071,-0.1606,0.0137,-0.3101,0.0547,2037
40,-0.1858,-0.8052,-0.1531,0.0265,-0.3823,0.0623,2033
40,-0.1687,-0.8281,-0.1399,0.0617,-0.4042,0.0505,2032
40,-0.1543,-0.8357,-0.1304,0.0811,-0.4231,0.037,2066
40,-0.1436,-0.8506,-0.1235,0.1123,-0.4723,0.0269,2046
40,-0.1448,-0.8762,-0.1191,0.1534,-0.5626,0.0356,2032
40,-0.1687,-0.9297,-0.1045,0.1563,-0.628,0.0593,2049
40,-0.1897,-0.998,-0.0928,0.1575,-0.6558,0.0862,2063
40,-0.1838,-1.0559,-0.062,0.139,-0.6675,0.1031,2033
40,-0.1965,-1.1343,-0.0244,0.1097,-0.626,0.1035,2022
40,-0.1951,-1.2175,-0.0066,0.092,-0.5948,0.0771,2014
40,-0.1843,-1.2554,-0.0056,0.1246,-0.5366,0.0374,2013
40,-0.2004,-1.2673,-0.0208,0.1469,-0.5125,-0.0033,2049
40,-0.22,-1.2498,-0.0876,0.2336,-0.4607,-0.0382,2009
40,-0.2778,-1.2717,-0.0813,0.3476,-0.4617,-0.0445,2041
40,-0.2866,-1.3564,-0.0347,0.3304,-0.4767,-0.0131,2048
40,-0.2659,-1.4788,0.0078,0.3388,-0.4466,0.0109,2057
40,-0.231,-1.5947,0.0742,0.3051,-0.4532,-0.0152,2048
40,-0.1882,-1.6877,0.134,0.2658,-0.4741,-0.0503,2047
40,-0.1826,-1.6582,0.1802,0.2388,-0.5241,-0.075,2036
40,-0.2454,-1.5334,0.1479,0.2971,-0.528,-0.0875,2074
41,-0.3582,-1.4116,0.0989,0.3718,-0.4697,-0.0551,2021
41,-0.46,-1.2861,0.0771,0.491,-0.3072,0.0069,2044
41,-0.4915,-1.3208,0.1265,0.5729,-0.1213,0.1151,2081
41,-0.4631,-1.5054,0.186,0.6806,0.1133,0.1346,2033
41,-0.3464,-1.5964,0.2454,0.657,0.0614,0.087,2016
41,-0.2271,-1.6748,0.2314,0.6375,-0.2045,0.0523,2041
41,-0.2332,-1.6934,0.217,0.6058,-0.5374,0.021,2046
41,-0.2766,-1.6174,0.1965,0.4798,-0.9091,0.0728,2040
41,-0.3291,-1.4771,0.2097,0.4164,-1.0585,0.2129,2029
41,-0.4028,-1.4067,0.2153,0.3803,-0.93,0.3634,2045
41,-0.4116,-1.3408,0.2856,0.3469,-0.6308,0.4484,2044
41,-0.3074,-1.2397,0.3599,0.2852,-0.2982,0.4927,2057
41,-0.1855,-1.1123,0.4802,0.2244,-0.0748,0.5113,2032
41,-0.1396,-1.0063,0.4729,0.2153,0.0686,0.486,2033
41,-0.1826,-0.9509,0.405,0.2677,0.0601,0.4583,2038
41,-0.2573,-0.9636,0.3774,0.2991,0.0035,0.4705,2068
41,-0.2617,-1.0042,0.3384,0.2819,-0.0277,0.5137,2045
41,-0.2771,-0.9922,0.2776,0.238,0.0056,0.5723,2075
41,-0.2778,-0.9937,0.2322,0.1566,-0.0447,0.6197,2060
41,-0.2239,-0.9817,0.1807,0.0429,-0.0614,0.6693,2047
41,-0.176,-0.9478,0.1609,-0.0712,-0.0686,0.6995,2035
41,-0.113,-0.926,0.1738,-0.1497,-0.1232,0.7436,2040
41,-0.0518,-0.9463,0.2034,-0.2597,-0.2234,0.7809,2048
41,-0.0076,-0.9639,0.228,-0.3344,-0.2561,0.773,2043
41,0.0,-0.9443,0.2266,-0.4077,-0.2824,0.7704,2040
41,-0.072,-0.8906,0.1472,-0.4181,-0.2643,0.7344,2043
41,-0.1675,-0.8501,0.0393,-0.4272,-0.171,0.7098,2054
41,-0.238,-0.8315,-0.0442,-0.4225,-0.0305,0.6622,2050
41,-0.2473,-0.8083,-0.0989,-0.4468,0.1254,0.6295,2050
41,-0.249,-0.7896,-0.1135,-0.4405,0.2988,0.5703,2038
41,-0.1951,-0.8062,-0.1245,-0.4352,0.4115,0.4863,2046
41,-0.1355,-0.8171,-0.1125,-0.4863,0.4426,0.361,2055
41,-0.0549,-0.8083,-0.1421,-0.5541,0.3456,0.2843,2007
41,-0.082,-0.7556,-0.1018,-0.5785,0.2618,0.2328,2017
41,-0.1099,-0.7136,-0.0874,-0.6207,0.1329,0.1878,2031
41,-0.1335,-0.6921,-0.0847,-0.6153,0.1152,0.1571,2009
41,-0.1902,-0.6594,-0.0959,-0.598,0.1858,0.1915,2047
41,-0.2617,-0.6433,-0.0652,-0.5697,0.2747,0.2043,2057
41,-0.2959,-0.6641,-0.072,-0.5344,0.4172,0.1522,2046
41,-0.2656,-0.7268,-0.0977,-0.5221,0.4564,0.0878,2043
41,-0.238,-0.8059,-0.0913,-0.5512,0.528,0.061,2066
41,-0.2646,-0.8713,-0.0706,-0.63,0.4872,0.1212,2032
41,-0.3284,-0.8872,-0.0793,-0.744,0.437,0.142,2053
41,-0.387,-0.8704,-0.2078,-0.7536,0.4217,0.0992,2032
41,-0.4429,-0.8276,-0.2244,-0.6967,0.3047,0.0557,2072
41,-0.4521,-0.8215,-0.2744,-0.605,0.2802,0.0325,2043
41,-0.447,-0.8582,-0.2986,-0.4896,0.2654,0.0061,2060
41,-0.5068,-0.948,-0.2698,-0.3882,0.2326,-0.0308,2015
41,-0.5044,-1.0322,-0.1641,-0.3978,0.118,-0.0027,2024
41,-0.532,-1.0742,-0.1079,-0.4377,0.026,0.02,2032
41,-0.5676,-1.1294,-0.0217,-0.4934,-0.1301,0.0434,2053
41,-0.5771,-1.1897,0.043,-0.5397,-0.2603,0.0521,2062
41,-0.595,-1.241,0.1453,-0.5561,-0.3525,0.0196,2044
41,-0.6172,-1.2944,0.1047,-0.5759,-0.2713,0.021,2062
41,-0.5781,-1.3157,0.0627,-0.6538,-0.2129,0.0469,1898
41,-0.467,-1.2961,0.0503,-0.7203,-0.2341,0.0304,2258
41,-0.3645,-1.2446,-0.0623,-0.7525,-0.2462,0.0005,2116
41,-0.4094,-1.2246,-0.1956,-0.708,-0.1874,-0.0348,2046
41,-0.4451,-1.2837,-0.2705,-0.6999,-0.1908,-0.0478,2060
41,-0.4285,-1.4705,-0.3689,-0.6601,-0.0254,-0.0675,2048
41,-0.394,-1.5842,-0.4502,-0.6573,-0.0008,-0.027,2062
41,-0.3711,-1.6309,-0.4551,-0.685,-0.1372,-0.0269,2079
41,-0.3638,-1.5645,-0.4683,-0.6172,-0.1927,-0.0393,2045
41,-0.4121,-1.5144,-0.4463,-0.5767,-0.2947,0.0116,2046
41,-0.3933,-1.4978,-0.3984,-0.5509,-0.3468,0.098,2046
41,-0.3669,-1.438,-0.3284,-0.5044,-0.2814,0.1049,2049
41,-0.3674,-1.4102,-0.2446,-0.4719,-0.237,0.0674,2065
41,-0.3091,-1.3904,-0.1755,-0.4494,-0.1752,-0.014,2071
41,-0.2131,-1.3538,-0.1729,-0.459,-0.1157,-0.1408,2041
41,-0.217,-1.283,-0.157,-0.4219,-0.0977,-0.2044,2038
41,-0.2317,-1.2136,-0.2515,-0.2779,-0.2448,-0.2281,2067
41,-0.2842,-1.2017,-0.3235,-0.2057,-0.2409,-0.2417,2043
41,-0.3271,-1.1523,-0.3403,-0.0776,-0.2718,-0.1952,2047
41,-0.3279,-1.1357,-0.3582,0.0208,-0.1942,-0.1878,2044
41,-0.3091,-1.1323,-0.3105,0.1023,-0.1374,-0.1629,2049
41,-0.3167,-1.1538,-0.2717,0.1936,-0.0999,-0.1388,2043
41,-0.334,-1.1643,-0.2139,0.2477,-0.0782,-0.1466,2038
41,-0.332,-1.1423,-0.168,0.3144,-0.0625,-0.171,2059
41,-0.3333,-1.0977,-0.1748,0.3358,-0.0792,-0.2077,2039
41,-0.3237,-1.0225,-0.1494,0.3786,-0.1892,-0.223,2046
41,-0.3025,-0.9456,-0.1809,0.4492,-0.2129,-0.227,2041
41,-0.3,-0.8999,-0.1838,0.4991,-0.2768,-0.1997,2039
41,-0.2876,-0.8901,-0.1697,0.5347,-0.3217,-0.1551,2051
41,-0.2598,-0.8828,-0.1743,0.5504,-0.3023,-0.122,2048
41,-0.2571,-0.8821,-0.1855,0.5803,-0.248,-0.0804,2059
41,-0.2517,-0.8962,-0.1978,0.6039,-0.19,-0.0493,2059
41,-0.2529,-0.8845,-0.1934,0.6331,-0.1404,-0.0479,2053
41,-0.2368,-0.8394,-0.1899,0.6641,-0.1257,-0.0712,2060
41,-0.2302,-0.8145,-0.2219,0.685,-0.09,-0.0927,2082
41,-0.2485,-0.792,-0.2737,0.7059,-0.0546,-0.0824,2221
41,-0.259,-0.7761,-0.2693,0.7439,-0.0595,-0.0827,1876
41,-0.2622,-0.7925,-0.2458,0.7554,-0.0361,-0.0826,1875
41,-0.2476,-0.8196,-0.2288,0.7046,-0.0947,-0.0775,1995
41,-0.2156,-0.8335,-0.1997,0.6217,-0.1999,-0.091,2032
41,-0.2061,-0.8379,-0.1995,0.544,-0.2645,-0.0863,2027
41,-0.2251,-0.8162,-0.1848,0.5047,-0.3502,-0.0736,2025
41,-0.2434,-0.8137,-0.1921,0.5055,-0.4157,-0.0875,2042
41,-0.2373,-0.8413,-0.1743,0.4626,-0.4464,-0.1083,2047
41,-0.1895,-0.8689,-0.1492,0.4751,-0.4966,-0.1081,2028
41,-0.1511,-0.9111,-0.1792,0.4948,-0.5361,-0.1177,2057
41,-0.2161,-0.9644,-0.2336,0.5131,-0.4621,-0.1037,2019
41,-0.2747,-1.0095,-0.3408,0.6064,-0.4691,-0.0682,2030
41,-0.2979,-1.0405,-0.2844,0.7415,-0.4714,-0.0804,2000
42,-0.3325,-1.1343,-0.3479,0.8152,-0.269,-0.0724,2045
42,-0.3757,-1.2522,-0.2759,0.8484,-0.1312,-0.0455,2071
42,-0.3286,-1.364,-0.1724,0.865,-0.0613,-0.0435,2020
42,-0.2585,-1.4409,-0.0498,0.8553,0.0523,-0.1133,2050
42,-0.2429,-1.45,0.0527,0.8459,0.0008,-0.2071,2045
42,-0.3108,-1.4299,0.0864,0.8709,-0.1285,-0.3048,2069
42,-0.4468,-1.4539,0.0891,0.8974,-0.1823,-0.3456,2061
42,-0.5225,-1.4619,0.1399,0.925,-0.2702,-0.3273,2044
42,-0.4827,-1.5291,0.1648,0.871,-0.2988,-0.2964,2034
42,-0.4131,-1.6284,0.1172,0.8385,-0.294,-0.2502,2018
42,-0.3118,-1.6733,0.1123,0.8132,-0.3197,-0.2171,2032
42,-0.2612,-1.6428,0.1118,0.7735,-0.3492,-0.2095,2038
42,-0.2512,-1.5588,0.1267,0.7973,-0.3309,-0.2338,2058
42,-0.28,-1.4609,0.1091,0.8819,-0.228,-0.2585,2036
42,-0.3477,-1.4248,0.0513,1.0219,-0.1529,-0.2748,2045
42,-0.4224,-1.4509,0.1089,1.1089,-0.0198,-0.2988,2037
42,-0.4624,-1.5212,0.1006,1.1022,0.0083,-0.282,2040
42,-0.3674,-1.6985,0.0947,1.0587,-0.0402,-0.3099,2041
42,-0.2471,-1.7637,0.095,0.9493,-0.2069,-0.3306,2027
42,-0.1804,-1.6948,0.1162,0.8752,-0.3979,-0.3501,2043
42,-0.1267,-1.5967,0.158,0.7781,-0.488,-0.3176,2062
42,-0.1128,-1.4502,0.2156,0.7204,-0.5185,-0.2751,2070
42,-0.1221,-1.3455,0.2632,0.7111,-0.3923,-0.238,2037
42,-0.1692,-1.2019,0.3115,0.6825,-0.1506,-0.2208,2059
42,-0.2,-1.064,0.3296,0.6898,0.1185,-0.2281,2035
42,-0.1973,-1.0256,0.3447,0.6328,0.3389,-0.2525,2035
42,-0.1843,-1.0459,0.3484,0.5385,0.4412,-0.233,2042
42,-0.1985,-1.0457,0.3442,0.486,0.4896,-0.2116,2035
42,-0.2136,-1.0449,0.2761,0.4149,0.4667,-0.1819,2038
42,-0.2273,-1.0312,0.23,0.3446,0.435,-0.1459,2039
42,-0.2644,-1.0256,0.1689,0.2831,0.4116,-0.1176,2044
42,-0.2571,-0.9736,0.083,0.2108,0.3671,-0.0807,2046
42,-0.1946,-0.9365,0.0408,0.195,0.3333,-0.0667,2045
42,-0.1797,-0.9041,0.0454,0.2035,0.3396,-0.0706,2056
42,-0.1934,-0.7559,0.052,0.2875,0.3298,-0.022,2045
42,-0.251,-0.7444,0.0286,0.348,0.3731,0.0162,2044
42,-0.2878,-0.7314,-0.0298,0.394,0.5191,-0.0015,2044
42,-0.241,-0.7341,-0.0291,0.4125,0.6309,-0.0258,2039
42,-0.1824,-0.7212,-0.0315,0.4304,0.6537,-0.0461,2037
42,-0.1587,-0.7129,-0.0359,0.4354,0.6319,-0.0513,2043
42,-0.177,-0.7151,-0.0198,0.3884,0.5374,-0.0385,2040
42,-0.1785,-0.7019,-0.0354,0.334,0.42,-0.0431,2046
42,-0.1641,-0.696,-0.0388,0.2047,0.2923,-0.068,2052
42,-0.2163,-0.637,-0.0564,0.2742,0.2199,-0.055,2057
42,-0.2161,-0.6501,-0.0823,0.2783,0.1139,-0.0609,2047
42,-0.2258,-0.6633,-0.0867,0.265,0.0264,-0.0912,2057
42,-0.2188,-0.7292,-0.0723,0.1338,-0.0633,-0.142,2049
42,-0.2639,-0.626,-0.127,0.2723,0.0133,-0.1317,2033
42,-0.2346,-0.6794,-0.1345,0.2566,-0.0095,-0.1591,2044
42,-0.2061,-0.7065,-0.1433,0.2828,0.0257,-0.1792,2068
42,-0.1687,-0.7153,-0.1396,0.2947,0.03,-0.1928,2044
42,-0.1484,-0.7371,-0.0981,0.288,0.0172,-0.2091,2042
42,-0.1714,-0.8054,-0.0945,0.2935,-0.0425,-0.2242,2051
42,-0.2144,-0.8582,-0.0967,0.2791,-0.1443,-0.2316,2044
42,-0.2825,-0.9238,-0.0679,0.3043,-0.2093,-0.2297,2065
42,-0.3284,-0.979,-0.0632,0.3015,-0.261,-0.2422,2048
42,-0.3394,-1.0005,-0.0476,0.2803,-0.2967,-0.2669,2034
42,-0.3291,-1.0452,-0.0461,0.3079,-0.2519,-0.3015,2025
42,-0.3652,-1.0627,-0.0149,0.3481,-0.2402,-0.3477,2023
42,-0.3433,-1.1025,0.0286,0.3384,-0.1369,-0.3717,2062
42,-0.4055,-1.1621,0.0425,0.361,0.0603,-0.4155,2058
42,-0.4109,-1.199,0.1797,0.3641,0.0764,-0.4297,2026
42,-0.4233,-1.2273,0.2285,0.377,0.0659,-0.4425,2061
42,-0.4717,-1.2769,0.26,0.3461,-0.0401,-0.4311,2054
42,-0.4536,-1.3413,0.2932,0.4095,-0.074,-0.4203,2065
42,-0.5029,-1.3982,0.3757,0.3171,-0.0621,-0.3634,2040
42,-0.4602,-1.4087,0.3711,0.1498,-0.0799,-0.34,2034
42,-0.3396,-1.2881,0.3042,0.1171,0.0511,-0.3546,2046
42,-0.3345,-1.197,0.2334,0.0645,0.1077,-0.2983,2046
42,-0.3203,-1.2117,0.1843,0.0539,0.1008,-0.278,2057
42,-0.2664,-1.3601,0.1726,0.0349,0.0458,-0.2615,2068
42,-0.3186,-1.4961,0.1428,0.0145,-0.0606,-0.2011,2069
42,-0.3752,-1.6775,0.1418,-0.0695,-0.3083,-0.1603,2047
42,-0.324,-1.8621,0.1343,-0.1569,-0.4073,-0.1334,2049
42,-0.2498,-1.8899,0.1924,-0.287,-0.3384,-0.1123,2036
42,-0.1672,-1.687,0.2473,-0.4739,-0.2859,-0.0425,2029
42,-0.104,-1.4731,0.238,-0.5406,-0.1641,-0.027,2059
42,-0.0774,-1.2344,0.2051,-0.5639,-0.1093,-0.0204,2038
42,-0.1279,-1.1277,0.1812,-0.5657,-0.0759,0.0073,2047
42,-0.1934,-1.1497,0.137,-0.5948,-0.1388,0.0742,2039
42,-0.1973,-1.2029,0.0955,-0.6257,-0.2285,0.1366,2032
42,-0.1819,-1.2324,0.0879,-0.6437,-0.3464,0.1854,2048
42,-0.1594,-1.248,0.071,-0.6666,-0.424,0.2115,2047
42,-0.1736,-1.2407,0.0623,-0.6763,-0.4271,0.229,2046
42,-0.2041,-1.1807,0.0688,-0.6444,-0.3465,0.2478,2053
42,-0.2007,-1.1372,0.0708,-0.6706,-0.2484,0.2803,2052
42,-0.1631,-1.0898,0.0681,-0.7115,-0.1342,0.3061,2051
42,-0.1001,-1.0256,0.0278,-0.6389,-0.0876,0.2988,2054
42,-0.1313,-0.9954,-0.0422,-0.5115,-0.1108,0.297,2065
42,-0.1829,-0.9675,-0.0767,-0.4155,-0.0871,0.32,2028
42,-0.2144,-1.0042,-0.1262,-0.4245,-0.039,0.3526,2039
42,-0.2239,-1.064,-0.0857,-0.442,0.0213,0.3316,2024
42,-0.1304,-0.9834,-0.1111,-0.3947,0.0071,0.3518,2041
42,-0.1418,-0.9912,-0.0891,-0.4346,-0.0481,0.3598,2037
42,-0.0962,-0.9214,-0.072,-0.3951,-0.1405,0.3666,2073
42,-0.0964,-0.8972,-0.0645,-0.3854,-0.1938,0.3334,2040
42,-0.0916,-0.8765,-0.0654,-0.3923,-0.2336,0.3292,2043
42,-0.0884,-0.8679,-0.0505,-0.3497,-0.2946,0.3372,2039
42,-0.1038,-0.8696,-0.0684,-0.333,-0.3016,0.3352,2043
42,-0.1667,-0.8923,-0.0708,-0.3444,-0.2369,0.3117,2032
42,-0.1353,-0.8552,-0.0669,-0.3099,-0.3244,0.3597,2028
42,-0.1584,-0.8655,-0.0696,-0.32,-0.2802,0.3793,2036
43,-0.2002,-0.8518,-0.072,-0.3654,-0.1557,0.361,2030
43,-0.1848,-0.7881,-0.0957,-0.3093,-0.2301,0.3597,2022
43,-0.2224,-0.7734,-0.1301,-0.2647,-0.2215,0.3482,2044
43,-0.2231,-0.7471,-0.1228,-0.2036,-0.2839,0.3434,2059
43,-0.2415,-0.7708,-0.1367,-0.1121,-0.2563,0.3473,2033
43,-0.2571,-0.7952,-0.1423,-0.0635,-0.2562,0.3591,2055
43,-0.2397,-0.8423,-0.1384,-0.0467,-0.2262,0.3522,2035
43,-0.1956,-0.9055,-0.1223,-0.0226,-0.2585,0.3565,2063
43,-0.1785,-0.949,-0.1375,-0.0316,-0.2671,0.3402,2017
43,-0.1511,-0.9546,-0.1382,-0.0076,-0.3759,0.3244,2046
43,-0.1826,-0.9768,-0.1384,0.0671,-0.4972,0.3103,2032
43,-0.2346,-1.0552,-0.1631,0.1125,-0.5151,0.3036,2054
43,-0.2749,-1.1467,-0.1221,0.132,-0.5616,0.3128,2060
43,-0.2913,-1.2729,-0.0813,0.1304,-0.5826,0.3388,2027
43,-0.3052,-1.3669,-0.0586,0.1314,-0.5195,0.3392,2056
43,-0.2849,-1.3997,-0.022,0.0811,-0.5947,0.3,2035
43,-0.2871,-1.3923,-0.0549,0.0755,-0.5759,0.2237,2032
43,-0.3545,-1.4033,-0.0603,0.1374,-0.5382,0.1955,2059
43,-0.4126,-1.5,-0.0679,0.1814,-0.5608,0.1582,2078
43,-0.4387,-1.5667,-0.0679,0.1774,-0.5544,0.1585,2023
43,-0.4407,-1.6021,-0.0439,0.1615,-0.5947,0.1932,2142
43,-0.4407,-1.5918,-0.0117,0.1517,-0.6429,0.2249,1971
43,-0.426,-1.5696,0.009,0.1625,-0.6628,0.2557,2048
43,-0.4407,-1.4773,0.0176,0.2566,-0.6335,0.2714,2061
43,-0.4521,-1.4695,0.0369,0.3946,-0.5344,0.2737,2068
43,-0.3987,-1.5161,0.0698,0.5032,-0.4493,0.2743,2039
43,-0.3621,-1.5564,0.1299,0.6039,-0.3721,0.2755,2045
43,-0.3506,-1.6116,0.1885,0.7098,-0.3324,0.2522,2025
43,-0.3669,-1.6709,0.2134,0.7224,-0.4533,0.1946,2078
43,-0.3511,-1.7278,0.1526,0.6532,-0.7356,0.1412,2039
43,-0.3433,-1.7366,0.0479,0.5596,-0.9766,0.1111,2058
43,-0.3577,-1.6423,-0.0093,0.5235,-1.1081,0.1698,2070
43,-0.3315,-1.5012,0.0417,0.4779,-1.1115,0.2739,2041
43,-0.2859,-1.3354,0.1335,0.4996,-0.8978,0.3305,2044
43,-0.2092,-1.1719,0.2363,0.555,-0.5441,0.3213,2060
43,-0.147,-1.0369,0.2886,0.6063,-0.2976,0.2802,2035
43,-0.1194,-1.0027,0.3481,0.6296,-0.179,0.2462,2043
43,-0.1406,-1.0625,0.3589,0.6059,-0.1266,0.2277,2033
43,-0.1775,-1.0491,0.3093,0.5574,-0.1502,0.2203,2042
43,-0.2141,-1.0349,0.2539,0.4771,-0.2008,0.2309,2034
43,-0.2324,-1.0039,0.2195,0.4236,-0.1752,0.246,2039
43,-0.249,-0.9844,0.1636,0.3698,-0.1655,0.2623,2044
43,-0.2556,-0.9451,0.1143,0.3282,-0.1072,0.2719,2050
43,-0.2246,-0.8896,0.0469,0.3454,-0.0403,0.2603,2041
43,-0.2014,-0.844,-0.0364,0.4061,-0.0031,0.2381,2049
43,-0.1846,-0.8254,-0.0825,0.4773,0.0534,0.222,2026
43,-0.1753,-0.8281,-0.1042,0.5024,0.0583,0.2172,2049
43,-0.1453,-0.8167,-0.1245,0.4992,0.0574,0.2253,2047
43,-0.1443,-0.7954,-0.1174,0.5042,0.0353,0.212,2043
43,-0.144,-0.812,-0.0806,0.4875,0.0031,0.1767,2047
43,-0.1472,-0.8171,-0.0601,0.4702,-0.0345,0.13,2050
43,-0.1663,-0.8181,-0.0178,0.4213,-0.0606,0.1012,2042
43,-0.1946,-0.8088,-0.0344,0.3838,-0.0699,0.0699,2067
43,-0.2483,-0.7954,-0.0359,0.3425,-0.0925,0.0401,2050
43,-0.2634,-0.7795,-0.0457,0.3233,-0.1039,0.0112,2040
43,-0.3096,-0.7446,-0.0652,0.239,-0.0089,0.0095,2057
43,-0.2363,-0.7693,-0.1331,0.2077,-0.0324,-0.0377,2037
43,-0.2271,-0.7434,-0.1467,0.1779,0.0003,-0.0714,2036
43,-0.2593,-0.6965,-0.1328,0.2305,-0.0128,-0.076,2031
43,-0.2529,-0.7024,-0.1165,0.2703,-0.0726,-0.0882,2048
43,-0.2344,-0.7322,-0.1294,0.2029,-0.1147,-0.1129,2046
43,-0.1978,-0.7312,-0.0942,0.1874,-0.122,-0.1502,2033
43,-0.2207,-0.7178,-0.0608,0.1784,-0.2429,-0.1509,2053
43,-0.2432,-0.7107,-0.0659,0.1798,-0.345,-0.1712,2032
43,-0.2769,-0.7083,-0.0256,0.229,-0.4281,-0.1943,2039
43,-0.354,-0.7122,-0.0083,0.2567,-0.4536,-0.1972,2028
43,-0.4233,-0.7107,0.0215,0.2886,-0.3782,-0.1954,2035
43,-0.4158,-0.7437,0.0305,0.3173,-0.3413,-0.1975,2028
43,-0.3823,-0.7764,-0.0005,0.2982,-0.32,-0.2024,2073
43,-0.3462,-0.8149,0.0181,0.3144,-0.3099,-0.1988,2056
43,-0.3367,-0.8799,0.0261,0.3417,-0.4157,-0.2091,2049
43,-0.374,-0.9324,0.0432,0.3245,-0.5261,-0.2075,2074
43,-0.3799,-0.9753,0.073,0.3081,-0.605,-0.1954,2033
43,-0.4019,-1.0237,0.1309,0.3043,-0.7336,-0.1975,2071
43,-0.4404,-1.0444,0.1489,0.3084,-0.8122,-0.1814,2037
43,-0.5093,-1.1184,0.1636,0.344,-0.8621,-0.1727,2037
43,-0.5408,-1.1826,0.1501,0.3541,-0.8219,-0.1898,2010
43,-0.5293,-1.2212,0.1567,0.3826,-0.8099,-0.2216,2042
43,-0.4771,-1.2388,0.1384,0.3472,-0.7497,-0.2199,2071
43,-0.45,-1.2441,0.1748,0.3256,-0.7408,-0.2193,2038
43,-0.4158,-1.2893,0.241,0.2884,-0.6775,-0.2035,2054
43,-0.4106,-1.3125,0.3018,0.2277,-0.6062,-0.1819,2049
43,-0.4172,-1.3113,0.3291,0.1874,-0.601,-0.1947,2063
43,-0.4539,-1.3052,0.3252,0.161,-0.5382,-0.2207,2029
43,-0.4434,-1.2693,0.303,0.1205,-0.4819,-0.2406,2054
43,-0.4402,-1.2385,0.2114,0.0952,-0.392,-0.2368,2044
43,-0.4211,-1.1868,0.1428,0.0727,-0.3618,-0.2308,2033
43,-0.3796,-1.2195,0.123,0.0683,-0.469,-0.2128,2067
43,-0.3423,-1.4116,0.0962,0.1104,-0.4834,-0.1786,2061
43,-0.3362,-1.5657,0.1204,0.0453,-0.6128,-0.1606,2046
43,-0.2769,-1.6492,0.0918,-0.0326,-0.6648,-0.1601,2036
43,-0.1787,-1.7302,0.094,-0.0945,-0.7095,-0.1509,2065
43,-0.103,-1.6963,0.1426,-0.1695,-0.7341,-0.1377,2048
43,-0.0586,-1.5728,0.1646,-0.2346,-0.7012,-0.126,2028
43,-0.0774,-1.4585,0.1934,-0.346,-0.6171,-0.0944,2045
43,-0.0867,-1.3625,0.229,-0.4205,-0.6032,-0.0664,2032
43,-0.0671,-1.3208,0.2415,-0.4663,-0.6087,-0.0128,2039
43,-0.064,-1.3093,0.2236,-0.4888,-0.6184,0.0558,2053
43,-0.1418,-1.2598,0.2229,-0.53,-0.6693,0.1555,2040
43,-0.1638,-1.2478,0.2222,-0.493,-0.6773,0.2012,2051
43,-0.1514,-1.2583,0.2085,-0.4866,-0.5791,0.2454,2054
44,-0.1218,-1.2551,0.1379,-0.5307,-0.6094,0.2894,2047
44,-0.0879,-1.2246,0.1372,-0.5968,-0.6557,0.3079,2046
44,-0.0608,-1.1313,0.1406,-0.59,-0.6672,0.3464,2035
44,-0.0913,-1.0659,0.1074,-0.6411,-0.6608,0.3946,2045
44,-0.1096,-0.9985,0.0747,-0.6857,-0.6445,0.4786,2060
44,-0.0852,-1.0186,0.0632,-0.6915,-0.6027,0.5042,2038
44,-0.0642,-1.0449,0.0527,-0.7007,-0.5886,0.5397,2032
44,-0.0857,-1.041,0.0337,-0.7067,-0.5633,0.5737,2042
44,-0.0986,-1.0476,0.0146,-0.7044,-0.5661,0.5737,2068
44,-0.1172,-1.0122,-0.0547,-0.6814,-0.5498,0.5693,2040
44,-0.1755,-0.9336,-0.1169,-0.5938,-0.5107,0.543,2035
44,-0.2083,-0.9082,-0.1436,-0.5305,-0.4826,0.5296,2052
44,-0.2041,-0.9119,-0.158,-0.4943,-0.4361,0.5426,2057
44,-0.166,-0.915,-0.1565,-0.4859,-0.4123,0.5689,2050
44,-0.1375,-0.9082,-0.1445,-0.4894,-0.4227,0.5793,2034
44,-0.1143,-0.9075,-0.1235,-0.4855,-0.4611,0.5883,2059
44,-0.1104,-0.9084,-0.1067,-0.4767,-0.4866,0.5851,2041
44,-0.082,-0.918,-0.0779,-0.4932,-0.5188,0.5902,2043
44,-0.0527,-0.9148,-0.0845,-0.5906,-0.5594,0.59,2045
44,-0.0815,-0.8689,-0.0884,-0.5211,-0.6006,0.5819,2053
44,-0.0996,-0.8992,-0.0811,-0.5709,-0.6811,0.5826,2055
44,-0.1365,-0.8445,-0.136,-0.5486,-0.7508,0.5849,2051
44,-0.1975,-0.8616,-0.1899,-0.4882,-0.8004,0.5767,2061
44,-0.2495,-0.8662,-0.2258,-0.4448,-0.8652,0.5731,2036
44,-0.2778,-0.8835,-0.2512,-0.4111,-0.9308,0.5936,2037
44,-0.2649,-0.9392,-0.272,-0.3714,-0.9384,0.609,2017
44,-0.2507,-0.9741,-0.2681,-0.3073,-0.9742,0.6127,2041
44,-0.229,-1.0037,-0.2373,-0.2919,-1.0447,0.6185,2044
44,-0.2163,-1.0215,-0.2344,-0.2541,-1.0937,0.6236,2044
44,-0.198,-1.0474,-0.2,-0.23,-1.1479,0.6231,2046
44,-0.2168,-1.072,-0.1616,-0.1987,-1.1697,0.6369,2046
44,-0.2563,-1.0894,-0.1392,-0.1581,-1.1911,0.6428,2043
44,-0.2834,-1.1057,-0.1184,-0.1424,-1.1983,0.6465,2051
44,-0.3081,-1.1018,-0.1045,-0.1212,-1.2223,0.6474,2038
44,-0.324,-1.1069,-0.1013,-0.1011,-1.2188,0.6524,2051
44,-0.3452,-1.1213,-0.1133,-0.0884,-1.1987,0.6589,2072
44,-0.3433,-1.1326,-0.1077,-0.0866,-1.2045,0.6701,2039
44,-0.3379,-1.1562,-0.1265,-0.0792,-1.2047,0.6807,2035
44,-0.3279,-1.1777,-0.1536,-0.0505,-1.2171,0.6562,2054
44,-0.3123,-1.1858,-0.1423,-0.0184,-1.2198,0.6312,2063
44,-0.3091,-1.2021,-0.1978,-0.0912,-1.2384,0.6078,2023
44,-0.3018,-1.1743,-0.1936,0.0751,-1.2694,0.6291,2049
44,-0.3083,-1.2087,-0.1772,0.1177,-1.2858,0.6255,2037
44,-0.3066,-1.2708,-0.1531,0.0656,-1.3214,0.6243,2035
44,-0.3208,-1.2153,-0.1531,0.2152,-1.3997,0.6179,2032
44,-0.332,-1.3093,-0.0908,0.1755,-1.4175,0.6291,2050
44,-0.2832,-1.2693,-0.1157,0.2505,-1.4484,0.6502,2069
44,-0.27,-1.2935,-0.0657,0.2573,-1.4784,0.6576,2013
44,-0.2415,-1.2361,-0.0491,0.2895,-1.4898,0.7111,2047
44,-0.2759,-1.2507,0.0093,0.2701,-1.4699,0.746,2034
44,-0.3193,-1.3018,0.0662,0.2356,-1.3742,0.7734,2042
44,-0.3167,-1.4087,0.1226,0.1708,-1.2563,0.7837,2046
44,-0.3008,-1.5269,0.1501,0.0774,-1.193,0.7594,2041
44,-0.2864,-1.5837,0.1755,-0.0264,-1.1627,0.6934,2046
44,-0.2791,-1.531,0.1438,-0.1037,-1.2163,0.6245,2043
44,-0.3472,-1.4297,0.1172,-0.165,-1.2609,0.5942,2038
44,-0.4011,-1.3354,0.0769,-0.2188,-1.291,0.5975,2054
44,-0.4431,-1.272,0.0137,-0.2709,-1.2696,0.6405,2048
44,-0.4248,-1.24,0.0034,-0.3173,-1.1802,0.7104,2035
44,-0.3542,-1.2124,0.0039,-0.3345,-1.0725,0.7625,2045
44,-0.2368,-1.1355,0.0103,-0.3196,-0.9266,0.7612,2043
44,-0.1096,-1.0161,0.0537,-0.3228,-0.8857,0.7356,2048
44,-0.0422,-0.9419,0.0974,-0.346,-0.9456,0.7072,2050
44,-0.0684,-0.8928,0.1292,-0.3686,-1.0613,0.6901,2055
44,-0.197,-0.8977,0.1348,-0.4308,-1.2055,0.6648,2046
44,-0.2969,-0.9119,0.1155,-0.4751,-1.3181,0.6556,2039
44,-0.3354,-0.9072,0.0571,-0.4868,-1.3821,0.6649,2041
44,-0.3865,-0.9114,-0.0051,-0.5316,-1.3928,0.6682,2047
44,-0.3899,-0.8928,-0.0454,-0.561,-1.3816,0.6666,2049
44,-0.3647,-0.8906,-0.0889,-0.5442,-1.3581,0.6588,2035
44,-0.3333,-0.876,-0.1362,-0.5012,-1.2945,0.6332,2039
44,-0.2905,-0.8369,-0.1155,-0.389,-1.2455,0.6111,2044
44,-0.304,-0.8125,-0.1858,-0.3354,-1.0314,0.5697,2023
44,-0.1846,-0.8792,-0.1968,-0.3414,-1.0385,0.5244,2043
44,-0.0786,-0.8923,-0.219,-0.3549,-0.9946,0.4875,2051
44,-0.0776,-0.8721,-0.092,-0.2272,-1.1203,0.4468,2032
44,-0.177,-0.9155,-0.1101,-0.3002,-1.1613,0.4594,2068
44,-0.1902,-0.9692,-0.0618,-0.3769,-1.2061,0.3924,2023
44,-0.1333,-0.978,0.0156,-0.3903,-1.1974,0.3313,2044
44,-0.1948,-0.9651,0.0095,-0.4373,-1.2258,0.3192,2034
44,-0.2537,-0.9871,0.0137,-0.5008,-1.2564,0.2991,2043
44,-0.2275,-0.9836,0.0281,-0.5059,-1.2326,0.2505,2048
44,-0.2654,-0.9607,-0.0149,-0.4952,-1.1531,0.2173,2045
44,-0.3279,-0.9688,-0.03,-0.4932,-1.0785,0.194,2041
44,-0.3206,-0.9771,-0.0427,-0.5109,-1.0131,0.1783,2051
44,-0.3069,-0.9912,-0.0613,-0.4964,-0.9356,0.1583,2036
44,-0.3044,-1.0017,-0.0864,-0.4883,-0.9254,0.1449,2047
44,-0.293,-1.0237,-0.0776,-0.4887,-0.9879,0.1258,2047
44,-0.2729,-1.0288,-0.0901,-0.4926,-1.0264,0.0935,2027
44,-0.2771,-1.0278,-0.0815,-0.4863,-1.0729,0.0613,2068
44,-0.3142,-1.0225,-0.0776,-0.4911,-1.1328,0.035,2040
44,-0.3462,-1.0146,-0.0725,-0.479,-1.182,0.0158,2037
44,-0.3484,-1.0161,-0.0525,-0.4574,-1.2166,-0.0073,2047
44,-0.3723,-1.012,-0.0381,-0.4369,-1.2282,-0.0061,2026
44,-0.4111,-1.0093,-0.0298,-0.4265,-1.2716,0.0043,2037
44,-0.4546,-1.011,-0.0203,-0.4458,-1.2604,0.0204,2058
44,-0.4507,-0.9961,-0.0083,-0.4705,-1.2632,0.029,2038
44,-0.4319,-0.9697,-0.0042,-0.4898,-1.25,0.0506,2034
44,-0.4294,-0.9517,-0.0217,-0.4923,-1.2208,0.0688,2034
44,-0.4055,-1.0078,-0.0435,-0.4962,-1.244,0.0751,2046
44,-0.385,-1.0752,-0.0557,-0.4927,-1.2142,0.0852,2029
44,-0.3916,-1.0999,-0.0896,-0.4988,-1.1565,0.1133,2022
44,-0.3704,-1.1235,-0.0986,-0.5164,-1.1718,0.132,2042
44,-0.3013,-1.1626,-0.0957,-0.5639,-1.1493,0.1724,2044
45,-0.2874,-1.2239,-0.0686,-0.5791,-1.1862,0.198,2051
45,-0.2859,-1.3025,-0.0676,-0.6315,-1.2508,0.2252,2040
45,-0.2573,-1.3406,-0.0334,-0.6931,-1.2989,0.2394,2035
45,-0.2473,-1.3042,-0.0303,-0.7712,-1.377,0.2361,2040
45,-0.2354,-1.2366,-0.0278,-0.7854,-1.4154,0.2382,2037
45,-0.261,-1.208,-0.0386,-0.7793,-1.4066,0.2499,2041
45,-0.3096,-1.3303,-0.0608,-0.7678,-1.4352,0.2569,2039
45,-0.3259,-1.4937,-0.0911,-0.7747,-1.4049,0.2337,2045
45,-0.3342,-1.5435,-0.1194,-0.8191,-1.3858,0.1975,2042
45,-0.2925,-1.5249,-0.145,-0.8493,-1.3292,0.1653,2052
45,-0.2268,-1.4282,-0.1282,-0.8371,-1.3074,0.1348,2045
45,-0.178,-1.2959,-0.1382,-0.826,-1.323,0.1328,2062
45,-0.1436,-1.1873,-0.1577,-0.8066,-1.366,0.1515,2043
45,-0.1384,-1.1411,-0.1509,-0.7935,-1.4075,0.1874,2031
45,-0.1399,-1.1604,-0.1499,-0.7506,-1.4258,0.2394,2057
45,-0.1631,-1.2131,-0.1584,-0.6905,-1.4416,0.2758,2041
45,-0.1265,-1.2773,-0.1375,-0.6372,-1.4645,0.2982,2048
45,-0.1023,-1.3108,-0.1252,-0.6128,-1.4454,0.3195,2043
45,-0.0881,-1.3186,-0.0898,-0.5936,-1.4046,0.3374,2047
45,-0.0898,-1.2866,-0.0808,-0.6656,-1.3555,0.3426,2046
45,-0.0869,-1.24,-0.0574,-0.5962,-1.3026,0.3356,2063
45,-0.0957,-1.2375,-0.0164,-0.616,-1.2589,0.3256,2050
45,-0.1255,-1.155,-0.0422,-0.6103,-1.2145,0.3408,2035
45,-0.1689,-1.1711,-0.0537,-0.5999,-1.2183,0.3581,2043
45,-0.2041,-1.1729,-0.0928,-0.5991,-1.1985,0.3522,2034
45,-0.2385,-1.1587,-0.1013,-0.5831,-1.1575,0.3352,2055
45,-0.2339,-1.186,-0.1243,-0.5542,-1.1591,0.318,2040
45,-0.1938,-1.1963,-0.1199,-0.5331,-1.1488,0.2916,2049
45,-0.144,-1.1611,-0.178,-0.5099,-1.1673,0.2602,2046
45,-0.1328,-1.1406,-0.1812,-0.4508,-1.2258,0.2533,2056
45,-0.1311,-1.1255,-0.2029,-0.4051,-1.2687,0.2618,2026
45,-0.1455,-1.1018,-0.1948,-0.3619,-1.2985,0.2647,2037
45,-0.1777,-1.115,-0.1882,-0.3871,-1.3174,0.2555,2047
45,-0.175,-1.0898,-0.1797,-0.2832,-1.3745,0.2892,2039
45,-0.196,-1.1106,-0.1653,-0.2557,-1.3708,0.2999,2039
45,-0.2051,-1.1138,-0.166,-0.2421,-1.3589,0.2954,2041
45,-0.1919,-1.0676,-0.1675,-0.1935,-1.3595,0.3168,2035
45,-0.2295,-1.0999,-0.156,-0.1571,-1.326,0.3376,2061
45,-0.2559,-1.1135,-0.1475,-0.1473,-1.2687,0.3101,2050
45,-0.2332,-1.0815,-0.1753,-0.088,-1.2607,0.3189,2048
45,-0.2651,-1.1047,-0.1838,-0.0735,-1.2113,0.3143,2025
45,-0.2478,-1.1082,-0.2168,-0.0399,-1.1999,0.3187,2060
45,-0.252,-1.1262,-0.219,-0.0099,-1.2611,0.3404,2038
45,-0.2876,-1.1345,-0.2595,0.0221,-1.2858,0.3667,2043
45,-0.3076,-1.1714,-0.2729,0.0613,-1.284,0.3819,2046
45,-0.3066,-1.1987,-0.2861,0.1097,-1.3125,0.382,2051
45,-0.2932,-1.1885,-0.2871,0.1385,-1.3234,0.3923,2011
45,-0.2783,-1.2043,-0.2886,0.1779,-1.324,0.4073,2095
45,-0.2876,-1.197,-0.2749,0.1938,-1.3191,0.4223,2006
45,-0.2727,-1.1956,-0.2424,0.2013,-1.3569,0.4418,2043
45,-0.26,-1.1809,-0.2222,0.1846,-1.3667,0.4799,2035
45,-0.2673,-1.2085,-0.1868,0.2096,-1.3752,0.4968,2061
45,-0.2717,-1.2354,-0.1714,0.1975,-1.4166,0.5135,2035
45,-0.2715,-1.2473,-0.1252,0.2024,-1.4535,0.5201,2025
45,-0.2825,-1.252,-0.0984,0.198,-1.5202,0.5145,2072
45,-0.3098,-1.2378,-0.0925,0.1868,-1.5824,0.5296,2046
45,-0.3477,-1.2249,-0.0925,0.1844,-1.6335,0.5465,2042
45,-0.3928,-1.2651,-0.1187,0.1645,-1.6114,0.5661,2025
45,-0.4175,-1.3323,-0.1482,0.1353,-1.5207,0.5786,2032
45,-0.3816,-1.3784,-0.1536,0.1196,-1.4434,0.557,2076
45,-0.2971,-1.3276,-0.1316,0.0916,-1.4209,0.5299,1995
45,-0.2405,-1.2131,-0.1235,0.0819,-1.3619,0.5185,2084
45,-0.2522,-1.189,-0.1206,0.0929,-1.3892,0.5276,2041
45,-0.2742,-1.3188,-0.084,0.0887,-1.3806,0.5225,2053
45,-0.2742,-1.3838,-0.0417,0.0107,-1.4435,0.5023,2036
45,-0.2451,-1.3987,-0.0237,-0.0682,-1.4568,0.49,2045
45,-0.2102,-1.3052,0.0046,-0.1408,-1.521,0.4972,2053
45,-0.198,-1.2,0.0239,-0.1946,-1.542,0.5151,2043
45,-0.2117,-1.085,0.0396,-0.2099,-1.4812,0.5191,2038
45,-0.1992,-0.9802,0.0583,-0.202,-1.4099,0.5233,2043
45,-0.2268,-0.9155,0.0789,-0.1898,-1.3748,0.5157,2035
45,-0.2234,-0.9172,0.064,-0.1864,-1.3099,0.5019,2046
45,-0.2402,-1.0083,0.0977,-0.1653,-1.4089,0.4821,2035
45,-0.3242,-1.0601,0.0684,-0.1946,-1.3516,0.4361,2043
45,-0.3425,-1.1067,0.0579,-0.2634,-1.3563,0.3972,2041
45,-0.3359,-1.1138,0.0098,-0.3081,-1.4115,0.3733,2029
45,-0.3362,-1.1348,-0.0049,-0.302,-1.464,0.3575,2061
45,-0.3157,-1.1177,-0.0164,-0.3314,-1.4691,0.3785,2041
45,-0.3835,-1.0945,-0.0818,-0.3137,-1.4472,0.3543,2044
45,-0.207,-1.1523,-0.1113,-0.3557,-1.4243,0.3488,2028
45,-0.1099,-1.1016,-0.0889,-0.3225,-1.388,0.302,2041
45,-0.0913,-1.0422,-0.0093,-0.2265,-1.4054,0.2651,2060
45,-0.1621,-1.0371,-0.0393,-0.2876,-1.3226,0.2613,2053
45,-0.1335,-1.0776,-0.0029,-0.3081,-1.3359,0.1665,2042
45,-0.0835,-1.0962,0.1106,-0.2657,-1.3391,0.1377,2063
45,-0.3,-1.0588,0.0762,-0.3059,-1.3025,0.1465,2049
45,-0.3442,-1.0776,0.0854,-0.3545,-1.3688,0.0904,2044
45,-0.2859,-1.0535,0.1128,-0.3935,-1.3535,0.0429,2055
45,-0.28,-1.0034,0.104,-0.4092,-1.3766,0.0449,2047
45,-0.3232,-0.8831,0.0681,-0.3326,-1.5162,0.0521,2058
45,-0.4546,-0.9414,0.0308,-0.4148,-1.378,0.0633,2057
45,-0.3748,-0.9297,-0.0361,-0.4645,-1.2379,0.0614,2047
45,-0.3076,-0.9016,-0.062,-0.4136,-1.2151,0.0494,2053
45,-0.3064,-0.8652,-0.1021,-0.3215,-1.1832,0.0755,2053
45,-0.3337,-0.8596,-0.1084,-0.2388,-1.2203,0.0894,2022
45,-0.333,-0.9395,-0.1113,-0.2456,-1.275,0.1147,2045
45,-0.2722,-0.9094,-0.0823,-0.179,-1.3319,0.1201,2043
45,-0.3315,-0.9119,-0.0396,-0.1292,-1.4021,0.1449,2035
45,-0.3799,-0.9414,-0.0581,-0.1304,-1.4522,0.1618,2045
45,-0.3665,-0.9219,-0.0461,-0.0779,-1.4735,0.1373,2011
45,-0.3792,-0.998,-0.0198,-0.1473,-1.4006,0.1429,2047
46,-0.3762,-0.9954,-0.0554,-0.1509,-1.3557,0.1491,2027
46,-0.3618,-1.0249,-0.1052,-0.1778,-1.3439,0.1522,2032
46,-0.3218,-1.0359,-0.0981,-0.1551,-1.3046,0.1268,2021
46,-0.2742,-1.0676,-0.1055,-0.1585,-1.2813,0.0782,2047
46,-0.281,-1.0781,-0.1116,-0.167,-1.2352,0.0876,2039
46,-0.283,-1.1204,-0.0432,-0.1527,-1.3039,0.0726,2034
46,-0.2708,-1.158,-0.0476,-0.1424,-1.2718,0.0594,2048
46,-0.2771,-1.1777,-0.0088,-0.2562,-1.2515,0.0617,2043
46,-0.2573,-1.1699,-0.001,-0.24,-1.2945,0.0546,2027
46,-0.26,-1.2524,0.0667,-0.3087,-1.2524,0.0388,2048
46,-0.2622,-1.2039,0.1072,-0.3489,-1.2532,0.0101,2054
46,-0.2332,-1.1602,0.1428,-0.2978,-1.3051,-0.0073,2030
46,-0.2529,-1.2173,0.1848,-0.3256,-1.2459,-0.0265,2048
46,-0.27,-1.2209,0.1584,-0.403,-1.0696,-0.0261,2046
46,-0.3005,-1.3286,0.1235,-0.4802,-0.9319,0.0153,2028
46,-0.3098,-1.614,0.012,-0.5428,-0.8028,0.0281,2067
46,-0.2268,-1.7952,-0.0195,-0.8154,-0.8536,0.0668,2051
46,-0.2114,-1.9106,-0.0459,-1.0094,-0.8512,0.0599,2049
46,-0.137,-1.8289,-0.0442,-1.0192,-0.9483,0.1557,2048
46,-0.197,-1.7317,0.0291,-1.1581,-0.9914,0.2424,2064
46,-0.0732,-1.5725,-0.0151,-1.1501,-0.9966,0.257,2034
46,-0.125,-1.4497,0.0212,-1.0939,-0.8649,0.2879,2037
46,-0.2808,-1.4656,0.0737,-1.018,-0.6793,0.3105,2060
46,-0.2454,-1.5166,0.1211,-1.0505,-0.5434,0.3203,2050
46,-0.188,-1.498,0.0977,-1.1132,-0.3746,0.3376,2037
46,-0.1719,-1.4468,0.0874,-1.0978,-0.3934,0.3754,2076
46,-0.0972,-1.3889,0.1113,-1.0822,-0.5726,0.4026,2037
46,-0.0598,-1.3589,0.1416,-1.0579,-0.7236,0.4263,2032
46,-0.1147,-1.3406,0.1472,-1.0625,-0.8223,0.4778,2050
46,-0.1182,-1.3164,0.1602,-1.0595,-0.9146,0.5381,2033
46,-0.1287,-1.282,0.1387,-1.0429,-0.9163,0.5914,2054
46,-0.1733,-1.2498,0.1123,-0.9934,-0.8538,0.6452,2046
46,-0.1235,-1.2124,0.0605,-0.9489,-0.889,0.6769,2036
46,-0.1348,-1.1301,0.0283,-0.7885,-0.7951,0.696,2050
46,-0.2627,-1.1284,0.0098,-0.6675,-0.6914,0.6854,2042
46,-0.2874,-1.0994,-0.0732,-0.6176,-0.5212,0.6273,2048
46,-0.1313,-1.0234,-0.1321,-0.5352,-0.4342,0.6273,2050
46,-0.1799,-1.0132,-0.1787,-0.51,-0.3743,0.6328,2032
46,-0.0977,-1.0012,-0.1809,-0.4465,-0.4449,0.5568,2040
46,-0.0613,-0.968,-0.1877,-0.3976,-0.4654,0.5585,2036
46,-0.104,-0.9573,-0.1675,-0.3832,-0.5207,0.5821,2035
46,-0.1111,-0.9573,-0.1648,-0.3745,-0.6023,0.5662,2042
46,-0.0891,-0.96,-0.1646,-0.3812,-0.6421,0.5215,2050
46,-0.116,-0.9324,-0.1555,-0.4067,-0.6538,0.5031,2037
46,-0.1143,-0.9109,-0.1653,-0.4185,-0.6714,0.5028,2034
46,-0.126,-0.8982,-0.1882,-0.4389,-0.666,0.5104,2041
46,-0.1306,-0.8894,-0.2139,-0.4693,-0.6336,0.507,2039
46,-0.1538,-0.8589,-0.2354,-0.4635,-0.5936,0.4903,2050
46,-0.1672,-0.8308,-0.2388,-0.4679,-0.5462,0.4706,2060
46,-0.1707,-0.8035,-0.2549,-0.4101,-0.4884,0.4679,2051
46,-0.1809,-0.8086,-0.2603,-0.3962,-0.4167,0.4709,2044
46,-0.189,-0.8083,-0.2344,-0.3886,-0.3105,0.4635,2036
46,-0.1733,-0.8054,-0.2463,-0.3654,-0.3195,0.4703,2046
46,-0.1682,-0.8259,-0.2744,-0.3501,-0.2899,0.4954,2032
46,-0.2039,-0.8455,-0.2671,-0.2717,-0.2401,0.514,2021
46,-0.2363,-0.8635,-0.2871,-0.2165,-0.1922,0.5112,2103
46,-0.2664,-0.8831,-0.3196,-0.1499,-0.1388,0.4959,2042
46,-0.2659,-0.9451,-0.3123,-0.1132,-0.1811,0.4826,2045
46,-0.3201,-1.0168,-0.3499,-0.0083,-0.2824,0.4623,2021
46,-0.3481,-1.0823,-0.2988,0.0467,-0.3934,0.4188,2007
46,-0.3792,-1.1414,-0.2754,0.0581,-0.5449,0.392,2053
46,-0.3918,-1.1848,-0.2463,0.072,-0.6411,0.3532,2053
46,-0.3784,-1.2395,-0.2344,0.1201,-0.5895,0.3274,2057
46,-0.4109,-1.312,-0.1895,0.1896,-0.5846,0.2834,2011
46,-0.4343,-1.3477,-0.2148,0.3055,-0.5947,0.2274,2033
46,-0.4575,-1.3464,-0.2148,0.4042,-0.5449,0.1534,2032
46,-0.4517,-1.3638,-0.1809,0.4168,-0.5276,0.104,2051
46,-0.4585,-1.4248,-0.1675,0.4677,-0.4649,0.0746,2059
46,-0.4329,-1.5376,-0.0964,0.5078,-0.4666,0.0559,2042
46,-0.3623,-1.657,-0.0747,0.5645,-0.4163,0.021,2035
46,-0.3521,-1.6787,-0.053,0.5466,-0.3802,-0.0145,2023
46,-0.3784,-1.6187,-0.0549,0.5528,-0.3954,-0.0707,2033
46,-0.3853,-1.5586,-0.0881,0.5835,-0.3729,-0.0804,2038
46,-0.4392,-1.5356,-0.0825,0.6662,-0.2752,-0.1024,2033
46,-0.4658,-1.5735,-0.0649,0.7337,-0.1566,-0.1348,2057
46,-0.4597,-1.6233,-0.0266,0.7678,-0.0585,-0.1771,2035
46,-0.4514,-1.7349,-0.0591,0.81,-0.1147,-0.2219,2035
46,-0.4177,-1.835,-0.1094,0.804,-0.2992,-0.2966,2042
46,-0.3845,-1.7905,-0.1174,0.7216,-0.5526,-0.3617,2040
46,-0.3547,-1.6406,-0.0359,0.583,-0.7401,-0.3402,2049
46,-0.3118,-1.5024,0.0569,0.5144,-0.8736,-0.2733,2051
46,-0.3188,-1.3665,0.1418,0.5277,-0.7284,-0.2157,2032
46,-0.3228,-1.1809,0.2021,0.5444,-0.3875,-0.2037,2050
46,-0.2832,-1.0237,0.2449,0.6004,-0.0423,-0.1876,2024
46,-0.2278,-0.9858,0.2629,0.6165,0.3389,-0.1763,2041
46,-0.241,-1.0125,0.2422,0.5871,0.5839,-0.1514,2046
46,-0.2456,-1.0178,0.2322,0.5276,0.6127,-0.1605,2050
46,-0.2546,-0.97,0.2319,0.4661,0.5425,-0.1481,2041
46,-0.2859,-0.9294,0.1589,0.4364,0.4301,-0.1317,2044
46,-0.3569,-0.9119,0.0745,0.4027,0.2906,-0.1109,2045
46,-0.3726,-0.9146,-0.0042,0.4046,0.184,-0.1041,2032
46,-0.3347,-0.9333,-0.0537,0.3626,0.0278,-0.1214,2041
46,-0.292,-0.9126,-0.1587,0.3727,-0.114,-0.119,2045
46,-0.2517,-0.8564,-0.2107,0.4149,-0.2534,-0.1265,2038
46,-0.2288,-0.7915,-0.2449,0.4968,-0.3683,-0.1485,2053
46,-0.2666,-0.7288,-0.2715,0.6269,-0.3674,-0.178,2041
46,-0.304,-0.7495,-0.2524,0.7369,-0.2155,-0.2036,2039
46,-0.3391,-0.7493,-0.2097,0.8127,-0.0667,-0.2426,2048
46,-0.3472,-0.7129,-0.1943,0.8738,0.171,-0.2958,2035
46,-0.1946,-0.78,-0.1953,0.8501,0.2886,-0.3835,2037
46,-0.0752,-0.7725,-0.144,0.814,0.2806,-0.4148,2057
46,-0.1389,-0.7095,-0.1157,0.8051,0.2064,-0.3943,2045
47,-0.1943,-0.729,-0.0933,0.7803,0.023,-0.4139,2048
47,-0.1597,-0.7798,-0.0637,0.634,-0.0764,-0.4311,2037
47,-0.1799,-0.73,-0.0872,0.5695,-0.0902,-0.4436,2057
47,-0.1777,-0.7383,-0.082,0.5339,-0.1896,-0.4492,2055
47,-0.2029,-0.7283,-0.1042,0.508,-0.1981,-0.4509,2044
47,-0.2288,-0.7214,-0.1206,0.4787,-0.2021,-0.4634,2047
47,-0.2224,-0.7173,-0.1208,0.4709,-0.1655,-0.4843,2061
47,-0.1946,-0.7422,-0.125,0.4805,-0.1361,-0.4998,2040
47,-0.2397,-0.7595,-0.1196,0.4914,-0.0747,-0.5207,2049
47,-0.2786,-0.7891,-0.0938,0.5059,-0.0216,-0.5386,2035
47,-0.2686,-0.8479,-0.0911,0.5332,-0.1096,-0.5667,2072
47,-0.3025,-0.8865,-0.0918,0.5646,-0.1274,-0.5521,2026
47,-0.4041,-0.8972,-0.1255,0.6032,-0.1958,-0.543,2008
47,-0.4229,-0.9031,-0.1426,0.7111,-0.339,-0.5544,2041
47,-0.4478,-0.9189,-0.1477,0.8072,-0.3269,-0.5317,2095
47,-0.5029,-0.9893,-0.0891,0.8789,-0.3192,-0.505,2032
47,-0.4514,-1.0884,0.0588,0.8917,-0.2747,-0.4657,2042
47,-0.4189,-1.217,0.1633,0.8596,-0.2211,-0.4779,2040
47,-0.3975,-1.2788,0.2534,0.8347,-0.142,-0.4858,2062
47,-0.4131,-1.271,0.2996,0.811,-0.1571,-0.4924,2035
47,-0.4324,-1.252,0.3318,0.7373,-0.172,-0.5095,2064
47,-0.4536,-1.2405,0.3018,0.6898,-0.1559,-0.5082,2012
47,-0.469,-1.2507,0.2793,0.6155,-0.106,-0.4749,2032
47,-0.4409,-1.3105,0.2249,0.543,-0.0208,-0.4508,2048
47,-0.3809,-1.3389,0.1658,0.4424,0.0716,-0.4099,2065
47,-0.2766,-1.3188,0.1467,0.3601,0.1262,-0.3844,2038
47,-0.2029,-1.2732,0.1738,0.3141,0.1157,-0.3734,2072
47,-0.2053,-1.2991,0.1733,0.2767,0.1669,-0.3814,2067
47,-0.2473,-1.377,0.157,0.2203,0.186,-0.4028,2044
47,-0.2571,-1.4375,0.1333,0.161,0.2472,-0.4346,2062
47,-0.2329,-1.4753,0.061,0.077,0.1768,-0.4468,2057
47,-0.2122,-1.5137,0.0146,0.0328,0.0381,-0.446,2069
47,-0.2021,-1.5149,0.0139,-0.0028,-0.1482,-0.4264,2068
47,-0.2104,-1.519,0.0701,-0.0318,-0.3089,-0.4056,2051
47,-0.197,-1.5352,0.0916,-0.0563,-0.3049,-0.3698,2040
47,-0.1616,-1.5068,0.1709,-0.1225,-0.2629,-0.3405,2033
47,-0.0928,-1.4006,0.2102,-0.1852,-0.1462,-0.3236,2042
47,-0.0486,-1.2959,0.2854,-0.2281,-0.0822,-0.3041,2074
47,-0.0703,-1.2151,0.2837,-0.2369,0.0253,-0.2763,2046
47,-0.1067,-1.2029,0.3149,-0.241,0.085,-0.2313,2047
47,-0.1633,-1.2063,0.2627,-0.3259,0.1028,-0.1669,2045
47,-0.188,-1.2336,0.2236,-0.3454,0.0779,-0.1136,2045
47,-0.1667,-1.2864,0.1982,-0.4338,0.0332,-0.098,2046
47,-0.1582,-1.1956,0.0991,-0.4554,-0.0509,-0.0522,2039
47,-0.1792,-1.1975,0.0959,-0.4722,-0.1161,-0.0249,2046
47,-0.1892,-1.1648,0.0425,-0.4791,-0.1328,-0.0214,2055
47,-0.1738,-1.1177,0.0103,-0.393,-0.1417,0.0096,2018
47,-0.1738,-1.0977,-0.0024,-0.4155,-0.14,0.0489,2037
47,-0.168,-1.0,-0.0283,-0.3292,-0.1374,0.079,2039
47,-0.2051,-1.0144,-0.0469,-0.2519,-0.0862,0.1124,2055
47,-0.2324,-1.0298,-0.0239,-0.2081,-0.024,0.128,2021
47,-0.2002,-1.0303,-0.0103,-0.1852,-0.0071,0.136,2047
47,-0.1533,-1.0112,-0.0227,-0.1716,0.016,0.1432,2033
47,-0.1335,-0.9995,0.0029,-0.1768,-0.0016,0.1467,2047
47,-0.1113,-0.9678,-0.002,-0.1952,-0.0417,0.1637,2044
47,-0.1526,-0.9316,0.0039,-0.1999,-0.0708,0.177,2058
47,-0.1716,-0.8967,-0.0193,-0.1831,-0.1143,0.1822,2039
47,-0.1997,-0.8779,-0.032,-0.1843,-0.1369,0.1956,2049
47,-0.2178,-0.8542,-0.0662,-0.1807,-0.1305,0.2045,2034
47,-0.1882,-0.8411,-0.1047,-0.2037,-0.1573,0.2244,2063
47,-0.1763,-0.8193,-0.1394,-0.1851,-0.195,0.255,2041
47,-0.1787,-0.8025,-0.135,-0.1538,-0.2308,0.2673,2051
47,-0.189,-0.8201,-0.1223,-0.0928,-0.3341,0.2787,2063
47,-0.1555,-0.833,-0.0876,-0.053,-0.4285,0.2891,2046
47,-0.1616,-0.8289,-0.0735,-0.0312,-0.4783,0.2976,2027
47,-0.1772,-0.8088,-0.0513,0.0638,-0.5678,0.3023,2034
47,-0.2563,-0.8215,-0.0542,0.0706,-0.5578,0.3137,2037
47,-0.2642,-0.875,-0.0933,0.0968,-0.5837,0.3156,2033
47,-0.1992,-0.979,-0.1052,-0.0013,-0.6529,0.3337,2036
47,-0.1782,-1.0291,-0.1211,0.0292,-0.6461,0.3184,2035
47,-0.1975,-1.0547,-0.1523,0.0719,-0.6568,0.3392,2039
47,-0.2585,-1.0991,-0.1719,0.0475,-0.7268,0.3643,2059
47,-0.2644,-1.1172,-0.188,0.0506,-0.66,0.3472,2015
47,-0.2524,-1.1121,-0.1624,0.1607,-0.5305,0.3506,2040
47,-0.2246,-1.2202,-0.1074,0.1963,-0.4276,0.3757,2064
47,-0.1982,-1.311,-0.0713,0.179,-0.3643,0.3706,2037
47,-0.1772,-1.3821,0.0352,0.1702,-0.3538,0.3525,2051
47,-0.178,-1.4211,0.0898,0.1212,-0.336,0.3255,2041
47,-0.1873,-1.4429,0.0779,0.0932,-0.373,0.2936,2050
47,-0.2642,-1.4417,0.0671,0.1084,-0.4279,0.2486,2085
47,-0.3093,-1.4697,0.0305,0.1222,-0.4576,0.2441,2017
47,-0.3599,-1.4419,-0.0195,0.196,-0.4508,0.2309,2044
47,-0.3508,-1.4441,-0.052,0.2603,-0.3027,0.2638,2036
47,-0.3201,-1.4495,-0.0122,0.363,-0.1173,0.2959,2041
47,-0.2871,-1.4116,0.0703,0.4847,0.0538,0.261,2035
47,-0.2402,-1.4109,0.1597,0.5537,0.169,0.1868,2045
47,-0.2385,-1.459,0.2053,0.6257,0.1453,0.0835,2039
47,-0.2419,-1.5105,0.1814,0.6773,-0.069,-0.0276,2044
47,-0.25,-1.5503,0.1611,0.6124,-0.5785,-0.0173,2059
47,-0.2947,-1.5542,0.1072,0.5389,-1.0035,0.0349,2052
47,-0.3521,-1.5671,0.0935,0.5116,-1.1861,0.0899,2037
47,-0.377,-1.5908,0.1799,0.4982,-1.1646,0.1699,2038
47,-0.364,-1.5591,0.2368,0.4641,-0.912,0.1886,2042
47,-0.2646,-1.4509,0.2495,0.4541,-0.6067,0.1606,2040
47,-0.179,-1.3125,0.282,0.4863,-0.3457,0.1338,2046
47,-0.1528,-1.1863,0.314,0.4831,-0.2525,0.1092,2056
47,-0.1489,-1.0552,0.3105,0.4859,-0.21,0.1193,2040
47,-0.2239,-0.9199,0.333,0.4722,-0.2285,0.1831,2025
47,-0.2776,-0.8535,0.3564,0.4221,-0.3049,0.247,2054
47,-0.3062,-0.8613,0.3967,0.3723,-0.3466,0.2617,2036
47,-0.2957,-0.885,0.4192,0.3437,-0.2659,0.2478,2045
47,-0.3049,-0.8633,0.3833,0.3209,-0.1844,0.2393,2048
47,-0.3035,-0.8503,0.3533,0.3045,-0.0936,0.2526,2045
48,-0.271,-0.8621,0.2783,0.282,0.0154,0.2723,2044
48,-0.2012,-0.8582,0.2246,0.2714,0.0633,0.2831,2045
48,-0.147,-0.8367,0.1577,0.3048,0.106,0.2875,2072
48,-0.1206,-0.8286,0.1211,0.329,0.1329,0.2697,2052
48,-0.1138,-0.8047,0.0923,0.3068,0.2049,0.2555,2040
48,-0.1052,-0.7742,0.0728,0.2826,0.2342,0.2341,2034
48,-0.1228,-0.7241,0.0508,0.2614,0.3003,0.2049,2050
48,-0.1492,-0.6926,0.0325,0.2615,0.3408,0.1641,2043
48,-0.1775,-0.6772,0.0647,0.3064,0.3999,0.1318,2048
48,-0.2368,-0.7107,0.0154,0.3099,0.4738,0.1031,2054
48,-0.2117,-0.7563,-0.0166,0.2585,0.4727,0.0578,2036
48,-0.1497,-0.7566,-0.0217,0.2009,0.3545,0.0124,2044
48,-0.1106,-0.7263,0.0068,0.2067,0.3002,-0.0061,2034
48,-0.124,-0.7297,0.0361,0.1266,0.1577,0.0028,2045
48,-0.1521,-0.7209,0.0498,0.0589,0.0403,-0.0214,2051
48,-0.1482,-0.7095,0.0732,0.0312,0.0571,-0.0655,2030
48,-0.196,-0.6621,0.0427,0.0281,0.11,-0.0989,2052
48,-0.2654,-0.6287,-0.0156,0.0787,0.1362,-0.1256,2049
48,-0.2922,-0.6252,-0.0554,0.0956,0.2513,-0.1663,2037
48,-0.2866,-0.6121,-0.0769,0.1326,0.3731,-0.19,2012
48,-0.2573,-0.6416,-0.0681,0.177,0.4385,-0.1862,2032
48,-0.2236,-0.7209,-0.0444,0.174,0.4566,-0.1878,2022
48,-0.186,-0.8044,0.0032,0.1583,0.3199,-0.1952,2064
48,-0.2031,-0.9185,0.0479,0.1434,0.1316,-0.2274,2044
48,-0.2124,-0.9951,0.0732,0.1697,-0.1001,-0.2812,2042
48,-0.3145,-1.0234,0.0693,0.1161,-0.1992,-0.2992,2059
48,-0.4036,-0.9895,0.0808,0.0952,-0.2306,-0.3192,2024
48,-0.4409,-0.9631,0.0491,0.1521,-0.0744,-0.3537,2049
48,-0.3984,-0.9561,0.0471,0.2097,0.022,-0.3882,2068
48,-0.3281,-0.9534,0.1179,0.244,-0.0224,-0.3942,2021
48,-0.376,-1.1123,0.1689,0.2072,-0.1575,-0.4412,2029
48,-0.2783,-1.2168,0.1831,0.1772,-0.2433,-0.4081,2049
48,-0.436,-1.2378,0.2852,0.1956,-0.3354,-0.3698,2051
48,-0.5068,-1.2905,0.3357,0.1405,-0.3336,-0.3533,2030
48,-0.491,-1.3152,0.3328,0.0397,-0.2137,-0.3868,2036
48,-0.4214,-1.2954,0.3574,0.0174,-0.0158,-0.4185,2032
48,-0.363,-1.2478,0.3044,-0.1242,0.1794,-0.3986,2063
48,-0.2871,-1.2078,0.2358,-0.2341,0.2168,-0.3959,2036
48,-0.197,-1.1694,0.252,-0.3338,0.1972,-0.4006,2031
48,-0.1897,-1.1746,0.1848,-0.3918,0.2197,-0.3899,2048
48,-0.2424,-1.2505,0.1604,-0.4578,0.147,-0.3757,2046
48,-0.2412,-1.4128,0.1194,-0.4895,0.086,-0.369,2058
48,-0.2498,-1.625,0.0845,-0.5007,0.1103,-0.3549,2059
48,-0.2849,-1.8499,0.0652,-0.5038,0.2382,-0.3288,2065
48,-0.2732,-1.9014,0.0454,-0.5339,0.3714,-0.3595,2032
48,-0.1919,-1.7625,0.0134,-0.5948,0.412,-0.3879,2042
48,-0.1555,-1.5498,-0.0371,-0.6614,0.5409,-0.3859,2043
48,-0.1814,-1.3997,-0.0481,-0.6633,0.5695,-0.4219,2041
48,-0.144,-1.3301,-0.0708,-0.6256,0.59,-0.4627,2058
48,-0.1704,-1.2764,-0.053,-0.5841,0.5136,-0.4549,2051
48,-0.197,-1.2463,-0.0205,-0.5094,0.3848,-0.4211,2035
48,-0.1948,-1.2012,0.0276,-0.4072,0.2112,-0.4023,2053
48,-0.1995,-1.1609,0.0869,-0.3061,0.0807,-0.3721,2048
48,-0.2495,-1.1448,0.1333,-0.2173,0.0844,-0.3405,2048
48,-0.2451,-1.1211,0.1663,-0.1674,0.01,-0.279,2038
48,-0.2019,-1.0757,0.2024,-0.1063,-0.0788,-0.2393,2039
48,-0.2256,-1.0503,0.2014,-0.01,-0.0667,-0.198,2044
48,-0.2468,-1.0701,0.2104,0.0598,-0.0035,-0.1346,2037
48,-0.2605,-1.0735,0.1411,0.0392,0.1202,-0.0866,2032
48,-0.1951,-1.0593,0.0579,0.0222,0.1595,-0.0659,2025
48,-0.095,-1.0334,-0.051,-0.0738,0.1634,-0.0254,2044
48,-0.0569,-1.0344,-0.1033,-0.0965,0.1178,0.0134,2037
48,-0.0383,-1.0063,-0.1526,-0.0839,0.0503,0.0119,2060
48,-0.0735,-0.9888,-0.175,-0.0507,-0.0097,0.026,2048
48,-0.1343,-0.9473,-0.1902,-0.0423,-0.0634,0.0547,2045
48,-0.1833,-0.9385,-0.2356,-0.0021,-0.0939,0.0642,2041
48,-0.2075,-0.9392,-0.2483,0.0288,-0.1264,0.0668,2044
48,-0.2039,-0.9558,-0.2646,0.0443,-0.1245,0.0808,2061
48,-0.1882,-0.9934,-0.2239,0.0518,-0.2113,0.098,2044
48,-0.1946,-1.0149,-0.2075,0.0748,-0.2396,0.1009,2052
48,-0.1851,-1.0298,-0.1975,0.0514,-0.2473,0.0953,2045
48,-0.1309,-1.0239,-0.1802,-0.0433,-0.2067,0.0641,2053
48,-0.0974,-0.9927,-0.1331,0.0012,-0.1996,0.0334,2047
48,-0.0708,-0.9937,-0.1538,-0.0453,-0.173,0.0105,2032
48,-0.0532,-0.9529,-0.1609,0.0312,-0.1971,0.0141,2027
48,-0.0859,-0.9546,-0.1658,0.0388,-0.191,0.0362,2027
48,-0.0967,-0.9956,-0.1455,-0.0266,-0.2164,0.029,2034
48,-0.1003,-0.968,-0.1697,0.032,-0.289,0.072,2032
48,-0.1396,-1.012,-0.1536,0.0294,-0.3124,0.0874,2045
48,-0.1558,-0.9883,-0.1677,0.027,-0.3112,0.0784,2044
48,-0.1763,-1.0076,-0.1467,0.1069,-0.3039,0.0557,2020
48,-0.2153,-1.0325,-0.1482,0.1329,-0.2413,0.0304,2076
48,-0.2039,-1.0222,-0.1377,0.1838,-0.2157,0.0177,2031
48,-0.2029,-1.0518,-0.1104,0.1939,-0.2195,0.0487,2034
48,-0.1946,-1.0859,-0.0754,0.2177,-0.2265,0.0585,2015
48,-0.1802,-1.1306,-0.072,0.227,-0.2617,0.0634,2027
48,-0.1455,-1.1543,-0.0769,0.2627,-0.3765,0.0599,2050
48,-0.1262,-1.1826,-0.0679,0.3229,-0.4329,0.039,2037
48,-0.1536,-1.2041,-0.0515,0.3336,-0.4976,0.0388,2019
48,-0.1777,-1.2012,-0.0305,0.3543,-0.548,0.0445,2034
48,-0.2283,-1.2207,-0.0439,0.3767,-0.5094,0.0362,2022
48,-0.2417,-1.27,-0.0154,0.3918,-0.5849,0.0481,2102
48,-0.2183,-1.3311,0.0317,0.4484,-0.5883,0.0466,2032
48,-0.1909,-1.4109,0.0791,0.4872,-0.6115,0.0597,2060
48,-0.1926,-1.52,0.1475,0.5177,-0.6144,0.0722,2046
48,-0.1907,-1.6101,0.2124,0.5007,-0.6273,0.0914,2048
48,-0.1594,-1.6504,0.2273,0.4564,-0.5904,0.1143,2006
48,-0.1768,-1.6121,0.2043,0.3952,-0.5145,0.1024,2033
48,-0.1919,-1.554,0.1965,0.3567,-0.5249,0.1119,2056
48,-0.2183,-1.4978,0.1089,0.4159,-0.4972,0.1165,2066
48,-0.2573,-1.4861,0.0388,0.4799,-0.4538,0.1746,2039
48,-0.2935,-1.5283,0.0706,0.5608,-0.3583,0.2187,2037
49,-0.2788,-1.6204,0.0581,0.5966,-0.1258,0.229,2036
49,-0.2617,-1.6528,0.1003,0.605,0.1614,0.1623,2042
49,-0.218,-1.6492,0.144,0.6212,0.2123,0.096,2045
49,-0.1682,-1.6196,0.1934,0.6275,0.0898,0.0461,2053
49,-0.134,-1.5491,0.1836,0.5881,-0.2651,0.0301,2035
49,-0.1528,-1.509,0.1465,0.5544,-0.6694,0.0527,2060
49,-0.2017,-1.4534,0.1182,0.5105,-0.8802,0.1354,2028
49,-0.25,-1.4097,0.1196,0.4872,-0.9412,0.2545,2045
49,-0.272,-1.3567,0.1838,0.4908,-0.7835,0.3328,2056
49,-0.2554,-1.2791,0.2585,0.4779,-0.4578,0.3374,2040
49,-0.1899,-1.1477,0.2998,0.4227,-0.0846,0.3215,2042
49,-0.1501,-1.0217,0.3201,0.3872,0.191,0.3049,2036
49,-0.1685,-0.9341,0.3445,0.3753,0.3508,0.3075,2052
49,-0.2144,-0.8979,0.3445,0.3922,0.3539,0.3247,2039
49,-0.2891,-0.8738,0.3003,0.4183,0.287,0.3718,2032
49,-0.4058,-0.8826,0.2439,0.3276,0.291,0.4205,2047
49,-0.3174,-0.9568,0.114,0.1605,0.2437,0.534,2043
49,-0.1685,-0.9209,0.0427,0.0925,0.21,0.5605,2041
49,-0.0935,-0.9033,0.0459,0.1171,0.1324,0.5482,2044
49,-0.0938,-0.8984,0.0789,0.1309,0.1244,0.5706,2047
49,-0.1375,-0.876,0.051,0.0546,0.1511,0.5532,2052
49,-0.1145,-0.8708,0.075,0.0491,0.0967,0.4859,2049
49,-0.0911,-0.8215,-0.0042,0.0053,0.1177,0.4437,2042
49,-0.158,-0.7573,-0.0776,0.0903,0.0722,0.4076,2048
49,-0.2432,-0.7334,-0.0493,0.1268,0.021,0.4032,2044
49,-0.3005,-0.7827,-0.1101,0.0646,0.0269,0.3578,2049
49,-0.2144,-0.8035,-0.0793,0.0045,0.1083,0.3382,2038
49,-0.1907,-0.7566,-0.05,0.0153,0.1149,0.3192,2044
49,-0.2048,-0.7566,-0.0554,-0.0278,0.1428,0.3111,2050
49,-0.1741,-0.7605,-0.0635,-0.1233,0.079,0.2851,2046
49,-0.1204,-0.7139,-0.0256,-0.1164,0.039,0.2181,2044
49,-0.1218,-0.6426,-0.0413,-0.0425,0.0429,0.1699,2051
49,-0.2034,-0.6343,-0.0718,-0.0035,0.0672,0.1474,2038
49,-0.2532,-0.6418,-0.0969,0.025,0.1682,0.1233,2052
49,-0.218,-0.6416,-0.0886,0.0341,0.2547,0.1068,2027
49,-0.1648,-0.6543,-0.1223,0.0031,0.3115,0.0991,2059
49,-0.1211,-0.6489,-0.1182,-0.016,0.2487,0.0807,2036
49,-0.1296,-0.6533,-0.0874,0.0146,0.1638,0.0543,2047
49,-0.1951,-0.6821,-0.0681,0.0607,0.0581,0.0145,2033
49,-0.2856,-0.7034,-0.0696,0.1105,0.0377,-0.0421,2063
49,-0.3479,-0.7185,-0.0688,0.1372,0.015,-0.0786,2040
49,-0.386,-0.7395,-0.0581,0.1486,0.0116,-0.0581,2017
49,-0.3728,-0.7651,-0.0393,0.1471,0.0249,-0.0478,2082
49,-0.3582,-0.7642,-0.0312,0.2219,0.0374,-0.0329,2058
49,-0.395,-0.8171,-0.0198,0.2955,0.0374,-0.0415,2041
49,-0.3103,-0.9495,-0.0291,0.2924,-0.0115,-0.085,2027
49,-0.2351,-1.0906,-0.0525,0.2225,-0.0578,-0.1394,2023
49,-0.2144,-1.1208,0.0635,0.2675,-0.1249,-0.175,2084
49,-0.3142,-1.1584,0.0493,0.2312,-0.1625,-0.1689,2050
49,-0.4141,-1.2373,0.0969,0.1438,-0.179,-0.191,2041
49,-0.3811,-1.2998,0.1711,0.0884,-0.1682,-0.2441,2056
49,-0.3545,-1.3396,0.1775,0.0337,-0.1436,-0.2908,2055
49,-0.4087,-1.3123,0.1687,-0.057,-0.1109,-0.2788,2056
49,-0.4429,-1.2637,0.155,-0.1662,-0.1736,-0.2807,2045
49,-0.4065,-1.2542,0.1072,-0.1595,-0.0838,-0.3104,2053
49,-0.4387,-1.2402,0.0886,-0.1304,0.0226,-0.3161,2032
49,-0.45,-1.2849,0.0674,-0.118,0.1898,-0.3112,2066
49,-0.3657,-1.3242,0.0574,-0.1197,0.2377,-0.3293,2073
49,-0.3105,-1.366,0.0854,-0.1642,0.2779,-0.3398,2042
49,-0.3125,-1.4475,0.1108,-0.1977,0.2043,-0.3601,2040
49,-0.3684,-1.5105,0.1072,-0.1562,0.1119,-0.3816,2056
49,-0.4529,-1.5625,0.0627,-0.1393,-0.0571,-0.3786,2030
49,-0.4714,-1.645,0.0286,-0.1075,-0.1667,-0.3308,2048
49,-0.4351,-1.7046,0.0417,-0.0751,-0.1514,-0.2742,2032
49,-0.3718,-1.7271,0.0588,-0.0586,-0.0996,-0.2195,2048
49,-0.2913,-1.6694,0.1167,-0.0932,0.1048,-0.2136,2038
49,-0.2266,-1.4639,0.1763,-0.1888,0.2085,-0.2434,2059
49,-0.1565,-1.2625,0.1699,-0.2436,0.1907,-0.2535,2051
49,-0.1309,-1.1848,0.1626,-0.2269,0.0605,-0.241,2050
49,-0.1951,-1.2202,0.1746,-0.1839,-0.0822,-0.1811,2053
49,-0.281,-1.2668,0.1885,-0.1691,-0.1149,-0.0687,2042
49,-0.2834,-1.2888,0.1833,-0.1601,-0.1482,-0.0104,2043
49,-0.229,-1.2969,0.1738,-0.1827,-0.0968,0.0136,2045
49,-0.2234,-1.2444,0.1794,-0.2077,-0.0262,0.0356,2044
49,-0.2017,-1.1846,0.1741,-0.2332,-0.0521,0.0563,2044
49,-0.1958,-1.1414,0.1458,-0.229,-0.057,0.0798,2042
49,-0.2056,-1.095,0.092,-0.1716,-0.0329,0.0875,2053
49,-0.2104,-1.0693,0.0396,-0.1342,-0.043,0.0975,2061
49,-0.1863,-1.0249,-0.0037,-0.1139,-0.0551,0.1196,2035
49,-0.1829,-0.9729,-0.041,-0.0641,-0.0619,0.143,2039
49,-0.1807,-0.9453,-0.072,-0.0123,-0.0599,0.1429,2048
49,-0.1638,-0.9255,-0.0845,0.0111,-0.0505,0.1172,2045
49,-0.1348,-0.8799,-0.116,0.0611,-0.0751,0.1056,2032
49,-0.1072,-0.8718,-0.1113,0.0979,-0.0582,0.0984,2037
49,-0.1128,-0.8757,-0.0991,0.1337,-0.084,0.1065,2019
49,-0.1062,-0.8735,-0.0947,0.1388,-0.0939,0.1149,2057
49,-0.1221,-0.8721,-0.1055,0.1475,-0.1123,0.1103,2047
49,-0.1218,-0.8784,-0.0806,0.1526,-0.1056,0.091,2053
49,-0.1328,-0.864,-0.0764,0.1459,-0.128,0.0883,2047
49,-0.1401,-0.8723,-0.0781,0.124,-0.1514,0.0812,2044
49,-0.1387,-0.8589,-0.1106,0.1241,-0.165,0.0686,2045
49,-0.1489,-0.8508,-0.1135,0.1253,-0.1914,0.0454,2044
49,-0.1567,-0.832,-0.1372,0.1377,-0.2301,0.0362,2042
49,-0.1777,-0.8359,-0.1316,0.1354,-0.2457,0.0341,2059
49,-0.1938,-0.8389,-0.1431,0.1206,-0.2173,0.0462,2032
49,-0.1755,-0.8486,-0.1328,0.1016,-0.222,0.0494,2044
49,-0.1433,-0.887,-0.1238,0.0908,-0.2526,0.0418,2027
49,-0.1057,-0.9089,-0.1128,0.1049,-0.302,0.0292,2029
49,-0.1138,-0.9541,-0.0881,0.1133,-0.3249,0.0131,2031
49,-0.1252,-0.9917,-0.0759,0.0965,-0.3824,0.0008,2030
49,-0.1245,-1.0266,-0.0894,0.1072,-0.4156,0.0045,2035
50,-0.1396,-1.0488,-0.0688,0.1051,-0.4372,0.0045,2060
50,-0.1892,-1.1045,-0.082,0.1117,-0.4313,-0.0092,2066
50,-0.2156,-1.1399,-0.0632,0.1224,-0.3665,-0.0044,2031
50,-0.24,-1.2102,-0.0059,0.1189,-0.2852,-0.0112,2050
50,-0.2385,-1.2542,0.0095,0.1095,-0.2317,-0.0467,2044
50,-0.2148,-1.2983,-0.0083,0.0863,-0.261,-0.0847,2026
50,-0.2266,-1.3049,-0.0034,0.1035,-0.3016,-0.1077,2042
50,-0.2878,-1.301,-0.0244,0.2208,-0.3155,-0.1278,2019
50,-0.3196,-1.3438,-0.0234,0.2519,-0.3525,-0.1344,2025
50,-0.3374,-1.426,0.0132,0.3199,-0.4287,-0.0895,2064
50,-0.3213,-1.5198,0.0725,0.3508,-0.3994,-0.0779,2058
50,-0.3225,-1.5974,0.1431,0.3669,-0.3633,-0.0755,2035
50,-0.3049,-1.6382,0.2036,0.3509,-0.3916,-0.0858,2037
50,-0.262,-1.5918,0.186,0.3196,-0.4217,-0.0996,2042
50,-0.2673,-1.5083,0.2224,0.382,-0.5381,-0.0671,2066
50,-0.3918,-1.4148,0.2354,0.4165,-0.5137,-0.0052,2053
50,-0.4626,-1.3455,0.2695,0.4932,-0.3602,0.0684,2036
50,-0.4958,-1.3315,0.2715,0.5982,-0.1345,0.0778,2066
50,-0.4385,-1.3994,0.248,0.6867,-0.0451,0.0738,2048
50,-0.3806,-1.5161,0.2483,0.699,-0.2651,0.0579,2044
50,-0.3071,-1.6111,0.2375,0.6936,-0.5807,0.0695,2050
50,-0.2578,-1.6985,0.2595,0.5891,-0.8537,0.1278,2043
50,-0.2751,-1.6362,0.2971,0.4504,-1.0266,0.2261,2051
50,-0.2625,-1.5085,0.3154,0.4105,-0.9166,0.3181,2050
50,-0.2681,-1.3865,0.3167,0.4204,-0.4844,0.3816,2031
50,-0.2522,-1.231,0.2969,0.4675,-0.0043,0.3693,2052
50,-0.1948,-1.1238,0.2715,0.4754,0.2583,0.3478,2059
50,-0.1484,-1.0063,0.231,0.4454,0.3361,0.3408,2031
50,-0.1252,-0.9644,0.2249,0.4397,0.2854,0.3627,2053
50,-0.1663,-0.9827,0.2014,0.4582,0.245,0.3723,2042
50,-0.2463,-1.0449,0.1875,0.3952,0.163,0.3722,2052
50,-0.2317,-1.0461,0.1936,0.3401,0.0921,0.347,2042
50,-0.2419,-1.0117,0.1501,0.2799,0.1031,0.3067,2047
50,-0.2354,-1.0208,0.1003,0.176,-0.0288,0.2992,2038
50,-0.2312,-0.9893,0.0542,0.0995,-0.1065,0.2895,2038
50,-0.2363,-0.8997,0.0125,0.0637,-0.1202,0.2811,2051
50,-0.2583,-0.8081,-0.0613,0.1502,-0.1008,0.2598,2045
50,-0.2295,-0.7932,-0.0894,0.194,-0.0707,0.2159,2037
50,-0.158,-0.8435,-0.0859,0.2265,0.0719,0.1767,2038
50,-0.1479,-0.8359,-0.1138,0.2132,0.2161,0.1706,2049
50,-0.0703,-0.8774,-0.0713,0.2153,0.1507,0.1657,2050
50,-0.1018,-0.8899,-0.0742,0.1176,0.1465,0.159,2033
50,-0.1438,-0.8298,-0.0422,0.1353,0.118,0.1073,2044
50,-0.165,-0.8369,0.0322,0.0863,0.0569,0.1039,2047
50,-0.2166,-0.7979,0.0256,-0.0459,0.0835,0.1213,2058
50,-0.2336,-0.7319,0.0308,-0.0759,0.1416,0.083,2034
50,-0.2139,-0.686,0.0293,-0.0887,0.1169,0.0678,2066
50,-0.2217,-0.6619,0.0112,-0.1073,0.1514,0.0594,2048
50,-0.2092,-0.6367,-0.0239,-0.0565,0.189,0.0356,2033
50,-0.2202,-0.6235,-0.0259,-0.0338,0.208,0.0238,2060
50,-0.2229,-0.6218,-0.0603,-0.0273,0.236,0.0269,2043
50,-0.2185,-0.6538,-0.0242,-0.0217,0.2967,0.0248,2042
50,-0.21,-0.6877,-0.0107,-0.0201,0.281,0.0144,2060
50,-0.2104,-0.7146,0.0068,-0.0475,0.2092,0.0081,2045
50,-0.24,-0.7515,0.0105,-0.0932,0.1316,-0.0173,2045
50,-0.2476,-0.7705,0.0266,-0.157,0.0208,-0.0145,2030
50,-0.292,-0.7729,0.0264,-0.1928,-0.0907,-0.0274,2074
50,-0.325,-0.7664,-0.0288,-0.1687,-0.1766,-0.0547,2072
50,-0.3735,-0.7458,-0.075,-0.1036,-0.2156,-0.0831,2052
50,-0.4109,-0.7615,-0.1121,0.0514,-0.1936,-0.119,2096
50,-0.3806,-0.8101,-0.136,0.1236,-0.0344,-0.1481,2041
50,-0.3298,-0.9155,-0.1016,0.1394,-0.0489,-0.1775,2043
50,-0.2852,-1.0195,-0.075,0.1505,-0.0146,-0.1886,2027
50,-0.2871,-1.0938,-0.0039,0.1645,-0.0421,-0.2152,2033
50,-0.3311,-1.1304,0.0781,0.1314,-0.1973,-0.245,2037
50,-0.3564,-1.1443,0.1487,0.1506,-0.2803,-0.2796,2045
50,-0.4172,-1.1355,0.196,0.1377,-0.3895,-0.294,2032
50,-0.4934,-1.103,0.1833,0.1077,-0.4703,-0.3024,2030
50,-0.5698,-1.0667,0.1753,0.1017,-0.4057,-0.3147,2056
50,-0.512,-1.1238,0.1365,0.071,-0.3019,-0.2978,2056
50,-0.47,-1.1379,0.0925,0.0667,-0.1744,-0.269,2030
50,-0.429,-1.1841,0.1111,0.0514,-0.112,-0.235,2039
50,-0.3496,-1.2317,0.1274,0.0092,-0.1159,-0.2567,2019
50,-0.293,-1.2617,0.1299,-0.0222,-0.0253,-0.296,2041
50,-0.2896,-1.2917,0.1399,-0.0847,-0.0531,-0.302,2065
50,-0.3186,-1.2622,0.082,-0.1675,-0.0684,-0.3104,2042
50,-0.3667,-1.1946,0.0593,-0.2362,-0.1365,-0.2908,2054
50,-0.3752,-1.2217,0.0364,-0.2863,-0.1932,-0.2448,2033
50,-0.3967,-1.3838,0.0378,-0.2717,-0.1934,-0.2195,2049
50,-0.4167,-1.4875,0.0085,-0.283,-0.2209,-0.2157,2038
50,-0.3528,-1.5774,-0.0225,-0.2907,-0.2282,-0.2141,2043
50,-0.2715,-1.7107,-0.0535,-0.3109,-0.2417,-0.1811,2040
50,-0.1865,-1.7991,-0.0564,-0.3472,-0.2621,-0.145,2066
50,-0.1194,-1.7456,-0.0117,-0.3587,-0.2915,-0.1418,2030
50,-0.1187,-1.6111,0.0239,-0.4223,-0.2274,-0.1722,2053
50,-0.115,-1.4714,0.05,-0.4871,-0.1792,-0.1682,2061
50,-0.144,-1.4351,0.0637,-0.5151,-0.1201,-0.1597,2052
50,-0.1858,-1.4487,0.0518,-0.539,-0.092,-0.1463,2044
50,-0.1875,-1.4343,0.0417,-0.5584,-0.0944,-0.1205,2060
50,-0.1787,-1.3713,0.0732,-0.5604,-0.1164,-0.1149,2040
50,-0.1626,-1.334,0.1091,-0.5673,-0.0977,-0.0973,2055
50,-0.1477,-1.3264,0.165,-0.5912,-0.1285,-0.055,2046
50,-0.1511,-1.2935,0.1514,-0.6079,-0.13,-0.0052,2047
50,-0.1887,-1.261,0.1028,-0.5456,-0.124,0.0348,2040
50,-0.2048,-1.2671,0.0974,-0.5157,-0.1595,0.0892,2050
50,-0.208,-1.2048,0.0784,-0.554,-0.136,0.1036,2037
50,-0.21,-1.1604,0.0098,-0.5252,-0.161,0.0559,2033
50,-0.2222,-1.1904,-0.0007,-0.4578,-0.2065,0.0238,2019
50,-0.26,-1.1599,0.0166,-0.4485,-0.139,0.0386,2045
50,-0.2314,-1.0771,-0.0088,-0.5271,-0.1353,0.0278,2025
50,-0.1843,-1.0171,-0.1035,-0.5461,-0.163,0.0537,2035
50,-0.1333,-1.0461,-0.167,-0.4831,-0.1746,0.0955,2033
50,-0.1765,-1.0872,-0.1736,-0.5034,-0.1714,0.1358,2017
