,BODY_Angle_x_mean,BODY_Angle_x_std,BODY_Angle_x_range,BODY_Angle_x_mad,BODY_Angle_x_ssi,BODY_Angle_x_rms,BODY_Angle_x_aac,BODY_Angle_x_l2norm,BODY_Angle_x_lscale,BODY_Angle_x_dasdv,BODY_Angle_x_mav2,BODY_Angle_x_autocorr,BODY_Angle_x_iqr,BODY_Angle_x_skew,BODY_Angle_x_sma,BODY_Angle_x_kurt,BODY_Angle_x_medad,BODY_Angle_x_hjorthMobility,BODY_Angle_x_hjorthComplexity,BODY_Angle_y_mean,BODY_Angle_y_std,BODY_Angle_y_range,BODY_Angle_y_mad,BODY_Angle_y_ssi,BODY_Angle_y_rms,BODY_Angle_y_aac,BODY_Angle_y_l2norm,BODY_Angle_y_lscale,BODY_Angle_y_dasdv,BODY_Angle_y_mav2,BODY_Angle_y_autocorr,BODY_Angle_y_iqr,BODY_Angle_y_skew,BODY_Angle_y_sma,BODY_Angle_y_kurt,BODY_Angle_y_medad,BODY_Angle_y_hjorthMobility,BODY_Angle_y_hjorthComplexity,BODY_Angle_z_mean,BODY_Angle_z_std,BODY_Angle_z_range,BODY_Angle_z_mad,BODY_Angle_z_ssi,BODY_Angle_z_rms,BODY_Angle_z_aac,BODY_Angle_z_l2norm,BODY_Angle_z_lscale,BODY_Angle_z_dasdv,BODY_Angle_z_mav2,BODY_Angle_z_autocorr,BODY_Angle_z_iqr,BODY_Angle_z_skew,BODY_Angle_z_sma,BODY_Angle_z_kurt,BODY_Angle_z_medad,BODY_Angle_z_hjorthMobility,BODY_Angle_z_hjorthComplexity,BODY_SV_a_mean,BODY_SV_a_std,BODY_SV_a_range,BODY_SV_a_mad,BODY_SV_a_medad,BODY_SV_a_mav2,BODY_SV_a_ssi,BODY_SV_a_rms,BODY_SV_a_aac,BODY_SV_a_l2norm,BODY_SV_a_lscale,BODY_SV_a_dasdv,BODY_SV_a_iqr,BODY_SV_a_skew,BODY_SV_a_sma,BODY_SV_a_kurt,BODY_SV_a_autocorr,BODY_SV_a_arcoef,BODY_SV_a_hjorthMobility,BODY_SV_a_hjorthComplexity,BODY_SV_a_pkh,BODY_SV_a_pkf,BODY_SV_a_mnf,BODY_SV_a_mdf,BODY_SV_a_ttp,BODY_SV_a_vcf,BODY_SV_g_mean,BODY_SV_g_std,BODY_SV_g_range,BODY_SV_g_mad,BODY_SV_g_medad,BODY_SV_g_mav1,BODY_SV_g_ssi,BODY_SV_g_rms,BODY_SV_g_aac,BODY_SV_g_l2norm,BODY_SV_g_lscale,BODY_SV_g_dasdv,BODY_SV_g_iqr,BODY_SV_g_skew,BODY_SV_g_sma,BODY_SV_g_kurt,BODY_SV_g_autocorr,BODY_SV_g_pkh,BODY_SV_g_pkf,BODY_SV_g_mnf,BODY_SV_g_mdf,BODY_SV_g_ttp,BODY_SV_g_vcf,LH_EMG_mean,LH_EMG_std,LH_EMG_range,LH_EMG_mad,LH_EMG_medad,LH_EMG_mav1,LH_EMG_ssi,LH_EMG_rms,LH_EMG_aac,LH_EMG_l2norm,LH_EMG_lscale,LH_EMG_dasdv,LH_EMG_log,LH_EMG_iqr,LH_EMG_skew,LH_EMG_sma,LH_EMG_kurt,LH_EMG_autocorr,LH_EMG_arcoef,LH_EMG_zc12,LH_EMG_ssc6,LH_EMG_wamp0,LH_EMG_myop4,LH_EMG_hjorthMobility,LH_EMG_hjorthComplexity,LH_EMG_pkh,LH_EMG_pkf,LH_EMG_mnf,LH_EMG_mdf,LH_EMG_ttp,LH_EMG_vcf,LH_Angle_x_mean,LH_Angle_x_std,LH_Angle_x_range,LH_Angle_x_mad,LH_Angle_x_ssi,LH_Angle_x_rms,LH_Angle_x_aac,LH_Angle_x_l2norm,LH_Angle_x_lscale,LH_Angle_x_dasdv,LH_Angle_x_mav2,LH_Angle_x_autocorr,LH_Angle_x_iqr,LH_Angle_x_skew,LH_Angle_x_sma,LH_Angle_x_kurt,LH_Angle_x_medad,LH_Angle_x_hjorthMobility,LH_Angle_x_hjorthComplexity,LH_Angle_y_mean,LH_Angle_y_std,LH_Angle_y_range,LH_Angle_y_mad,LH_Angle_y_ssi,LH_Angle_y_rms,LH_Angle_y_aac,LH_Angle_y_l2norm,LH_Angle_y_lscale,LH_Angle_y_dasdv,LH_Angle_y_mav2,LH_Angle_y_autocorr,LH_Angle_y_iqr,LH_Angle_y_skew,LH_Angle_y_sma,LH_Angle_y_kurt,LH_Angle_y_medad,LH_Angle_y_hjorthMobility,LH_Angle_y_hjorthComplexity,LH_Angle_z_mean,LH_Angle_z_std,LH_Angle_z_range,LH_Angle_z_mad,LH_Angle_z_ssi,LH_Angle_z_rms,LH_Angle_z_aac,LH_Angle_z_l2norm,LH_Angle_z_lscale,LH_Angle_z_dasdv,LH_Angle_z_mav2,LH_Angle_z_autocorr,LH_Angle_z_iqr,LH_Angle_z_skew,LH_Angle_z_sma,LH_Angle_z_kurt,LH_Angle_z_medad,LH_Angle_z_hjorthMobility,LH_Angle_z_hjorthComplexity,LH_SV_a_mean,LH_SV_a_std,LH_SV_a_range,LH_SV_a_mad,LH_SV_a_medad,LH_SV_a_mav2,LH_SV_a_ssi,LH_SV_a_rms,LH_SV_a_aac,LH_SV_a_l2norm,LH_SV_a_lscale,LH_SV_a_dasdv,LH_SV_a_iqr,LH_SV_a_skew,LH_SV_a_sma,LH_SV_a_kurt,LH_SV_a_autocorr,LH_SV_a_arcoef,LH_SV_a_hjorthMobility,LH_SV_a_hjorthComplexity,LH_SV_a_pkh,LH_SV_a_pkf,LH_SV_a_mnf,LH_SV_a_mdf,LH_SV_a_ttp,LH_SV_a_vcf,LH_SV_g_mean,LH_SV_g_std,LH_SV_g_range,LH_SV_g_mad,LH_SV_g_medad,LH_SV_g_mav1,LH_SV_g_ssi,LH_SV_g_rms,LH_SV_g_aac,LH_SV_g_l2norm,LH_SV_g_lscale,LH_SV_g_dasdv,LH_SV_g_iqr,LH_SV_g_skew,LH_SV_g_sma,LH_SV_g_kurt,LH_SV_g_autocorr,LH_SV_g_pkh,LH_SV_g_pkf,LH_SV_g_mnf,LH_SV_g_mdf,LH_SV_g_ttp,LH_SV_g_vcf,RH_EMG_mean,RH_EMG_std,RH_EMG_range,RH_EMG_mad,RH_EMG_medad,RH_EMG_mav1,RH_EMG_ssi,RH_EMG_rms,RH_EMG_aac,RH_EMG_l2norm,RH_EMG_lscale,RH_EMG_dasdv,RH_EMG_log,RH_EMG_iqr,RH_EMG_skew,RH_EMG_sma,RH_EMG_kurt,RH_EMG_autocorr,RH_EMG_arcoef,RH_EMG_zc12,RH_EMG_ssc6,RH_EMG_wamp0,RH_EMG_myop4,RH_EMG_hjorthMobility,RH_EMG_hjorthComplexity,RH_EMG_pkh,RH_EMG_pkf,RH_EMG_mnf,RH_EMG_mdf,RH_EMG_ttp,RH_EMG_vcf,RH_Angle_x_mean,RH_Angle_x_std,RH_Angle_x_range,RH_Angle_x_mad,RH_Angle_x_ssi,RH_Angle_x_rms,RH_Angle_x_aac,RH_Angle_x_l2norm,RH_Angle_x_lscale,RH_Angle_x_dasdv,RH_Angle_x_mav2,RH_Angle_x_autocorr,RH_Angle_x_iqr,RH_Angle_x_skew,RH_Angle_x_sma,RH_Angle_x_kurt,RH_Angle_x_medad,RH_Angle_x_hjorthMobility,RH_Angle_x_hjorthComplexity,RH_Angle_y_mean,RH_Angle_y_std,RH_Angle_y_range,RH_Angle_y_mad,RH_Angle_y_ssi,RH_Angle_y_rms,RH_Angle_y_aac,RH_Angle_y_l2norm,RH_Angle_y_lscale,RH_Angle_y_dasdv,RH_Angle_y_mav2,RH_Angle_y_autocorr,RH_Angle_y_iqr,RH_Angle_y_skew,RH_Angle_y_sma,RH_Angle_y_kurt,RH_Angle_y_medad,RH_Angle_y_hjorthMobility,RH_Angle_y_hjorthComplexity,RH_Angle_z_mean,RH_Angle_z_std,RH_Angle_z_range,RH_Angle_z_mad,RH_Angle_z_ssi,RH_Angle_z_rms,RH_Angle_z_aac,RH_Angle_z_l2norm,RH_Angle_z_lscale,RH_Angle_z_dasdv,RH_Angle_z_mav2,RH_Angle_z_autocorr,RH_Angle_z_iqr,RH_Angle_z_skew,RH_Angle_z_sma,RH_Angle_z_kurt,RH_Angle_z_medad,RH_Angle_z_hjorthMobility,RH_Angle_z_hjorthComplexity,RH_SV_a_mean,RH_SV_a_std,RH_SV_a_range,RH_SV_a_mad,RH_SV_a_medad,RH_SV_a_mav2,RH_SV_a_ssi,RH_SV_a_rms,RH_SV_a_aac,RH_SV_a_l2norm,RH_SV_a_lscale,RH_SV_a_dasdv,RH_SV_a_iqr,RH_SV_a_skew,RH_SV_a_sma,RH_SV_a_kurt,RH_SV_a_autocorr,RH_SV_a_arcoef,RH_SV_a_hjorthMobility,RH_SV_a_hjorthComplexity,RH_SV_a_pkh,RH_SV_a_pkf,RH_SV_a_mnf,RH_SV_a_mdf,RH_SV_a_ttp,RH_SV_a_vcf,RH_SV_g_mean,RH_SV_g_std,RH_SV_g_range,RH_SV_g_mad,RH_SV_g_medad,RH_SV_g_mav1,RH_SV_g_ssi,RH_SV_g_rms,RH_SV_g_aac,RH_SV_g_l2norm,RH_SV_g_lscale,RH_SV_g_dasdv,RH_SV_g_iqr,RH_SV_g_skew,RH_SV_g_sma,RH_SV_g_kurt,RH_SV_g_autocorr,RH_SV_g_pkh,RH_SV_g_pkf,RH_SV_g_mnf,RH_SV_g_mdf,RH_SV_g_ttp,RH_SV_g_vcf,LF_EMG_mean,LF_EMG_std,LF_EMG_range,LF_EMG_mad,LF_EMG_medad,LF_EMG_mav1,LF_EMG_ssi,LF_EMG_rms,LF_EMG_aac,LF_EMG_l2norm,LF_EMG_lscale,LF_EMG_dasdv,LF_EMG_log,LF_EMG_iqr,LF_EMG_skew,LF_EMG_sma,LF_EMG_kurt,LF_EMG_autocorr,LF_EMG_arcoef,LF_EMG_zc12,LF_EMG_ssc6,LF_EMG_wamp0,LF_EMG_myop4,LF_EMG_hjorthMobility,LF_EMG_hjorthComplexity,LF_EMG_pkh,LF_EMG_pkf,LF_EMG_mnf,LF_EMG_mdf,LF_EMG_ttp,LF_EMG_vcf,LF_Angle_x_mean,LF_Angle_x_std,LF_Angle_x_range,LF_Angle_x_mad,LF_Angle_x_ssi,LF_Angle_x_rms,LF_Angle_x_aac,LF_Angle_x_l2norm,LF_Angle_x_lscale,LF_Angle_x_dasdv,LF_Angle_x_mav2,LF_Angle_x_autocorr,LF_Angle_x_iqr,LF_Angle_x_skew,LF_Angle_x_sma,LF_Angle_x_kurt,LF_Angle_x_medad,LF_Angle_x_hjorthMobility,LF_Angle_x_hjorthComplexity,LF_Angle_y_mean,LF_Angle_y_std,LF_Angle_y_range,LF_Angle_y_mad,LF_Angle_y_ssi,LF_Angle_y_rms,LF_Angle_y_aac,LF_Angle_y_l2norm,LF_Angle_y_lscale,LF_Angle_y_dasdv,LF_Angle_y_mav2,LF_Angle_y_autocorr,LF_Angle_y_iqr,LF_Angle_y_skew,LF_Angle_y_sma,LF_Angle_y_kurt,LF_Angle_y_medad,LF_Angle_y_hjorthMobility,LF_Angle_y_hjorthComplexity,LF_Angle_z_mean,LF_Angle_z_std,LF_Angle_z_range,LF_Angle_z_mad,LF_Angle_z_ssi,LF_Angle_z_rms,LF_Angle_z_aac,LF_Angle_z_l2norm,LF_Angle_z_lscale,LF_Angle_z_dasdv,LF_Angle_z_mav2,LF_Angle_z_autocorr,LF_Angle_z_iqr,LF_Angle_z_skew,LF_Angle_z_sma,LF_Angle_z_kurt,LF_Angle_z_medad,LF_Angle_z_hjorthMobility,LF_Angle_z_hjorthComplexity,LF_SV_a_mean,LF_SV_a_std,LF_SV_a_range,LF_SV_a_mad,LF_SV_a_medad,LF_SV_a_mav2,LF_SV_a_ssi,LF_SV_a_rms,LF_SV_a_aac,LF_SV_a_l2norm,LF_SV_a_lscale,LF_SV_a_dasdv,LF_SV_a_iqr,LF_SV_a_skew,LF_SV_a_sma,LF_SV_a_kurt,LF_SV_a_autocorr,LF_SV_a_arcoef,LF_SV_a_hjorthMobility,LF_SV_a_hjorthComplexity,LF_SV_a_pkh,LF_SV_a_pkf,LF_SV_a_mnf,LF_SV_a_mdf,LF_SV_a_ttp,LF_SV_a_vcf,LF_SV_g_mean,LF_SV_g_std,LF_SV_g_range,LF_SV_g_mad,LF_SV_g_medad,LF_SV_g_mav1,LF_SV_g_ssi,LF_SV_g_rms,LF_SV_g_aac,LF_SV_g_l2norm,LF_SV_g_lscale,LF_SV_g_dasdv,LF_SV_g_iqr,LF_SV_g_skew,LF_SV_g_sma,LF_SV_g_kurt,LF_SV_g_autocorr,LF_SV_g_pkh,LF_SV_g_pkf,LF_SV_g_mnf,LF_SV_g_mdf,LF_SV_g_ttp,LF_SV_g_vcf,RF_EMG_mean,RF_EMG_std,RF_EMG_range,RF_EMG_mad,RF_EMG_medad,RF_EMG_mav1,RF_EMG_ssi,RF_EMG_rms,RF_EMG_aac,RF_EMG_l2norm,RF_EMG_lscale,RF_EMG_dasdv,RF_EMG_log,RF_EMG_iqr,RF_EMG_skew,RF_EMG_sma,RF_EMG_kurt,RF_EMG_autocorr,RF_EMG_arcoef,RF_EMG_zc12,RF_EMG_ssc6,RF_EMG_wamp0,RF_EMG_myop4,RF_EMG_hjorthMobility,RF_EMG_hjorthComplexity,RF_EMG_pkh,RF_EMG_pkf,RF_EMG_mnf,RF_EMG_mdf,RF_EMG_ttp,RF_EMG_vcf,RF_Angle_x_mean,RF_Angle_x_std,RF_Angle_x_range,RF_Angle_x_mad,RF_Angle_x_ssi,RF_Angle_x_rms,RF_Angle_x_aac,RF_Angle_x_l2norm,RF_Angle_x_lscale,RF_Angle_x_dasdv,RF_Angle_x_mav2,RF_Angle_x_autocorr,RF_Angle_x_iqr,RF_Angle_x_skew,RF_Angle_x_sma,RF_Angle_x_kurt,RF_Angle_x_medad,RF_Angle_x_hjorthMobility,RF_Angle_x_hjorthComplexity,RF_Angle_y_mean,RF_Angle_y_std,RF_Angle_y_range,RF_Angle_y_mad,RF_Angle_y_ssi,RF_Angle_y_rms,RF_Angle_y_aac,RF_Angle_y_l2norm,RF_Angle_y_lscale,RF_Angle_y_dasdv,RF_Angle_y_mav2,RF_Angle_y_autocorr,RF_Angle_y_iqr,RF_Angle_y_skew,RF_Angle_y_sma,RF_Angle_y_kurt,RF_Angle_y_medad,RF_Angle_y_hjorthMobility,RF_Angle_y_hjorthComplexity,RF_Angle_z_mean,RF_Angle_z_std,RF_Angle_z_range,RF_Angle_z_mad,RF_Angle_z_ssi,RF_Angle_z_rms,RF_Angle_z_aac,RF_Angle_z_l2norm,RF_Angle_z_lscale,RF_Angle_z_dasdv,RF_Angle_z_mav2,RF_Angle_z_autocorr,RF_Angle_z_iqr,RF_Angle_z_skew,RF_Angle_z_sma,RF_Angle_z_kurt,RF_Angle_z_medad,RF_Angle_z_hjorthMobility,RF_Angle_z_hjorthComplexity,RF_SV_a_mean,RF_SV_a_std,RF_SV_a_range,RF_SV_a_mad,RF_SV_a_medad,RF_SV_a_mav2,RF_SV_a_ssi,RF_SV_a_rms,RF_SV_a_aac,RF_SV_a_l2norm,RF_SV_a_lscale,RF_SV_a_dasdv,RF_SV_a_iqr,RF_SV_a_skew,RF_SV_a_sma,RF_SV_a_kurt,RF_SV_a_autocorr,RF_SV_a_arcoef,RF_SV_a_hjorthMobility,RF_SV_a_hjorthComplexity,RF_SV_a_pkh,RF_SV_a_pkf,RF_SV_a_mnf,RF_SV_a_mdf,RF_SV_a_ttp,RF_SV_a_vcf,RF_SV_g_mean,RF_SV_g_std,RF_SV_g_range,RF_SV_g_mad,RF_SV_g_medad,RF_SV_g_mav1,RF_SV_g_ssi,RF_SV_g_rms,RF_SV_g_aac,RF_SV_g_l2norm,RF_SV_g_lscale,RF_SV_g_dasdv,RF_SV_g_iqr,RF_SV_g_skew,RF_SV_g_sma,RF_SV_g_kurt,RF_SV_g_autocorr,RF_SV_g_pkh,RF_SV_g_pkf,RF_SV_g_mnf,RF_SV_g_mdf,RF_SV_g_ttp,RF_SV_g_vcf
0,2.926561826077291,0.1109319691280656,0.4717419142085357,0.0898741379341858,1861.211889225388,2.928653839975409,0.0239243773421976,43.14176502213821,0.0612037511463619,0.0405579454572423,1.4631682943984,0.9328908210917918,0.1580791030531174,-0.5799706000459165,635.0639162587721,-0.2781118834261615,0.0805390437594391,0.3982984116552144,4.356890173686565,1.5640868300844408,0.0736257811853261,0.4260058584137498,0.0571270174932913,532.0326550349721,1.5658107763257785,0.0232548504054207,23.065833066138584,0.0387949787058949,0.0386505383860085,0.7950517432264891,0.8617327552274416,0.0948076971076343,-1.0458697092164793,339.40684212832366,1.885264983477153,0.0484577349157415,0.5686019815275021,2.8007108478613745,1.5107910412310073,0.2226025504462063,0.8771209292686857,0.1942834046554999,506.0034461677336,1.5270275426397322,0.0273564161533401,22.49452035869477,0.1258863806684076,0.0450270730372765,0.7671836086587064,0.9795346016433388,0.4053428968796229,-0.2264182806622653,327.8416559471286,-1.1846433378742445,0.2029785867386286,0.2199906506000203,8.184769443923813,1.0237201532993976,0.108175603275731,0.5940717741694295,0.0852856617397666,0.0729739305879949,0.5031517160712791,229.94426425,1.029393504607052,0.0334181398601746,15.163913223505336,0.0579993178784379,0.0604679250307079,0.1341188560573329,0.7311806357083478,222.1472732659693,0.6244830807339987,0.8436352644144385,-0.423132213489319,0.6092946619019234,2.71605275000456,0.001901983362245,2.0370370574074075,6.572088769191403,4.074074114814815,0.0102689245121168,79.50035153889237,0.6329985130603291,0.2629665337861145,0.9150636162121968,0.2295559175071992,0.2238029166770401,0.4795828978921408,101.88580645,0.6852151818164167,0.0295633002305713,10.093849932013056,0.1482152794283584,0.0488708711623243,0.4524458364149591,-0.3380506705360133,137.3606773340914,-1.1044039370446153,0.9827098921392192,0.0236914190948437,1.0185185287037035,1.993815502383809,1.0185185287037035,0.0437402332417952,11.656171076682424,2052.2216748768474,26.902006313945325,194,17.01196340605209,9.221674876847374,1541.472906403941,855103793,2052.397124258613,25.242574257425744,29242.157803417995,12.982075793786274,38.86285864650486,27.44509726298643,18.5,1.3361245281089635,416601,4.6280199269131685,-0.0453145436721614,-0.0151549356975051,0,18,194,0.4285714285714285,1.464293055671852,1.1754364120867775,62.39792969803208,20.0000002,26.43438682212106,23.00000023,888.7607514159907,154.77206849607964,2.402491124812441,0.1612201454007618,0.7241243238191943,0.1364469319777487,1176.9589827020925,2.407867832958348,0.0301496595454136,34.306835801368976,0.0904733596334285,0.0437430371892541,1.2277768400554925,0.9631517342218094,0.2661265536113038,-0.2165298012917329,487.7056983369256,-0.7706283863864161,0.1371098652031253,0.2758545264723691,5.137645522738785,1.8923946895445007,0.1685809420025608,0.5980584244136018,0.1420690461104611,732.7157510556017,1.8998518882581965,0.0253325547344243,27.068722745183265,0.0957245917817614,0.0392950922298682,0.9658905795782444,0.972742507496677,0.2683142153897571,0.1315326863931841,384.15612197753376,-1.0619201566413383,0.1313476144254564,0.2362494078165924,6.084167138428262,2.182162057237913,0.1227256039166237,0.6688981297583645,0.1006363082978708,969.6941804609602,2.1855934258137752,0.0306040442245959,31.13991298094714,0.0665379830901272,0.0445454742309488,1.0589203463509056,0.934072090627514,0.1714921654467467,0.7429377967918811,442.9788976192964,0.3590833930076411,0.0886439151923617,0.3690433949080228,3.80613568375262,1.0332187981476657,0.097429036534331,0.4993592339749495,0.0745248597885137,0.060418129973553,0.4975886997422421,218.62830849,1.0377797171510192,0.0381910928028881,14.78608496154408,0.0520737225751532,0.0564252673221274,0.1067482128393426,1.0242995153257357,209.74341602397607,1.0652519121661697,0.8314728968414641,-0.1571600695877111,0.5883350359139262,2.4601470319005028,0.0017055204285488,1.00000001,4.916268349644248,3.00000003,0.0078065221580856,43.27935250716392,0.7654787755712397,0.3295972321002162,1.507311792555824,0.2766433031381111,0.2601754409295612,0.5555649731392275,140.89356019000002,0.8331008022735115,0.0492723000028736,11.86985931635249,0.1841786651177784,0.0778204185229974,0.4836947826676369,0.494615815784355,155.39219144096165,-0.5978304636280791,0.9719521489518862,0.0321551419715171,1.00000001,2.0093718094343727,1.00000001,0.0533653980135159,10.06823739057768,2045.3756097560977,9.406943109772298,75,6.671362284354554,4.624390243902326,1531.6463414634147,857648136,2045.3971359866616,8.382352941176471,29285.630196394955,4.838354854136776,11.329728377063557,27.40617939403831,9.0,0.8256782936625623,419302,4.248192999317602,0.2727406513455969,0.1404828749498392,0,0,192,0.4829268292682926,1.235933241608405,1.3668619759913634,3.1765099141855018,19.186276217382503,22.061867388954685,20.19608022882369,68.97619102186927,224.4776066921094,1.4949172202363423,0.1419934841556065,0.9781125928832916,0.11034211121444,462.2424650553268,1.5016128971718423,0.0602736102234234,21.49982476801443,0.0753811464253433,0.0815873990850047,0.7334238043481905,0.8346827508679828,0.179414295574579,0.2085414266933827,306.45803014845023,1.3212923273610495,0.0889604672714181,0.5885872888745873,1.9792575425595689,0.4272043318023717,0.144225682687385,0.8367817541584766,0.1143080954837041,41.656639627210765,0.4507805676077169,0.0479593626973162,6.454195505809439,0.0772096879592114,0.0664459050644473,0.1981324244138908,0.8937489683566318,0.1957862852566789,0.7892551255914125,87.5768880194862,1.2138310353047346,0.1021818144797883,0.4718732635000319,2.639717145125108,1.9421919396310603,0.1891483633499409,1.2864281907452462,0.1399475505034105,780.5809828104357,1.9513359811345707,0.0499595224765283,27.938879412217585,0.095413409768274,0.0757135062326174,0.9707220182877534,0.919824166030944,0.2207860920080966,-0.9679907606547452,398.14934762436735,3.3537934023200795,0.1120505883675322,0.4098002695866857,2.7620663506523537,0.8896477091614382,0.1376901796140782,0.7642085464500492,0.1093856515328234,0.096321534123705,0.4351895279691109,166.11952596999998,0.9001883975441867,0.046401204678452,12.888736399275142,0.0747232651994649,0.0660609971843656,0.1884121468095544,0.6251304412941224,182.37778037809483,0.6748299639312272,0.8840649084040844,-0.0049723134026047,0.4920694062921354,2.836343536302868,0.0027476381517003,4.0392160457647375,6.062452704169421,4.0392160457647375,0.0144037803521819,58.08964324595362,0.7267590523015994,0.3630611474117339,1.6237070090149683,0.2898846700315761,0.2307271077657661,0.5558256141784773,135.16657056,0.8120031555868036,0.0903418980549336,11.626115884507602,0.2022473312421773,0.1253630078793995,0.4580595435329098,0.306541045226613,148.98560572182788,-0.3034604169012982,0.9403430903861144,0.0255849771184984,2.0196080228823687,4.577749803008544,2.0196080228823687,0.0951578657873105,33.850206430073435,2049.3069306930693,17.16802684516676,151,11.332908538378597,6.0,1536.747524752475,848390340,2049.378485838529,14.064676616915422,29127.14095135326,8.31569873405251,22.03287909452666,27.42875297447169,11.75,0.01559033896435,413960,4.499852228148508,0.1742769376297888,-0.1281706282674397,1,3,192,0.5544554455445545,1.302982740816983,1.2771924145716709,33.98756307772742,16.316833135366466,20.446682942455286,16.316833135366466,390.82213003699417,169.66562720731793,1.704106344619761,0.2949758168731206,2.022976169078107,0.1972166938159068,604.0928008627445,1.7293231103852735,0.1243200625095733,24.578299389151084,0.14840947680815,0.2506271225598119,0.8490647785534834,0.6339238752041501,0.2310942682122074,0.5278336633879572,344.2294816131917,2.945350369181776,0.116225929938868,0.8449080389934895,1.6734591767541007,2.790127414628835,0.3097023251235812,2.4608671923004373,0.2115560379910783,1591.8108415199808,2.8071785997141285,0.1084902975352385,39.89750420164125,0.1323749719650689,0.2691472642832634,1.485636669396755,0.6203338697577215,0.2771191581930248,-2.8884992982530537,563.6057377550246,12.96583681851162,0.1696275796758617,0.8637453576561822,1.8818076734064144,1.4612044657272043,0.2406121858114419,2.039930447782845,0.1544599544929027,442.93067412970015,1.4807856392986023,0.0922663202034012,21.04591822966392,0.1155011042316402,0.1774775948158185,0.7004757796875545,0.7269319594533017,0.1897883512631528,1.1906316595559248,295.1633020768953,7.09443364279562,0.0907800374220556,0.7348184648060608,1.7800136580538106,1.1209720562361394,0.3338464043100435,2.597153872356764,0.1989023551632627,0.1097494283131428,0.4353776024172012,276.23096463,1.1693930147391818,0.1039768880946738,16.620197490703895,0.1414633327661814,0.2096404801011462,0.1360883377790938,2.504786346859748,226.43635535970017,8.491881536601179,0.8021585241881947,0.1438517167668881,0.6239168011695744,2.351580033769062,0.0036735112864242,1.019802070960404,7.45329992017428,3.0594062128812123,0.0165710041459255,91.5798585255306,1.2202521814072511,1.106786973691364,5.191050392588031,0.8463719473408197,0.7826068487553227,0.9366813430048236,547.00156645,1.6455784839326804,0.1850990249052042,23.3880646153118,0.5707056487505769,0.439534676827301,1.2260985284023205,1.416031468979248,246.4909406442648,1.5934327800552746,0.9209990873402154,0.0739499952490882,1.019802070960404,2.393947051493161,1.019802070960404,0.1399241637133371,19.570231941384733,2093.4439024390244,85.79045963910252,469,68.75935752528257,59.55609756097556,1567.6439024390245,899915452,2095.192466856144,90.58333333333331,29998.59083357084,47.34347202295552,113.33381631961674,27.67408299448865,119.0,-0.1195670172698369,429156,-0.0275925516158324,0.1252967313784244,0.1200462586583301,35,96,203,0.5073170731707317,1.3632554011574844,1.3103251977330437,524.8858713230437,1.019607908392161,24.492630417881724,25.490197709804026,6427.551430962281,246.5013944362164,1.262771321820993,0.3345482454662,2.0772770425185247,0.2408298758850359,349.7234351218559,1.30612709037221,0.1142872443439126,18.700893965847087,0.175044981979609,0.205542206047067,0.6307403849095117,0.8111587813109519,0.3400273721409921,-0.4140221628957403,258.8681209733036,1.4158492095784625,0.1714431754039795,0.6329444845448634,2.143051736122346,2.692048804497176,0.2891894318850886,1.6321933238975384,0.2187599525338808,1502.721614600768,2.707461789114657,0.1064649101935542,38.76495343220172,0.1448558076033998,0.1901054273749433,1.3522453372566785,0.7838283864200516,0.3273348929288757,-1.534109158840782,551.8700049219209,2.952644163715036,0.176156517384221,0.6761851489332777,2.040495951452489,1.4078401890076893,0.1739410161910421,1.4197166925601992,0.1120943491226688,412.484986877136,1.4184928224018412,0.0761450571935832,20.309726410691404,0.0828248584549685,0.1386563558895589,0.703323398291929,0.681798939769594,0.1376746683077636,0.2121321113060396,288.6072387465763,4.705460048591856,0.0684979913485666,0.8249019804224016,1.6647698431805775,1.067532253913889,0.3141556119262793,1.7128890614505583,0.2193116195572994,0.1137658202415773,0.5074823939739395,253.75667289,1.1125814256636264,0.1105057948049718,15.929741770976705,0.1645147198147232,0.2123670570356441,0.2449695827884861,0.7408905010934229,218.8441120523472,1.311178870460466,0.7713363793075374,0.0498587995078454,0.6978130408857202,2.1571034134314493,0.0157635374039485,2.039215816784322,8.274537740305842,3.0588237251764827,0.082138381266695,111.0731726140566,1.570158548063611,1.0590802161806427,4.522655005375864,0.8915535639039858,0.9528957677179954,1.1390398498928327,734.2233470199999,1.8925055620886784,0.1694662572311219,27.09655599924093,0.5875369367024018,0.3314540939375936,1.7564312216788256,0.6370415128534025,321.8825023530403,-0.5859669018829678,0.9503491839371286,0.4133519259900872,1.019607908392161,3.041469161825193,1.019607908392161,0.8471915740298579,32.22253190507091
1,2.9115957916820183,0.1191115675258414,0.4929047047799466,0.1010912686786443,1842.6581559004624,2.914019944882437,0.0258747766380358,42.92619428624512,0.0668897685817646,0.042716783472143,1.4407799700773791,0.9356863592882784,0.2037167950710761,-0.34048056698205,631.816286794998,-0.7866168356480574,0.1031554376436907,0.3911171856698855,4.026578083690766,1.573043225343956,0.090003232766007,0.6278115756487097,0.0671407102519921,538.7086282619118,1.5756040875925346,0.0296135570566068,23.210097549599222,0.0467130164939386,0.0501999581147284,0.7667716752160884,0.8443750103177028,0.1070122526800743,-0.096253944267979,341.3503798996385,2.2436186128165625,0.0539502454696916,0.6084992333856285,2.496477179789091,1.4639282907860611,0.2178002604385928,0.777501792186198,0.1917115758912937,475.296052746922,1.4799676991538735,0.0279407418198125,21.801285575555447,0.1237299007091524,0.0440273826060877,0.6930803441633623,0.979497353424478,0.418857785139316,0.0411232753809379,317.6724391005753,-1.3204902733259325,0.2075926172203126,0.2194468455098041,7.506598946291372,1.02368513480333,0.1291319126693509,0.758108380391622,0.0953865205216615,0.0791808468300037,0.5053974508482963,231.00289337000004,1.031760370693972,0.0330927448205661,15.198779338157392,0.0661950005519931,0.0587160925539906,0.1266066896083978,1.3209849568689624,222.1396742523226,2.19710908260622,0.89661233796486,-0.2012037926213988,0.4951675171937552,3.3090026170498485,0.0045145866193764,2.0370370574074075,5.266035490176136,3.055555586111111,0.0167709850932796,52.06105288318427,0.6348536650938262,0.2521937388160794,0.9024371002567052,0.2186017734943806,0.2198268707780856,0.5045500445931638,101.1974645,0.6828965973504415,0.0366207862838635,10.059695050049976,0.1426981188207827,0.05681797122521,0.4224879093547117,-0.2346552908118163,137.7632453253603,-1.1114908297536297,0.9744400438484322,0.0149567690554589,1.0185185287037035,2.889147788190011,2.0370370574074075,0.0401373445874342,16.805140772490468,2051.2156862745096,21.472230870160768,165,12.88043060361397,7.215686274509608,1543.4019607843138,858420696,2051.3275185194816,19.029556650246302,29298.81731401457,9.87042403168164,31.64247628455648,27.43961749460514,13.25,1.368717572960101,418448,6.349028862858637,-0.0874743332587657,-0.1408186561678794,0,11,189,0.4362745098039216,1.4955210441872575,1.1571336748171526,16.033435087498958,35.64705918,28.5861440856506,30.69607873833333,232.47823395419144,179.8668710021467,2.4411497219346945,0.1631769176681637,0.778442729112192,0.1385631041901961,1221.08446225129,2.446570691455826,0.0281926225588367,34.94401897680474,0.0911544218036535,0.0435669763531144,1.2407981563034811,0.9640853127942812,0.2641353822823702,-0.1291738021166907,497.99454327467765,-0.6405481347392392,0.1361631395260858,0.2732915440950149,5.70748891277971,1.8408297186903173,0.2106735835377007,0.9889053549593392,0.1663019010982745,700.295248692074,1.8527870483489928,0.0241479519663329,26.463092198230992,0.1150890826876414,0.0380864799913721,0.9272120605510236,0.9835647956022222,0.280088066720916,-0.4519808075944407,375.5292626128248,0.0844918179604228,0.1432324200752691,0.1846639894379987,8.259465399109951,2.1563225539931,0.1270422764180267,0.7242821192440592,0.0974701816123244,951.82066641879,2.160043420971964,0.0276245744234437,30.851590986832267,0.067398606450939,0.0422278625327982,1.093994842848018,0.9442863873339686,0.1352839651907973,0.6120757199931683,439.8898010145924,1.0992360973955235,0.0689623725317136,0.3401888876652401,4.517335152215517,1.0059285778436566,0.1285857864839723,0.8193051691908538,0.0920970797435678,0.0604379631971709,0.5202856982231377,209.78249377,1.0140737437169345,0.0419249097667417,14.48387012403798,0.0663425977459894,0.0649148869791755,0.1113044043098704,0.1744062992753178,205.209429880106,1.6224998405532545,0.8692136246240307,-0.189301660059333,0.5184384485386246,2.817627026313276,0.0041016048217005,1.9803921766666668,4.618939332226686,2.970588265,0.0128427798249714,39.133860952164405,0.8317487280652685,0.6605031872172771,3.8305624566164087,0.4112670840865057,0.3178660732498555,0.6277674436431271,229.69009856,1.0610993618348257,0.0537738781718362,15.1555302962318,0.2839577927062721,0.0842045440910213,0.508087495866136,2.938231548686104,169.67674052531476,9.824802953537068,0.9935497508835552,0.0635450563166728,0.9901960883333334,1.274292908724206,0.9901960883333334,0.0990303935507931,9.279697694782511,2045.122549019608,8.32052962105929,59,5.979094579008071,3.877450980392268,1538.9117647058824,853249407,2045.139391912673,8.433497536945813,29210.43318747601,4.327054959915,11.131546615329832,27.404733760705472,8.0,0.3275914577680537,417205,2.0888159330006704,0.1050896161371439,0.1175375169504633,0,0,191,0.4852941176470588,1.3663948436599191,1.2790838916253937,3.225974258467655,19.186276217382503,23.416145298113644,22.21568825170605,74.35577076480055,228.62711375645395,1.4839690404072392,0.1516673412559419,0.9781125928832916,0.1206913743389347,453.9110844569253,1.4916616022319418,0.0651312750934019,21.30518914388993,0.0818737644674632,0.0889547931359144,0.7736029790753624,0.8270893526146232,0.2022144730863857,0.2845806769509713,302.7296842430768,0.6852792167122801,0.1020617959953372,0.598406864353259,1.8858135614788447,0.4475401921469173,0.1597084539707298,0.8367817541584766,0.12206615349453,46.037492036480856,0.475051555697889,0.0505806945567626,6.785093369768824,0.0848595076599025,0.071668482538491,0.2399532570917805,0.899078540607235,0.2033851279623486,0.8964270234549022,91.29819919797114,1.003096011972508,0.1001567853186803,0.4580184692941176,2.792840024138008,1.956441563828172,0.2048240270485501,1.3466763330471043,0.1496453719613332,789.3598079630281,1.9670818039289004,0.0529423577778917,28.095547831694404,0.1042726463114891,0.0802336023447689,1.000137676888257,0.9231224001033494,0.2250388801821468,-0.6030078073096423,399.114079020947,2.639240180813012,0.110572025573014,0.3999960799445746,2.955848391454776,0.9070387903849616,0.1509406220046762,0.7642085464500492,0.1181929485714831,0.0993033410677898,0.4688913594073749,172.45971441,0.9194513347163974,0.0460849147446169,13.132391800810696,0.0824333678048276,0.0640265662073296,0.2029781784986437,0.5769123916912446,185.0359132385321,0.3453459904972336,0.909873777092598,-0.0053202561077387,0.4329506092878337,3.022066939442172,0.0058116328074355,3.029412034323553,5.002917148059735,3.029412034323553,0.0235280394037651,32.69252902873169,0.8480746393793211,0.3531682373938921,1.606053460077862,0.2839959696826947,0.2684987652196579,0.650926144713755,172.04278536,0.9183392548828692,0.1027644229697807,13.116508123734762,0.1977018996413049,0.1377498567763772,0.5305146086256314,-0.0384724131340809,173.0072264333815,-0.5008282512032256,0.9231127892663576,0.0215657908639385,3.029412034323553,5.82781286784597,4.0392160457647375,0.0993074440445367,35.6991647109758,2049.7241379310344,21.44213393170644,179,14.088330219126892,8.27586206896558,1540.312807881773,852970788,2049.835735338791,17.831683168316832,29205.66362882377,10.518143686289813,27.83633212437684,27.430948790807747,16.0,0.8147773108733755,416094,4.05820044969404,0.155731124381716,-0.1510937496208722,1,7,196,0.5172413793103449,1.337683722021977,1.2931639536696162,28.15907007912748,16.316833135366466,23.778154903680026,22.43564556112889,529.3034399608364,208.83568401760505,1.7455485564716595,0.287779003287241,2.022976169078107,0.1957306137655847,635.2577563451255,1.7689964820271022,0.123473096133579,25.20432019208464,0.142995404618794,0.2615306857466019,0.892865519866119,0.5801108203733152,0.2364537077572714,0.515125171854213,354.3463569637469,3.1446035638846666,0.1203835263276174,0.9090831896158178,1.5754668480197715,2.7831025556064057,0.3086349341587812,2.4376485297846493,0.2092431048615387,1591.6105620714554,2.8000796628986464,0.105047703841602,39.89499419816295,0.1316979999118651,0.2720774729616722,1.3371644265503415,0.6072016389749454,0.2623982389240407,-2.8886994147680003,564.9698187881004,12.900362376451945,0.1728398568010538,0.8780871166570919,1.8520805207978488,1.447079650157621,0.2250751031750308,2.039930447782845,0.1426710098941948,435.3230993397502,1.4643936510448423,0.0822136706761428,20.864397890659347,0.1047151759949013,0.1722005318668018,0.7223240044869246,0.705445159101185,0.1719110054586012,1.4310894951741255,293.7571689819971,9.813579552028052,0.0884310463059172,0.7610573215526824,1.784233450844164,1.1197054926537118,0.3425671715108661,2.597153872356764,0.2103438301487935,0.115879342366721,0.5968097128528983,278.21445716000005,1.170689782688241,0.1120910860458781,16.679761903576445,0.1541116915156187,0.2126827744001254,0.1872771262225174,2.242274393710637,227.3002150087035,7.44256798578907,0.8063328609337599,0.1449624924964519,0.6183056703417928,2.3859458903512825,0.0433938462414691,1.019802070960404,7.158643009214748,2.039604141920808,0.1376705686675762,112.20483701817076,1.3832475656150287,1.0616053433611148,5.178093675017735,0.7998762164119846,0.7383260355045819,1.166569222061803,616.07007986,1.74207576746992,0.1787664530922029,24.820759050842906,0.5600322653318474,0.435182462704264,1.2546261275080883,1.2487979804702294,280.7992558198508,1.4247404477088392,0.9154752808601828,0.3940425821082134,1.019802070960404,4.758681198184999,1.019802070960404,0.9125244418137064,73.990067491395,2104.671568627451,94.42402516084849,487,74.68473663975394,59.5,1584.8186274509803,905456979,2106.778251962265,95.85714285714286,30090.81220239826,51.98300009659036,120.69945984100896,27.73649915959881,118.25,0.0849594710129289,429353,-0.0091760438964283,0.1777059058374927,0.1423658284587099,32,92,203,0.4754901960784313,1.3106684697452695,1.3359013169198648,509.2664353590655,1.019607908392161,20.46869026560933,19.37255025945106,7578.03848374121,251.25465245699607,1.2837626474387542,0.3534850455174065,2.2480991358656963,0.2516772614759555,361.5666836447296,1.3313097701665195,0.1604666576255507,19.014906879728063,0.18427055575097,0.290827579296556,0.6562872173675737,0.6614124327728571,0.3438449687839033,0.0073274507787301,261.88758007750585,1.5877713735645558,0.1726624124253722,0.8427401142531097,1.7073523971292646,2.6831253740227807,0.3073509565120192,1.6444235504365368,0.2343619096929148,1487.805317561054,2.7005857367204094,0.1280072362969957,38.572079507864935,0.1574450698354303,0.2132090827924216,1.3944286888480073,0.7590509186310492,0.3484239721612225,-1.345069732028635,547.3575763006472,2.1194917386293386,0.2033637774698691,0.7102673372109856,1.9264916029907424,1.4139696558260677,0.2097722628617967,1.6407011765593609,0.1379496383577794,416.79217192979513,1.4293700997323262,0.1022660070889079,20.415488530275123,0.101021587611289,0.1914928647554122,0.7163482780589024,0.5824837647238824,0.1840330018490488,-0.4245783911609176,288.44980978851777,4.2263375426076895,0.0876860558843805,0.93812312274762,1.5603648125468068,1.1380755913601563,0.375239360675598,2.505603698266819,0.2642085684911333,0.144821605978794,0.4976775719298008,292.80740383,1.198052757991639,0.1563599323444323,17.111616049631316,0.1857688711340331,0.2827068033481061,0.2647576248864862,1.4868558461849015,232.16742063747188,3.6796787283448,0.7157930701359202,-0.0371353427879266,0.773716064628229,1.94991902840842,0.0377167625181643,2.039215816784322,8.638390586034609,4.078431633568644,0.1519522592451802,100.88613014046317,1.7674210588808927,1.3110131464198014,5.682424006216424,1.0988459509231423,1.1659377456316595,1.2378895344462924,986.1579091,2.198660364301185,0.2327182589470117,31.403151260661723,0.7156594988287428,0.4719797988561732,2.1174866949532456,0.7899205953741508,360.5538960117021,-0.2273174899140047,0.9349800681409358,0.5430002411071152,1.019607908392161,3.4239113042099607,1.019607908392161,1.2679695675619265,37.133096111861015
2,2.858341818505505,0.1222895014835511,0.4929047047799466,0.1027558470419434,1776.145815446955,2.86094455692872,0.0278288624926319,42.14434499961953,0.0694286239536565,0.0443813278147728,1.4489682765833338,0.9337152034808964,0.1892650302156941,0.032114800633028,620.2601746156946,-0.9329355861451868,0.0955622792976096,0.3960917238798792,3.869535171284238,1.5770837584243154,0.1099092017689209,0.6278115756487097,0.0851523943585133,542.3302073444429,1.5808913768396915,0.031426291413987,23.28798418378977,0.0600868501816361,0.0513034900274161,0.7652703181934113,0.890221614561486,0.1346363774749785,-0.0357433707383327,342.2271755780764,0.3350706156958813,0.0655734643753562,0.5093910193156169,2.949651995962849,1.3686110322440042,0.2040642889670845,0.777501792186198,0.171883064164317,415.45658874569415,1.383671381475978,0.0290853318783422,20.38275223677348,0.1128820397909483,0.0454393921979065,0.7325953879954794,0.9751153570103056,0.2881011444097836,0.6654028683796083,296.9885939969489,-0.6980811656374257,0.1458110150190721,0.2422392064014717,6.627333961875895,1.0111052632305406,0.1306378367225682,0.758108380391622,0.0914590627265162,0.0641356702656977,0.51399408414838,225.53275496000003,1.0194711626272572,0.0337961990062681,15.017747998951108,0.0649783675164092,0.059997278401771,0.0972095731885781,1.5084740047120235,219.4098421210273,2.636743697687507,0.8944910664686204,-0.2134396535852467,0.5004045181877327,3.198083223331937,0.0037115099422886,1.9814815647037072,5.821093291100119,3.9629631294074144,0.0162357870588851,63.72569113694432,0.7342558793364352,0.2231181196075131,0.8883147905284325,0.1797749671825954,0.164272625196456,0.5175466195119464,127.74442429,0.7672574423902487,0.0378662221975813,11.302407897877336,0.1201454068592239,0.057531081544296,0.2868460875099098,-0.890450919789663,159.33352581600644,-0.1051349618108847,0.9667392796524974,0.010932798571388,0.9907407823518536,3.406337893665084,1.9814815647037072,0.0427143511257593,19.28578311684451,2050.619512195122,11.60339748066114,130,7.157215942891146,4.3804878048781575,1535.580487804878,862060745,2050.652180613197,9.77450980392157,29360.87098503721,5.1534433285509325,16.335634091655905,27.436607447117943,9.0,-0.2015407005780132,420377,11.473378227674884,0.0088470111646174,-0.0780643616355318,0,3,190,0.5463414634146342,1.4447215356414715,1.2269305791058878,5.1418506854147,15.000000870000052,26.62291453374617,27.00000156600009,116.29650468041078,230.059048106572,2.403677525683677,0.214587713659863,0.8043897554279449,0.1860702024045702,1193.8152266509137,2.413190607990231,0.0336768123969864,34.5516313167832,0.1209384649293123,0.0539128975134305,1.2375791769987243,0.968350651550374,0.3535779025810384,-0.2794924226885871,492.75389276515386,-1.1108589760735823,0.1774014508211667,0.2585403696779127,5.811160366928036,1.48332834351332,0.5203764568557653,1.5973542191541936,0.4356635631063664,506.29540780469495,1.571538639871215,0.0309633426617748,22.50100903970075,0.2661745084717059,0.0538886959541669,1.0133068800859557,0.9946798822670108,0.6501489958296964,-1.0314403802592018,304.0823104202306,-0.5199845007677757,0.362393251036248,0.1061507993800585,13.75551268064154,2.035799719643294,0.2703064232752263,1.1034988205500906,0.2219560598951976,864.5238769350663,2.0535797144463834,0.027829092527977,29.402786890617467,0.1462814135571515,0.0428836892894494,1.1579130778511455,0.9873933805689066,0.3679853206072807,-0.5621317877345663,417.33894252687537,-0.7498740687493837,0.1849236720546732,0.1627962634256665,9.053008817227813,1.0227152403904916,0.1715845258455778,0.9082817486816466,0.1326414712415513,0.0961303225335258,0.4990733709580411,220.4250398,1.0369397748111342,0.0497605178238594,14.846718149139896,0.092366129685891,0.0787343387134375,0.2071926361643586,-0.172324519335203,209.65662428005075,0.4399215424230314,0.8938510299670367,-0.1248384201407746,0.4729159475734562,2.9834763093642067,0.0077813281949819,2.000000116000007,5.994474824215895,2.000000116000007,0.0293606370485298,68.07731450604953,1.7841331628286303,1.6758323284025478,5.128147403564024,1.401007520572093,1.129397613159911,1.1347728079307784,1225.4583388099998,2.4449633034405096,0.0742601955626351,35.00654708493826,0.8380150020071114,0.1116575820086337,2.000974202374938,1.1577251051767952,365.7472983798692,-0.3025260182542295,0.9977795604256666,0.8276816381673305,1.0000000580000037,1.1928240259251637,1.0000000580000037,1.122136087063239,1.766393656940035,2045.320197044335,8.615030381596613,59,6.380111140770216,4.679802955665082,1536.2857142857142,849231938,2045.338251139981,8.5,29141.58434265372,4.534068185143638,11.209304833551684,27.405876931873344,9.0,0.350351836122399,415200,1.6949528222119556,0.151813237573265,0.120299405597283,0,0,188,0.4679802955665024,1.325957487220604,1.3118978720944874,4.526439105317839,2.0198020973465414,22.69260424961713,20.19802097346541,80.85289383348938,254.1088152071611,1.5095416672318476,0.1527705820784501,0.9781125928832916,0.1197918308688753,467.2938050083635,1.5172145287168766,0.0734451361231124,21.61697955331326,0.082833041887859,0.0981573290420162,0.7511092702080053,0.7933337698161528,0.1967878197448991,-0.1027844933717929,306.43695844806507,0.6434249402422516,0.0994325090312124,0.654191651314022,1.7111256794065643,0.4796819295844413,0.16491567053847,0.8367817541584766,0.1265505448207312,52.20306500928906,0.5071074400073258,0.0550776521791995,7.225168856801138,0.0897328526589979,0.0755304475650552,0.2305733824365814,0.894002812510302,0.1813365947135359,0.332834674676903,97.37543170564156,0.3339544323605299,0.0876703837474848,0.4665436995688978,2.695071950369708,1.9958274822672744,0.2113732565601961,1.3466763330471043,0.1556577433998502,817.6405378365358,2.0069344535067883,0.0574652438387252,28.594414451716545,0.1078751749885021,0.0858993740709716,0.9759867183478615,0.9170316642322682,0.2274562496744612,-0.9921666816929752,405.1529789002568,2.678613910540736,0.1170442037724626,0.4141702374900974,2.8293252186157782,0.9405031941216428,0.1541728108925406,0.831544694048499,0.11287766760531,0.0704595846194935,0.457942752910993,184.36428004,0.9529944511078564,0.0520629310311322,13.578080867339096,0.0823661349718407,0.0716414390091059,0.1417825412716288,0.4490071337389406,190.9221484066935,0.6616519706103037,0.8919513791779417,-0.1693003811565657,0.4731098930323399,2.6843857176936536,0.0056383357181767,3.029703146019812,5.852379342327557,4.039604194693083,0.0228815143991234,53.11594222006499,0.9281307868495052,0.3500469331893895,1.530917974518844,0.28758480025832,0.2703999928970976,0.6958494583066092,199.62126857,0.9916430823677852,0.1176508969950921,14.128739100500088,0.1969812746419127,0.154587711068511,0.5461929404060673,0.1495587187899444,188.4105497304496,-0.6874153511507255,0.902036166571027,0.0213711310708717,2.0198020973465414,6.546750284268723,4.039604194693083,0.1088243939644847,46.42234247281588,2052.058823529412,18.47955788683384,152,11.7035755478662,6.5,1543.953431372549,859102188,2052.1416216465464,14.665024630541872,29310.445032445343,8.923065778035353,23.97258286176188,27.444682114112243,12.25,1.3692112278869903,418620,5.372183233686579,0.1391285370728104,-0.1254776373884851,0,6,198,0.4362745098039216,1.3374686191210343,1.3136713292430706,18.581133352350115,2.911764735,23.478035443361648,23.29411788,392.3369720423469,198.3947776493212,1.788580231515903,0.3345806118916331,2.274863881515322,0.2396912786355449,675.3245956204914,1.8194545018807624,0.1695295796907244,25.98700820834309,0.1728008497233774,0.3178168720869718,0.9001310835897899,0.5478991729609831,0.3230324548123839,0.479185010614194,364.8703672292442,2.058493282472536,0.1635687408859878,0.966825961397197,1.4978489336059588,2.7039883245618204,0.3352623333047622,2.4376485297846493,0.2332494101893117,1514.374152233784,2.724592209309194,0.1411581901044868,38.914960519494095,0.1522780784168936,0.3188022963518905,1.3723841188098669,0.5470983240808882,0.3325209943897409,-2.3980401774162265,551.6136182106113,8.674146374601232,0.189608945356174,0.962385791177135,1.6230514155484128,1.424126631978022,0.2545913083070548,2.039930447782845,0.1745425852770825,426.89767649334544,1.446594507484743,0.1135158405751661,20.66150228065097,0.1255143817312699,0.2119729422616675,0.7623268051440839,0.652424544621137,0.2535842484707074,1.1253021727252157,290.5218329235165,6.2161344408168855,0.123865024953765,0.845183820670787,1.732750052331719,1.1556129365846783,0.4066739975821635,2.597153872356764,0.2775147562151586,0.1728029534820889,0.6145549188685316,306.00291616000004,1.2247507072469732,0.1653444484374615,17.492939037222992,0.2007986346004759,0.2936810581222682,0.2834264931574233,1.5618265725136795,235.7450390632744,3.259139167869112,0.7392227318493936,0.132703305666642,0.7391576714058782,2.190334596206544,0.0516968784526493,0.970588245,7.170570131307684,1.94117649,0.1574511040969077,109.18243015505672,1.888309833506408,1.1027543469382892,4.92678197060733,0.9019470885989562,0.810102910304559,1.2957719253318736,974.26729296,2.18536497261428,0.2640665769614873,31.21325508433877,0.6097341807041695,0.5512492161807142,1.6286841037818958,0.7239737267050763,385.2152060353072,-0.1520079843927768,0.8750056477822148,0.4562022418059337,0.970588245,4.769724770526705,0.970588245,1.0385614766636435,69.15723058314862,2115.9655172413795,86.68797918827029,459,67.66026838797349,50.96551724137953,1589.2413793103449,910411935,2117.731771764984,88.36138613861387,30173.033241621564,47.52867872994196,112.9868782357728,27.803063078598846,98.5,0.1238527823735664,429541,0.1153217604267506,0.1491497614267716,0.1062421656768621,25,84,202,0.4876847290640394,1.327950205640228,1.3235219134756429,455.580022887663,2.00000002,22.10736621391819,22.00000022,8814.522177058225,240.1462739267234,1.2848838056760472,0.3255188238868174,2.2480991358656963,0.2298967875985887,356.5424839503188,1.3252799387342369,0.1271519215952827,18.88233258764178,0.1674126130864726,0.263091909245232,0.6126060745706738,0.6719681346330564,0.3252100502178614,-0.3158593702155898,260.8314125522376,2.1973254725353013,0.1614127309579613,0.8243428574195639,1.750887243840539,2.719640691720382,0.2978441106233204,1.6444235504365368,0.2166103811045458,1519.3980799635128,2.7358215595560305,0.0974309182222028,38.97945715326873,0.1456768007476811,0.185729520821214,1.301925769227362,0.8055006128589065,0.3095606984866834,-1.7102129101124015,552.0870604192376,3.422899151367441,0.1777734234465939,0.634544940487023,2.0523366148359345,1.4142276197148185,0.1690929465872476,1.6407011765593609,0.1057830757210691,411.78374112022345,1.4242511490490726,0.0743886822305463,20.29245527579705,0.0772906403576897,0.1586048274272794,0.7014201534214274,0.5590962627626007,0.1241498587748282,-0.8034755379187176,287.0882068021081,7.68720328172369,0.0605008924295384,0.957225038849648,1.5325389213898164,1.1246767410539311,0.3470791383410671,2.505603698266819,0.2293656168759679,0.123271298688053,0.5908994155236716,281.1079612,1.176761777835004,0.115357714678745,16.76627451761422,0.1617085412646328,0.2358333394013093,0.1575827265730051,1.7948036712164883,228.30937843394804,5.702465912861275,0.767681489394535,-0.0504693733243744,0.6928064357647252,2.0898583358244687,0.038072359064695,2.00000002,7.780473623166466,3.00000003,0.1441091953267853,95.0834084400151,1.4650336301735032,1.2248835610644382,5.682424006216424,0.997789514713533,0.8678303733170122,1.2688697640527902,738.77230523,1.9076877206599223,0.1764856852360935,27.180366171742428,0.6219613032425356,0.401059600989072,1.6070449689229416,1.3841626465007006,297.40182692522114,1.2566775018575345,0.9462303662142852,0.5417954605307904,1.00000001,2.984226056137248,1.00000001,1.2396753530672984,32.095637982452395
3,2.889457802420468,0.1228009722281394,0.4929047047799466,0.1004203643899939,1831.711097015184,2.89205422009019,0.0316465452190157,42.79849409751684,0.0684466730499534,0.0478552114572683,1.434427302200261,0.923140715382486,0.1790408111404087,-0.4715819868456621,632.7912587300824,-0.7077225200849258,0.092257125610208,0.426209926810968,3.714668819356155,1.576718877860777,0.1186208810215284,0.6278115756487097,0.0979546276190756,547.5107490610806,1.5811543512480644,0.0365648103913344,23.398947605845024,0.0661058774349478,0.0571084782759905,0.8073976291285868,0.8840913731722617,0.1746012691511442,-0.0932179621978471,345.30143425151016,-0.3229344672413559,0.0870643338247789,0.5270029697030124,2.974772696216783,1.4876998169763274,0.2391227900967515,0.7879677010541088,0.2124598474690304,497.1670897555929,1.5067081202457826,0.033061704349155,22.297243994619446,0.1359017504259162,0.0496115189605522,0.6734521796641106,0.9783944336885964,0.4442931491765907,-0.1444156815393892,325.8062599178157,-1.3538491830190107,0.224969923445687,0.2262473531115806,7.333930928562354,1.0185340805341012,0.1410443219936779,0.758108380391622,0.1086689024054449,0.095769012924799,0.5126935585242114,231.52993960000003,1.0282092861246972,0.0410202534378841,15.216107899196826,0.0741164397806124,0.068529638129698,0.1610552540558153,1.1369475376582572,223.05896363696817,1.1013824400836114,0.8818196140035369,-0.3129413214867208,0.531102864553814,3.0974834486008724,0.0042144290855684,1.9633028347522967,5.789200423138532,2.9449542521284457,0.0174724348902942,73.80160433495037,0.6195933763729168,0.2563284406870619,0.9414157881876336,0.2174601594407659,0.2054396488755054,0.4899984376044285,98.39674425,0.670298591714763,0.0437291182118936,9.919513307113409,0.1428325828326437,0.062004854365676,0.4067187158510459,-0.4893667665301243,135.69094942566878,-0.9558670871176792,0.9706420308973772,0.0163370921562469,0.9816514173761486,3.171787050714138,1.9633028347522967,0.0530402026612272,17.508236703747286,2051.414634146341,10.362487989907883,119,6.229625223081501,3.585365853658459,1535.7463414634146,862723816,2051.4406787759144,8.098039215686274,29372.160560639728,4.472166427546629,14.25778081348883,27.441265545826862,7.0,-0.6540614620178872,420540,14.361082045333978,0.0505992763266062,-0.1000163632025827,0,2,190,0.4878048780487805,1.413530004728191,1.2671867505469925,4.892887171004717,46.00000266800016,27.07538227189333,28.0000016240001,103.74048039950578,227.05587485898204,2.254053904023151,0.2484210254504024,1.0799031654102906,0.206428366092777,1054.1450486603212,2.267635545910043,0.0482765482600478,32.46759998306498,0.1393865238162277,0.073946083054461,1.2025341202897128,0.9554157836377856,0.3693362508493778,0.2599759964715545,462.081050324746,-0.676849082894682,0.1844207963567012,0.3052258709615955,4.822016507823816,1.168121927836269,0.65753537737018,1.870950551733146,0.6221691897496422,367.9242774384861,1.3396837585305958,0.049577130085776,19.1813523360186,0.3612830746864278,0.0969179177469766,0.7628786564938291,0.9891318604171084,1.3510113505589303,-0.0034863703156442,239.4649952064351,-1.7802346516958918,0.6838252418316881,0.1507944913319466,11.08048759074238,1.9015416723256928,0.341154063966716,1.990207210098021,0.3087661429046419,764.9942134298399,1.9317554425707355,0.0465806802043367,27.65852876473801,0.1846153598789152,0.128630060657389,1.0281736710223397,0.9288640470778166,0.6385406980236576,-0.0665903657844791,389.816042826767,-0.5944098257296169,0.3193589786513824,0.3857314701330881,4.333280277666601,1.050126516485825,0.2000294277558031,0.9082817486816466,0.164944905955469,0.1435561386331179,0.498059330912317,234.22937011,1.06891641077285,0.0665792300765781,15.30455390104527,0.1113404451486187,0.1006553365968155,0.2969697255416801,-0.3392763136947638,215.2759358795941,-0.4019540294117232,0.873103517075856,-0.1560403832670012,0.517061949568884,2.893820875504596,0.0109874772781701,1.0000000580000037,5.07044897127399,2.000000116000007,0.0355709786287623,61.53668358293294,2.1763834037442096,1.6761053501520355,5.128147403564024,1.4822921719708253,1.425631114370411,1.7711913550276654,1544.11531316,2.7444980998887,0.1158970597124142,39.295232702708354,0.9259845251068054,0.1700096752639757,2.801485843082109,0.5690439261725158,446.1585977675629,-1.112301008848532,0.9948488319401968,1.0010961734459498,1.0000000580000037,1.3883955840151618,1.0000000580000037,1.6412685097585766,1.7718379198173226,2045.0392156862745,7.3235184532116175,48,5.241061130334481,3.5,1538.825980392157,853176708,2045.0522645413937,6.783251231527093,29209.188759703684,3.784700086931324,9.488131035239338,27.40427078504724,7.0,0.0107034307984968,417188,1.8712709564405228,0.1579247981712633,0.0264354926380327,0,0,185,0.4264705882352941,1.3211708213055338,1.3514881192806776,4.582415028837137,2.000000116000007,21.96107229681606,19.000001102000063,55.57789858236202,264.69502867985267,1.4262150873695958,0.213444225546094,1.3044351555109637,0.160583070362853,424.2026157859471,1.442021007886506,0.0680606798803371,20.596179640553416,0.1124921292133769,0.0953709710172836,0.7740533115199715,0.8992705566550472,0.2656037551597883,-0.8387686411095198,290.9478778233976,1.506357208220186,0.1357466960683439,0.4557808322817392,2.4917326698843194,0.4605368210443369,0.2007255179552018,0.8508379281880563,0.1625562136161033,51.44622827402718,0.5021826296280401,0.0523104604974827,7.17260261509218,0.1125752655125265,0.0733968386033405,0.2421856719429493,0.9329100388641086,0.2781537375602394,0.2526541859432647,93.94951149304474,-0.4943256947388783,0.1471310835228206,0.3734576071788558,3.373990444967386,1.925186395023464,0.2317441120187264,1.3466763330471043,0.1811231436822154,766.9960844304574,1.939016433040288,0.055538981600709,27.69469415665133,0.1249438321220987,0.0847237515547112,1.0161636498071025,0.9331364707780332,0.3063016858743577,-0.3095036701731308,392.7380245847866,0.6694885738960727,0.1564869505250126,0.3735834862201905,2.990844148061436,0.8826631732897097,0.1853670150391783,0.8887856211150239,0.1431103677552213,0.116639398284551,0.4945977619454281,165.91050145,0.9018241357458368,0.0483690603445523,12.88062504112281,0.1016801490575389,0.0693976495469144,0.2462653511819004,0.4129935485927495,180.06328735110077,0.0327941504577369,0.9297118024127052,-0.2089760795890183,0.3818702713437052,3.295809060535397,0.0055498386363693,1.0000000580000037,4.9704076576332685,3.0000001740000104,0.0272389209050343,42.85422802638561,0.9894284100532592,0.3707324227364642,1.7173665182908828,0.297505532324716,0.2393918103504348,0.7375175285579371,227.61042348,1.0562847012051249,0.1101094590163089,15.086763187642338,0.2071316751713119,0.1504115803517921,0.4556258815552488,0.0824197256188963,201.8433956508649,-0.4326785477177841,0.9172398380250544,0.0294141071943556,1.0000000580000037,4.533886445572637,3.0000001740000104,0.136288677989227,31.3104350022341,2051.106796116505,21.57840502316133,164,14.532566688660578,9.106796116504938,1538.5970873786407,866745506,2051.219748420602,19.57560975609756,29440.541876806543,10.812124082405871,28.84449476154472,27.438976624002123,19.0,0.9574737150645805,422528,3.894078488938865,0.1063345391605316,-0.0124044263747364,0,8,201,0.4611650485436893,1.3758841107725517,1.2640576957172969,26.79604781616624,2.88349517446602,23.75987269465605,24.029126453883496,457.92632842506873,209.25910291315648,1.751197328830461,0.3314352153809364,2.274863881515322,0.2278934762250866,654.2576763165005,1.7821358358606507,0.1665399385469706,25.578461179603835,0.1683869343482314,0.3220331699638842,0.8862489226663378,0.5267838595738166,0.2732312183741898,0.676543930219075,360.7466497390749,2.4697349267740667,0.1380385257597357,0.9914640615842932,1.5313507552377348,2.7338009934872245,0.3445884881894403,2.423716891732404,0.2434885915722422,1563.9175329997977,2.755328053873991,0.1415794274566145,39.54639721896038,0.1538800987022178,0.3199993343690676,1.3642683157933873,0.5681372485366372,0.3123623973563316,-2.41315143659521,563.1630046583682,8.24548171737256,0.2023319575479185,0.9415733971800516,1.7431283660595451,1.458878286168518,0.2700030995330669,2.039930447782845,0.1750697368344438,453.3799690142023,1.483534170820232,0.1173383588446599,21.29272103358804,0.1301359312281134,0.2239398275022326,0.7019266664160488,0.6547348914951244,0.2140265556578604,1.229715912204953,300.52892695071466,5.894583783754376,0.1126626071958635,0.845879562595709,1.6956810308810055,1.1867507003436746,0.382962689312771,2.456646021433793,0.2605961643180311,0.1768455711466172,0.5751354580902389,320.19109469,1.2467259933035169,0.1567962307975247,17.89388428178745,0.1831173299174624,0.2861524635743688,0.2741100794130667,1.7752972824323088,244.47064427079687,4.005681819054006,0.7206888930557672,0.1176310577645697,0.7663993646843383,2.1177494130296566,0.0260982961649407,0.9611650581553398,7.140015920114319,1.92233011631068,0.0702238072916455,106.61882797053408,1.5870351959403863,1.0552012912591506,4.92678197060733,0.8491416496775421,0.7745169411961061,1.264261155829062,747.1054287500001,1.9043963301481008,0.2578459786728835,27.333229387505607,0.5667605130705867,0.5429781896867032,1.6111856113241103,1.0826459244402789,326.9292503637196,0.7223180443306267,0.8665466547210794,0.3190565922468513,0.9611650581553398,3.0603983107662724,0.9611650581553398,0.580174993805341,37.53427898288375,2108.8676470588234,102.40250503186398,535,80.32324106113033,60.63235294117658,1590.279411764706,909382555,2111.340243198386,94.60098522167488,30155.970470207056,56.246112237998645,121.3490263945144,27.758564220099203,119.5,0.3897192343074678,430209,0.0941577400813153,0.2942947447087174,0.0870187829199979,34,84,203,0.4705882352941176,1.2120912578056922,1.4461415893277323,670.7976234642828,1.9803921766666668,20.90579038052149,20.794117855,9708.036943129588,249.22507238386785,1.2101047592539549,0.3853606941845026,2.298961937209181,0.2974773649141199,328.8742013056302,1.2696961990069504,0.1833436245617875,18.13488906240207,0.2082307283093799,0.3333787243985782,0.6753633560920497,0.625360027124968,0.4869169829817498,-0.0014321464651225,246.8613708878068,0.7665121939587967,0.2484812886659005,0.8865470582775241,1.6751183154158351,2.615279448551976,0.3492438661992323,1.7646680099653178,0.2727565722349517,1420.05623462953,2.638382074998647,0.1427099650953382,37.68363351150642,0.183023332096073,0.2544504051091418,1.3866669437781105,0.7336014270218348,0.4908655835211655,-1.14308857565541,533.517007504603,1.4340952022040343,0.242997809457474,0.7465340924558069,1.9600142427518628,1.4403739354281668,0.2379639566346827,2.238302452280851,0.1491821800208626,434.7293725330268,1.4598035264877975,0.1109538593137174,20.850164808294124,0.1112463686966007,0.2206965913755489,0.6897956493915827,0.5664785937310544,0.1827849399647851,1.012565164611105,293.83628282734605,6.699441545929963,0.088889620703715,0.9519556364330076,1.5550817760636035,1.1628644548107965,0.4168449661980706,2.505603698266819,0.3150678221624322,0.1908918548097232,0.586449021748315,311.13298736,1.23497437331513,0.1781697771833334,17.63896219622912,0.221118035992367,0.3274808286832318,0.3806864283275927,0.9946459172783528,237.22434878140243,1.6196488933165072,0.6899716968998426,0.0052075712029252,0.8059717642628683,1.9788386236804905,0.048600651065956,1.9803921766666668,9.07103468651915,2.970588265,0.1755825753690357,133.1507198668462,2.173102741568109,1.4179001958529915,6.220023325632349,1.1703526983616532,1.276843974735304,1.485311185420719,1371.48412316,2.592867406567335,0.2767502845157404,37.03355401740427,0.7843620468273582,0.5174727567170019,2.1800035635239743,0.6710939368842748,443.31295927989424,-0.4052792604035882,0.9331929462136934,0.6060393873517226,0.9901960883333334,3.65417188166061,0.9901960883333334,1.3368260115444808,54.94629699643338
4,2.8883184942226947,0.116766681668197,0.4929047047799466,0.0959296316346195,1838.310365585717,2.8906670868863134,0.0356667279820206,42.87552175292701,0.0655006512468355,0.0568227116496672,1.4396601536043,0.8810368825115181,0.1763966965229757,-0.3301055874685888,635.4300687289929,-0.7073397450394174,0.0884060966241855,0.536414987424682,3.069410106476822,1.621572218085762,0.1395174512021469,0.6682587384645533,0.1106127120685302,582.7520819654646,1.627535898173377,0.0430789992589005,24.14025853145456,0.0773262052355716,0.0714573346067476,0.7999275687249277,0.8675513091691444,0.190435675987334,-0.0969491643882077,356.74588797886764,-0.3008894734259342,0.0934879433390111,0.5646248695814048,2.820814307994536,1.4757729504356494,0.2146531970131466,0.7626918705683332,0.1817091654834503,489.2299191746234,1.491231826338431,0.0338780008520193,22.118542428799948,0.1222728047581891,0.0531540665219564,0.7430600109919385,0.96932880058,0.3546375990432182,0.0620135968121298,324.67004909584284,-1.100854792439324,0.1766305848699045,0.2729923059867848,6.0296603953464025,1.0128672061647137,0.1529767615792806,0.7281384496553056,0.1137168729261296,0.0965071811562975,0.4926743562640875,230.82300883,1.024302442973665,0.0382372214630148,15.192860455819371,0.0799543380355562,0.0689529983843417,0.1667612659049561,1.291764057793933,222.83078535623704,1.6745179647192123,0.8976968451709246,-0.274256064711154,0.4969366255213641,3.395003114500834,0.0051824750312154,2.00000002,5.636312710207822,4.00000004,0.0224393979670097,61.76186905173533,0.6125897641137568,0.2601121665205526,0.9414157881876336,0.2217345965367441,0.2135438770280733,0.4655514552979747,97.37574448,0.6652946868596175,0.0505485362904444,9.867914900322155,0.1462314483916448,0.0786669233866563,0.4181198741740434,-0.3875161837494441,134.76974810502648,-1.0502741941467573,0.9540758367902512,0.0173767430015873,2.00000002,3.51363340541748,2.00000002,0.0567041252961586,29.25007228415152,2051.141463414634,8.612831729282691,114,4.936537775133845,3.1414634146340177,1535.9878048780488,862487300,2051.159457953286,6.28921568627451,29368.13409122207,3.5185078909612626,11.341620384282685,27.439724949433185,6.0,-2.252606560822674,420484,25.119194429889728,0.1326019949761334,0.0175221546525214,0,1,187,0.4829268292682926,1.356561105241662,1.297109082138589,4.049067669934478,3.029412034323553,22.6344757154608,19.186276217382503,92.57953209828077,217.44403947269467,2.193645833504714,0.2458507249561863,1.0799031654102906,0.1945311259109861,998.8071048929238,2.207312796131414,0.0474923585160083,31.603909645689782,0.132427407596322,0.0738245923595427,1.1139067210361893,0.9548769515204532,0.2888922701342507,0.8082742186476303,449.6973958684664,-0.1061940306955659,0.1625861991098109,0.3081549328148341,4.879568442273756,0.8387801502265146,0.5497898294683863,1.870950551733146,0.4683646396925319,205.89103552859592,1.002170900981284,0.0533205097556344,14.34890363507247,0.2791984748995682,0.0995021914102283,0.4101696519566372,0.9835675182091672,0.7404005295547331,1.0724421246623024,171.9499307964355,-0.4039274595599251,0.3724862291644384,0.1850533154747322,9.079836690973176,1.7324478759419857,0.2716302243495259,1.773160967957368,0.2141543773359309,630.3337344566146,1.753510394798506,0.0422488239303424,25.106448065320084,0.1378833449995718,0.1265025908463199,0.8521648036299269,0.8907807578421545,0.3304220470114012,0.5577282116315943,355.15181456810706,0.9230465259605872,0.1716405504769438,0.4763471203033944,3.510292084090101,1.0366717151576237,0.206388646962602,0.9082817486816466,0.1753670567200439,0.1672472963609119,0.52220128632069,229.00073004,1.0569185076922625,0.0625475719870185,15.132770071602886,0.1158044024553092,0.0989516550536076,0.3387575021607046,-0.2267922241243685,212.5177016073129,-0.7233056405373048,0.8843552566582779,-0.1405030407431858,0.4927319965621379,3.04797989900185,0.0113408421931468,1.0098040114411844,6.049664343546207,2.0196080228823687,0.0394666060326615,81.91879975630651,2.3320936871894795,1.6201503276824236,5.19225122433345,1.3955392822644046,1.3971016604855082,2.00786803298015,1650.4024631900002,2.837383252730948,0.1276790342840205,40.62514570053872,0.912034816154685,0.1784958710793481,2.665246905573185,0.4013710771026054,478.0792058738433,-1.0955237308535788,0.9939022044532796,1.0104965747256969,1.0098040114411844,1.7669156116120843,1.0098040114411844,1.8855152426177595,3.9903562160228736,2045.1268292682928,5.908909208511617,43,4.0668649613325645,2.873170731707205,1531.4731707317071,857428591,2045.1353238069423,5.107843137254902,29281.881616453546,2.949497847919656,7.437319778670006,27.40480719954453,6.0,0.3062970868735693,419251,3.404626507346552,0.2035661829151525,-0.0057795962740736,0,0,181,0.3902439024390244,1.2830354046992247,1.382089065570656,4.030881692163695,1.9803921766666668,20.36993062704589,16.83333350166667,41.9923226913057,263.6276710576543,1.377304902847063,0.1970823770022976,1.1047589976622891,0.1517887792542023,396.8022615766188,1.3912658941333351,0.0516553541941934,19.919896123640275,0.104709783657791,0.0759205009702426,0.7089882928106246,0.9253967466721068,0.2435110299688729,-0.7219444725076041,282.3475050836479,1.3591090827089762,0.124121447002512,0.3931967039183143,2.848905968583462,0.4657495787981289,0.181796389073459,0.8461715765375637,0.1504735168702628,51.21133250523037,0.4998113424826356,0.0381274260494075,7.156209367062312,0.1017690619845923,0.0555409348098393,0.2426077273032617,0.9532288752870608,0.2922343837220052,0.1131345357897687,95.47866365361642,-0.4581034137975321,0.1468837037574418,0.3124041742682018,4.191040513780155,1.933125681770984,0.1882352929530209,0.9547484517336882,0.1520266864448438,773.3080900167935,1.9422241336796773,0.0393991911330123,27.80841761080255,0.1045697776485619,0.0602075356918899,0.975881336526596,0.9488371999030364,0.2607155029376586,0.1410548645180024,396.29076476305175,-0.1511978589913458,0.1429785319942573,0.3273084870890202,3.643620300834888,0.892463067131483,0.1972482292010846,0.8887856211150239,0.1583662463428858,0.1511830255817324,0.4112069958174031,171.21751711000002,0.9138968216032844,0.0393292832196196,13.085011162012815,0.1099165586603455,0.0569509963938468,0.2833676379197144,0.3745695016079038,182.954928761954,-0.4335971173330941,0.958131152436976,-0.2401373608613214,0.2949042823664692,4.138900372998531,0.0135507259833588,1.9803921766666668,3.39860863381518,1.9803921766666668,0.0436734952267989,23.20063475199046,0.9913404696416456,0.3741699056787381,1.8379813109541487,0.296803798613919,0.2340980192267269,0.7558584126875441,230.02560112000003,1.0592809367794696,0.1017706731108733,15.166594908548197,0.2075419913208816,0.1378086977848883,0.4451946283133176,0.0902142832827737,203.2247962765373,-0.2692667491639837,0.9318689886652728,0.0332224543556567,0.9901960883333334,4.925663177835175,3.9607843533333336,0.1393198731073288,27.89714893574475,2051.705314009662,32.68895957996119,449,17.497537865527782,9.294685990338166,1541.0628019323672,871585527,2051.9644493629207,22.320388349514563,29522.62737291517,13.015946719197036,41.11138079738944,27.441608926192945,18.0,0.8183375396348191,424703,21.513562219215416,0.2081869869861868,-0.0655689853434057,1,8,201,0.4589371980676328,1.294145088810395,1.2207857688007386,95.8163844387342,24.46602076310687,21.19364355857425,19.36893310412628,884.7495139924519,119.88126537472158,1.8081489041924568,0.3720327986663737,2.5517008533145367,0.2839556363730195,705.2784402410114,1.845844582673885,0.1502888502412191,26.557078910170286,0.1970143174671256,0.3012357958456034,0.877084748088827,0.6687426971213692,0.4287311228796626,0.4898158088015927,374.2868231678386,0.8575384987245704,0.2141311684562443,0.8389879229541762,1.840860901628412,2.670975181216892,0.360067530792525,1.95342052352086,0.2723888871901819,1503.4680597726494,2.6950196146854606,0.1302084525782549,38.77458007216389,0.1779174816361851,0.2581102572287534,1.4350156681029065,0.7406603978511894,0.4096275247930308,-1.5828110266965367,552.8918625118966,2.6207978780231835,0.2494163006481757,0.7439279474296739,2.238143443971611,1.4584102088183253,0.3017397156709342,2.254041982072646,0.1914044291726986,459.0364421361152,1.4891498760415507,0.1182607441730638,21.42513575537189,0.142834285848187,0.2277668292850752,0.7181827513821815,0.7148609937709883,0.2444577219850707,1.833948600968759,301.8909132253933,7.058729486389727,0.1294631256911167,0.7808675679985868,1.7113139608755,1.1315590808076184,0.4126837198102071,2.185994852855869,0.2860301819082524,0.1589104383984727,0.527678005491372,300.13158998,1.2041225281113688,0.1591670790597213,17.324306334742527,0.2117799063275099,0.2814459984421888,0.3041398388696424,1.0997357478111984,234.232729727177,1.8834895145522816,0.7666471905231618,0.1001407596744576,0.7085745395094152,2.1900716796377115,0.0388142337775085,2.038835063592239,8.853284386340688,3.0582525953883586,0.1760915085477046,129.45402452675725,1.979925883924356,1.2465872410605416,4.603951436957807,1.061500429932393,1.0403695790655143,1.4302319105772316,1131.58187512,2.3380716641839494,0.2433149126131012,33.63899337257285,0.6972874437354933,0.4599475277069939,2.0266760159663737,0.5767963073619624,409.8446579723416,-0.719023937522508,0.9309611549168144,0.4859576720736601,1.0194175317961196,5.200375758010581,2.038835063592239,1.0981328836027429,66.28253123198583,2112.390243902439,103.799551844772,582,80.59869125520522,61.39024390243912,1579.409756097561,916947438,2114.926554683949,93.1078431372549,30281.13997193633,56.71183644189383,120.40499468501312,27.778261919217297,119.0,0.1970542054979079,433040,0.1822782774594906,0.3235339145910267,0.011701532198696,33,78,204,0.4780487804878048,1.1912551209717035,1.4504057631858671,838.095340900852,2.000000116000007,19.2898380693452,17.00000098600006,10466.423363369346,245.76266582965025,1.225185141423648,0.3588184685535072,2.302216964656333,0.2609483284181053,333.98626075540034,1.276401689115759,0.1847174550018665,18.27529098962313,0.1877999627948683,0.3447706944169199,0.5965624278511745,0.53824925930396,0.3526585723196629,0.1203286218687488,251.1629539918478,1.6282785610310897,0.1806436143167242,0.987963367420123,1.5452607230368562,2.6353735409078927,0.3363003096278609,1.7646680099653178,0.2619725492859828,1446.8366797682502,2.6566407173926505,0.1360381148500115,38.037306421042096,0.1739492501855319,0.2459044776088161,1.3277482005330126,0.7323691596750902,0.430954501625739,-1.241053617237652,540.251575886118,1.505295055258006,0.2381760841359428,0.752883639138396,2.0244733748589123,1.471925684039756,0.2601793250557837,2.238302452280851,0.1710209378399987,457.95529932590256,1.494633162148708,0.1251050752415024,21.39989017088412,0.1256523934822051,0.2554971825239701,0.7275477821129517,0.5173097310768965,0.2196597783818421,0.802893929646433,301.74476522815,4.866105704642504,0.1072792927355958,1.0109347478880002,1.530000101830029,1.1947053628989095,0.397012738173054,2.4189629739765826,0.2910927383482353,0.1884100732348868,0.5448191922213027,324.75508466,1.2586386076562752,0.1719005450238191,18.02096236775384,0.1974026921928631,0.3207521497865795,0.3092634476339109,1.446078492075245,244.9145993942765,2.743361327474435,0.6729380491491348,-0.0065528732902543,0.8310841309897713,1.928831414402005,0.0341400673882541,2.000000116000007,10.25985753326728,5.000000290000017,0.1552166441036037,153.88666385172448,2.029850488922928,1.5160132658360916,6.220023325632349,1.2790840979297502,1.224774967254787,1.5650561273875188,1313.5124958400002,2.5312799190306485,0.2864828273241927,36.24241294174548,0.815818762686804,0.5360469596407769,2.1194886777782345,0.8862197103863946,416.1193502292002,-0.3601069016823519,0.9371702919492034,0.7694890728124758,1.0000000580000037,3.7643229198554153,1.0000000580000037,1.5290683507521898,49.50129701723873
5,2.877464924188687,0.1118226115077872,0.4571896718882851,0.0922228525233914,1824.2954067072933,2.879627032910602,0.0352021078592058,42.71177128974276,0.0624548584774218,0.0556023820855095,1.46240870398343,0.8758318039777235,0.1677923141890813,-0.3635879288151374,633.0422833215111,-0.7082483415375824,0.0832441826968768,0.5481369612003654,3.114017196628226,1.6450917221855468,0.1388609141600504,0.6682587384645533,0.110451582630318,599.6147257811685,1.6509153463528932,0.0424044780080696,24.48703178789068,0.0764782710156351,0.0705646973212489,0.8060364744890531,0.8708118053139647,0.1840735129189297,-0.3304669496854814,361.9201788808203,-0.2020799549517109,0.0946538211429517,0.5602597626746344,2.9076216500713463,1.5517797367951531,0.2379514272445983,0.926589696135798,0.19766992274462,542.1644504345429,1.5698356173853232,0.0314453095613144,23.28442506128384,0.1346689047276008,0.0502343965469877,0.7568434761965045,0.97759912678364,0.3578458288382413,-0.1089807669021291,341.3915420949337,-0.8174004659754717,0.1806906738546609,0.2323604372349219,7.342549031950003,1.0218326767177732,0.1882981455493502,0.9561337564587462,0.1438211144588704,0.1205321860860563,0.4957861341442332,237.47615019000003,1.0389595980201454,0.0405599781602789,15.41026119798104,0.0994519614788135,0.0709920243749805,0.2206351602696005,1.2321283045438385,224.8031888779101,1.5381963018942213,0.9288751977118412,-0.3876258301929954,0.415654532444707,3.8698775546335895,0.0132367741646711,2.00000002,4.013244426693715,2.00000002,0.0395099864289584,37.21978112876636,0.8082130225263523,0.4258821140409633,1.8812436178095568,0.3251014225644107,0.2263515402418011,0.5356432344421669,183.42707469,0.9131042823298392,0.0483445736100637,13.54352519435025,0.2330791593612975,0.0778362477268403,0.4813793900715654,0.6073474557932756,177.8068649557975,0.0957858276382923,0.9832486661922092,0.0431769665967849,1.00000001,2.624817353228592,1.00000001,0.081655572150806,22.03560928613401,2051.348039215686,7.864708605954981,114,3.963139177239519,2.3480392156861853,1543.737745098039,858450427,2051.363041597311,4.975369458128079,29299.32468505034,2.810538008306771,10.012307696965731,27.44094248878747,4.25,-2.979931496608732,418475,37.41156494724153,0.1873922935604568,0.0723889055030753,0,1,185,0.4754901960784313,1.3096894317995988,1.3184672254016658,2.8025828842885683,17.166668194500133,17.412528249199937,16.15686418305895,38.53013381789968,143.81975042087825,2.0588086974026525,0.1691054283110346,0.9962683085136912,0.1208247909529235,870.4985426246692,2.065708042959696,0.0438446437563427,29.50421228612398,0.0864157518279615,0.0683461975249097,1.041945274282991,0.9172169959626404,0.1892560828013652,1.3710452373762128,419.9969742701411,3.612249676966549,0.0880998816010407,0.4136398767775532,3.460868865380312,0.5056608105987062,0.1776676593926185,1.0088294009530123,0.1228651822788378,58.56919932696195,0.5358207893217856,0.0477939171927059,7.653051634933737,0.0887153252719526,0.0926848125598022,0.2606596147586791,0.8620473360704874,0.1795877788736158,1.589956405860192,103.15480536213606,4.10167162996451,0.0856383263630032,0.5337259981525021,3.1389648809602324,1.6068367262674002,0.1197072743937531,1.3769422009973833,0.0803528031565411,529.6215058390588,1.611267777916585,0.0396490895299143,23.01350703041713,0.0532043447402644,0.1249025520147673,0.7957657857338892,0.4502877551205685,0.118641571840498,-2.7818509141758807,327.79469215854965,25.24599357600606,0.0589796543536796,1.0669810320005555,1.5670161134963787,1.0651142499218482,0.216777755265656,1.0220408825112064,0.1852834798170798,0.1849446276320815,0.5429072697749967,240.97104336,1.0868443332445925,0.0563275656790965,15.52324203766726,0.1215515514747011,0.089692159362904,0.3813423265648854,-0.1596445673696213,217.28330698405705,-0.8032389922662362,0.9127820893661968,-0.1542908505937653,0.4238895347979405,3.340407333308673,0.0118572891158148,1.0098040114411844,4.045859305060379,2.0196080228823687,0.0355806229518136,51.05236282117679,2.3777405917781373,1.492412495961896,5.19225122433345,1.2705442860963143,1.1258977719464611,1.678283788905065,1605.48556244,2.8053568876103347,0.1154245633238216,40.06851085877787,0.8237728219740011,0.1685740162255454,2.0448665093721603,0.6487146317363378,485.05908072274,-0.7960529447627875,0.9936384605709484,0.2886005306910151,2.0196080228823687,2.407048788128318,2.0196080228823687,0.904427158717138,6.607327451924331,2045.374384236453,44.022358563071016,780,10.528816520662945,3.3743842364531247,1536.423645320197,849653413,2045.8457402999493,12.623762376237623,29148.8149501828,7.544993415597717,53.81826772197392,27.403556442263888,6.0,1.1021538965398685,415211,64.80455659105088,0.2527001294645582,-0.1784837775739753,2,2,179,0.3990147783251231,1.17729337073043,1.20576278029122,24.17308095676149,23.00000023,21.328291672691915,21.00000021,567.3274960923503,98.02036498122872,1.3221656843396743,0.1950245077688885,1.054901524691005,0.1508923198329201,362.5517665029765,1.33640162118957,0.0508785204819721,19.04079217109878,0.1048220887864066,0.0756278873063822,0.6669871211876724,0.9241562367443428,0.2110406557704118,-0.6191446999802566,268.3996339209539,0.7736084837379389,0.1122572374608019,0.3881035892394217,3.132589365286157,0.4869184977802913,0.1889982456759009,0.8862273060074307,0.1573977712304306,55.34470161401575,0.5221436565722116,0.0410670509794986,7.439401966153983,0.1055237158307287,0.062004123472022,0.2159125949838186,0.9455132853177068,0.3107294373119257,-0.0775362147794937,98.84445504939914,-0.5313135708840524,0.1536829205773608,0.3254147752509846,3.740399401102626,1.896930152464488,0.2334469769863473,1.28180616418639,0.1780617729919529,741.4723258707168,1.9111705925547031,0.0436523803235502,27.229989457778288,0.1185246154930732,0.0698928006251243,0.9494250187732204,0.9550797391149044,0.3127790411239886,-1.475743741428542,385.0768209502911,3.4188108741353536,0.1650027224547279,0.2974175018858815,3.266996320595829,0.9033344749448478,0.2374784550347692,1.4022724117851677,0.186289461707466,0.17075437612847,0.423562080679157,177.04266959999998,0.9338797445816572,0.0477671419543107,13.305738220782793,0.1299751264589888,0.095913127016705,0.3202517018800555,0.7902952913828158,183.3768984138041,0.9412116875801302,0.9180587558240116,-0.2359079009574113,0.3946051585703079,3.665446553611917,0.0202580688676428,1.00000001,3.119159494034192,2.00000002,0.0592177176611697,22.86728205685382,1.167604369745298,0.5112965442638926,2.7829540546394904,0.4120546127995815,0.3525598253336415,0.8391525833287882,329.55757229,1.2741414037301777,0.1252708089824409,18.153720618374624,0.2840550666179069,0.2152288673517582,0.7108525276178812,0.3374710576817199,237.02368705829548,-0.0452955931481113,0.911178391687826,0.0744369402358011,1.00000001,4.183067159966594,2.00000002,0.2005805649367683,31.044006283536845,2051.42718446602,32.16894486142674,449,17.477047789612588,9.427184466019298,1538.3956310679612,867132962,2051.67816937248,22.326829268292684,29447.12145524584,12.8942457968269,40.06610391499065,27.44003883602892,19.0,0.749037940804143,422594,22.87740139426091,0.2200511770877793,-0.0679943542615538,1,5,201,0.4757281553398058,1.27608770890849,1.2102728786910804,142.611606633135,24.46602076310687,21.56011830918344,20.3883506359224,1267.9167675132892,115.94487554922756,1.7761258998188825,0.4510393767816105,2.902986188795383,0.3460093893341497,691.556868152078,1.832231474321824,0.2158342957848267,26.29746885447491,0.2424962915264823,0.4112538641329574,0.9544400723618384,0.5809265898029468,0.6021550482621874,-0.0133033615622099,365.8819353626898,0.6220092113275077,0.277661307815765,0.9422874252464124,1.6423905448448142,2.567173409532707,0.4422782681206108,2.474258581331434,0.3317831428307206,1397.7182024326398,2.604810898632408,0.1919139093146456,37.386069630714594,0.2195159119946835,0.3455864712601533,1.3200544899142586,0.6934602805692055,0.5417720327531717,-1.6309177753977817,528.8377223637376,3.3161707007561216,0.296576735139336,0.8085624897638877,1.9752222260571808,1.461913407256795,0.3525721369312711,2.254041982072646,0.2424558341528142,465.7442648320952,1.5036271111802255,0.1600699961131881,21.58110898058984,0.1770869770898935,0.270285654141198,0.7379899957999696,0.7055573292411285,0.3571162860708381,1.4317233084383316,301.15416189489974,3.68881460734987,0.1826678904462946,0.7923999662206183,1.7534009864790212,1.263366151475615,0.5401371606517565,3.09277395605239,0.406717971607452,0.2916267884400735,0.5255953877843728,388.60374196,1.3734722173544902,0.2144568497734464,19.71303482368963,0.2811273227119399,0.3546056377931844,0.5611435125784648,1.2136666590917835,260.2534272039767,1.953357741734817,0.784265502242455,0.0501865363682953,0.6799393014312702,2.3797083389183085,0.0517399835894906,2.038835063592239,8.814640039872303,3.0582525953883586,0.2242213773245733,125.9024912713568,2.311439686629553,1.535787819321625,6.558679977162155,1.2769409071399578,1.2386633538585454,1.6933877738563357,1584.1292718600002,2.7730755347899354,0.3893621887290335,39.801121489978144,0.8496831741105297,0.7068771853569247,2.3997717084414787,0.7204354728161773,476.1565754456879,-0.0512535038126316,0.8935185553890128,0.6033904946849247,1.0194175317961196,5.241903671094718,2.038835063592239,1.3708377800222162,67.00269546999063,2098.18137254902,101.3412099472609,655,76.80526720492118,57.5,1579.531862745098,900167293,2100.6153311846133,92.35960591133004,30002.788087109504,54.39109436878199,117.02151290578422,27.69735038992629,115.0,0.0009455022395932,428029,0.7696224566661094,0.3327551582915637,-0.0040356898005716,35,80,202,0.5,1.182291871902121,1.4304320576579082,841.4583239936693,2.000000116000007,16.816302482564314,10.000000580000034,9709.713518868386,220.15846650730705,1.2010498193981058,0.3683653509321709,2.5629295653334934,0.2743537351924331,321.81990185872775,1.2560049914403906,0.1627658762727062,17.939339504528245,0.1950334645858674,0.3215164814245046,0.6048546905118837,0.618782092536825,0.4216097662955136,0.1819155845162279,245.0141631572136,1.6545577995660916,0.2080350514238513,0.8953272747259143,1.6662878660356395,2.5620870274825664,0.4423205217208889,2.967164301048585,0.3269377881305484,1378.8315781433623,2.5998035164666136,0.1400108567830603,37.13262148224069,0.2086128118983822,0.257593122378954,1.335787948245999,0.8299187556126771,0.4756325241777714,-2.049340702474557,522.6657536064436,6.216106795381629,0.2754301926113256,0.5973324474494431,2.429322077922838,1.4422754519283647,0.2807323222797531,2.081832625725549,0.1888462347826712,440.3508890288088,1.469211621706317,0.1068065908340253,20.98453928559807,0.1412167718473212,0.2246466924718487,0.7736836072821598,0.679210839037904,0.2349789707096059,0.5818255062001486,294.2241921933864,3.3279390078111413,0.1265127429093931,0.8247567608636572,1.8382669002958936,1.1572727499544546,0.4275401312159009,2.195528914814613,0.3151475217148659,0.1739536791888415,0.5896197295413843,310.31964888,1.2333591323745752,0.1539133626695804,17.61589194108547,0.2212120300274253,0.3023675148687757,0.3117250130612976,1.0539193742269548,236.0836409907088,1.0313923002972083,0.7489626943690748,0.0192695347392436,0.726001421314143,2.182462395677549,0.0446564451236125,2.000000116000007,9.525860138127,3.0000001740000104,0.179914209834745,139.29388750722714,2.3109501036259443,1.4585331965845598,5.961675738338291,1.2400241439903734,1.383854054919741,1.7765124413969686,1521.30581218,2.730820651792223,0.247706429276629,39.0039204719218,0.8145985432015307,0.4379748849017781,2.465608302704907,0.5338134354696701,471.4338211396927,-0.8166809546792244,0.9545458570990816,0.9383688469335292,1.0000000580000037,3.4331270623796604,1.0000000580000037,1.6845725308107309,43.43923441725835
6,2.9066903978809955,0.1079424325771589,0.4865543926614526,0.0884497228764622,1861.298488765785,2.908684870557159,0.039085304996551,43.14276867292809,0.0600008198538822,0.0603259624143841,1.4679689667388658,0.8433870597993719,0.1437362842251595,-0.4275450216461397,639.471887533819,-0.6517249547741639,0.0775410094873521,0.6161594515868629,2.762500208076738,1.6336351903055035,0.1383879694545911,0.6682587384645533,0.1124521833556036,591.3221850906484,1.6394597018677837,0.0476732577135569,24.317117121292327,0.0772802804271262,0.0760329215670479,0.859819779817973,0.8482007878454263,0.2049671423947072,0.0076690673177514,359.3997418672108,-0.4286361647374841,0.1020069117691172,0.6056489258040427,2.625615081541665,1.661375816870661,0.1879070634926355,0.7917732420507879,0.158302999221181,614.9699982019672,1.6719205045830694,0.0342853201131589,24.798588633266355,0.1058089776065434,0.0538883250820244,0.8028163559065888,0.9588625658014326,0.2826669537944661,0.2408904956229259,365.5026797115454,-0.8376596135093521,0.140600319979504,0.3161764492102469,5.47100808405856,1.034638669173343,0.199770439662288,0.9561337564587462,0.1595890199297764,0.137705715709609,0.5166337355315902,244.24488072000003,1.0536621865060585,0.0489226818379358,15.628335826952274,0.1074364149564811,0.0803439689730063,0.2368453267380873,1.0398633744903167,227.6205072181354,0.6402142655035363,0.9190163894873286,-0.3516475118507177,0.443403550240836,3.6738099777983977,0.0188477118603801,2.00000002,3.65739872348724,2.00000002,0.0461598428233572,33.929861595593614,0.8194830584486347,0.4583313406421493,1.8812436178095568,0.3815407277413729,0.3228284830043872,0.6576379482110855,193.74635458,0.9384376634017356,0.0576294841179947,13.91927995910708,0.2576306624721614,0.0887172320669304,0.6092074560965499,0.4582160604475754,180.2862728586996,-0.5997651144582901,0.9812514734301684,0.059295915800429,1.00000001,2.4227088954470104,1.00000001,0.107801645831825,19.495461540409657,2051.4532019704434,5.666605938738538,66,3.3661578781334223,2.453201970443388,1541.0073891625616,854323915,2051.460989665225,4.212871287128713,29228.81993854696,2.474491537823733,6.543457165991715,27.44159620259125,4.0,2.1205679187596926,416445,17.927238784333102,0.3275407215466386,0.1480264051748356,0,0,179,0.438423645320197,1.1773935487525031,1.3717035651829717,2.691376864017686,17.168317827445602,18.460196718276933,17.168317827445602,39.41003911598215,155.7232570478201,1.9908434048529728,0.122877520206776,0.7223387724716717,0.102207332386556,807.631839681633,1.994613237917326,0.0421687969577977,28.41886415185577,0.0688425270747589,0.0663728091928269,1.0266977325724465,0.8533823053686754,0.1945660774213233,0.2501139614232989,404.1412111851535,-0.3497894652383553,0.0989262614108879,0.5510555288149589,2.768000977312096,0.449158357677862,0.1289831156159684,0.9980458740230866,0.0988802711283742,44.31447785621893,0.4672236300466671,0.046260454338216,6.656912036088424,0.0683933152267302,0.0908248209450572,0.2421296045805209,0.7512455691474033,0.1852877214540305,1.1216093486074803,91.179146608606,4.442719550517747,0.0934242472190098,0.7192240226399214,2.3955093749446004,1.6017100284086536,0.1488929004425528,1.3769422009973833,0.1095948156819725,525.269585418328,1.608581643417132,0.0407023203418747,22.918760555892373,0.0733644295880944,0.1252830805386886,0.8021137959589737,0.6458763158067179,0.1929649258579922,-1.5047471942562216,325.1471357669567,9.738846326843053,0.098313742600808,0.860091231140065,1.9454543632178736,1.061488047656474,0.2031428249517822,0.9036045348166396,0.1752946272969864,0.1804475548299522,0.5163628052967395,237.06758117,1.0806574836165952,0.0502434296749163,15.39699909625249,0.1148280881240952,0.0784950931101278,0.3658183920752373,0.1732335900835595,215.4820736742642,-1.024349158894443,0.9250232413792396,-0.2127112489309983,0.3940971301737817,3.820884894231368,0.0195408563216742,2.0198020973465414,3.8660581566952943,2.0198020973465414,0.0414614767200875,43.9025237783144,1.6168814845518706,0.8655025481353318,3.4217115418035693,0.6867588053272724,0.5918004255474536,1.1530525478786973,682.02118571,1.8329512471512976,0.1040537109362928,26.115535332632952,0.4704914510373773,0.1582173014893776,0.9495137448824618,0.7834349886854761,328.22694136402976,-0.3133080229475409,0.9832811373894372,0.1233732337359402,3.029703146019812,2.989775411138926,3.029703146019812,0.4070035892093976,12.18194602082488,2046.455,51.76025109062769,780,13.770599999999977,3.4549999999999272,1539.61,838128759,2047.1062002250883,18.331658291457288,28950.453519763727,10.489798994974873,70.33566327005235,27.408873659176333,6.0,2.045207433283629,409291,42.94524062942028,0.0767200544842217,-0.037201825464975,4,6,178,0.27,1.3080918102145933,1.196047684996231,84.57348878595486,17.680001131520072,21.643416219687325,20.80000133120009,2062.701221333309,108.77480701565726,1.257115495783239,0.1750058156169421,0.94313129934007,0.1355535951046056,322.16265401211814,1.269178186883383,0.0506030277494871,17.948890049585746,0.0940881914959976,0.0719777435128764,0.6392595180261555,0.9144811682160308,0.2342459732667434,-0.7007293551741792,251.4230991566477,0.6432471188576194,0.1233513563027153,0.4068157737319388,2.819732280289257,0.496223987233809,0.1862077048623438,0.8862273060074307,0.1537975099833461,56.14763766191414,0.5298473254717538,0.0441194914716822,7.493172736692658,0.1034513864894329,0.0646881146873885,0.2547967326033645,0.938822905770419,0.2759612156211238,-0.0930667345282453,99.2447974467618,-0.3774658214089506,0.1357552332636412,0.341689047508445,3.45685582023581,1.86109125175634,0.2310662819996896,1.171846712504346,0.1785676572139102,703.3570631815505,1.87530939204915,0.0494102073518073,26.520879758815514,0.1180851421532624,0.0730333892126294,0.9417515210023945,0.9499554346289016,0.315104025035466,-1.4258056325660704,372.2182503512679,2.876301105926176,0.1607689666408669,0.3106622299818104,2.7081194329305966,0.8873235982177461,0.2591177628434934,1.4022724117851677,0.208036687782772,0.187525438212651,0.462333556828046,170.82989458,0.9242020736289224,0.0525146288043194,13.070191068993598,0.1398868912434031,0.1072957115601747,0.3587082374736802,1.0018516049269666,177.46471964354922,0.6773506867174817,0.9142318855865552,-0.2119736643480286,0.4014310539560452,3.7234067414943777,0.0299208488708496,2.0800001331200084,3.386441906661368,2.0800001331200084,0.0750725537171493,36.94438492374445,1.2593870606605992,0.496222702415578,2.7829540546394904,0.4058669731993084,0.3656608785152364,0.9510704816759206,366.21231082,1.353167230648156,0.137434626263357,19.13667449741464,0.2753243284699767,0.2274153304915351,0.7334025387858698,0.2600832397604133,251.87741213211984,-0.1210923021602758,0.894290444136433,0.0580408457399462,1.0400000665600042,5.614877737576595,3.1200001996800126,0.1945489822151196,55.31887655258869,2050.131707317073,40.19507846559193,449,24.39371802498512,15.131707317073053,1535.5024390243902,861952795,2050.523781985424,30.524509803921568,29359.032596459987,17.975274988044,50.81314288839137,27.431688735448432,29.0,0.3505894446547751,420277,10.428370134102488,0.2001692899990462,-0.1127312933022168,5,9,201,0.4682926829268293,1.2987139960370349,1.2076811281775677,89.29194005361587,24.000001392000083,21.68831391683729,20.000001160000068,1356.7902897230451,125.0674572522402,1.7174877479787,0.4798465279020946,2.8894609720493656,0.3664560855971777,651.6732025429721,1.78294522376357,0.2140098901632573,25.527890679470016,0.258654187364131,0.4142090174688149,0.915452829007494,0.6263524235295077,0.6632999221019598,0.1103665231490166,352.0849883356335,0.3818559344195673,0.3046827415229995,0.8887619520770619,1.7173858147966912,2.540417151420741,0.479410072520358,2.474258581331434,0.3644309222419563,1369.8985967600288,2.5850400730582908,0.199760270941727,37.01214120744744,0.2392802416044711,0.3530609009953928,1.2126825674960398,0.7266272155530651,0.5710760514149733,-1.5540231235523274,520.7855160412519,2.609542277697721,0.3337770488208229,0.7584249819936495,2.04102387998532,1.4912855422134936,0.3835634933859677,2.254041982072646,0.2699210878614356,485.9188510305969,1.5395895097998813,0.1536092286394025,22.043567112212056,0.1928473923111909,0.2616972421848296,0.7583771982265559,0.7574921293359678,0.365859767693909,1.4859765191810228,305.7135361537662,2.918618018305217,0.1997394031604054,0.7012853805134754,1.9952076236119656,1.2843322854728023,0.5551159186085912,3.092889425143945,0.4127964268340202,0.289083100594965,0.665493868881356,401.01278235,1.3986278682703412,0.2165729571819751,20.025303552006395,0.2877263667639128,0.3707051044442573,0.5645332849005075,1.274642069980772,263.2881185219245,2.408486895298149,0.7756384153921321,0.1639275346294953,0.6877256020402619,2.180785888870808,0.1012993500113689,2.000000116000007,5.958458307949804,2.000000116000007,0.312109143128559,85.48928523195586,2.272078052618426,1.5622829252913075,6.558679977162155,1.3054923708467492,1.2818125408016918,1.8544804289330696,1556.1879283099995,2.7552060949958785,0.3726819802457588,39.448547860599376,0.861116214700217,0.6781846131715096,2.3131355574661483,0.7673480084629972,465.7760007867773,-0.088582021532483,0.9056773182585498,0.9770037421528428,1.0000000580000037,3.947056740385016,1.0000000580000037,2.2472201515303403,49.537895979700686,2096.4901960784314,103.8653206297367,655,79.68127643214149,61.0,1576.9632352941176,898825278,2099.0488952632527,97.88177339901478,29980.41490706892,56.15126050420168,121.91586374427372,27.68695954958412,123.25,0.077717472600816,427684,0.5634005780740154,0.3099161467589771,0.0079473262556173,36,92,202,0.4803921568627451,1.1988127733780394,1.4168070410272309,657.9123760560173,2.0196080228823687,17.798373474370056,14.13725616017658,10332.629694316298,201.12537058695807,1.1620010397428622,0.3969604289494368,2.5629295653334934,0.2887641081215193,307.43851811495176,1.2276202830627303,0.1997186496067804,17.533924777840006,0.2092407014399964,0.3546738598305306,0.5828941220642083,0.59955599081417,0.4244213515271929,0.4798867520052825,237.04821210754383,1.6470905657684676,0.1920252159807136,0.9143643292973676,1.587888368441757,2.482328570413718,0.4466524359010552,2.937514997580177,0.3354927376193729,1297.5370217191694,2.521998333992827,0.1745676004485365,36.021341198228164,0.2174611451343979,0.3042838717024556,1.2546039442965062,0.7669895662273827,0.5135909608637017,-1.8175644107393631,506.39502836439846,5.103396714894933,0.2947544446087542,0.696197536373651,2.159258879384722,1.4592207070635073,0.3315005781854171,2.243817543750616,0.2347081627714862,456.690519239741,1.4962215798073104,0.1637485408239118,21.37031865087044,0.1720751512913092,0.3070834807368016,0.7165277371090276,0.5705577890845447,0.310763466300467,0.2898925929067629,297.6810242409555,1.8190863956392325,0.1580097663937824,0.9469258899004186,1.6243880192446405,1.2205667778115608,0.5062994868795937,2.603923164720019,0.3939372882114929,0.2618611655942836,0.5541586259991913,355.95263645000006,1.320933709521784,0.2127060156689668,18.86670709079886,0.2689662574512181,0.3668584394788718,0.5226405953984757,1.0171597103934005,248.9956226735584,0.80442146829387,0.7370056480807972,0.0741036367160073,0.7405173722865185,2.1329875494541413,0.0813583256313512,2.0196080228823687,8.580288807311915,3.029412034323553,0.2648294435203286,118.6598466416777,2.6562666156151,1.540019289017475,6.040867436940719,1.3094864853883632,1.3723367024230728,1.93589144148792,1920.82033632,3.068515270021145,0.3504738702947503,43.827164365493694,0.8730470046891239,0.5814534134320478,2.8232144971983804,0.3064806496007048,541.8783895854804,-1.014773158643663,0.9284141177390826,1.0810970715776536,1.0098040114411844,3.329145999931745,1.0098040114411844,2.235312004406449,32.54215935250998
7,2.9001092623946936,0.1153963454324105,0.4865543926614526,0.0987342649439129,1853.255694764124,2.902393757169263,0.040342038573846,43.04945638174917,0.065120319076772,0.0623945721843905,1.4527041064034334,0.8531177291636846,0.1910457133392227,-0.1883414063183152,638.0240377268326,-1.0024751785751382,0.0976246858831999,0.596035272626809,2.825721737777586,1.6603879055473445,0.1385158519617882,0.6682587384645533,0.1130515305636484,610.7172337479265,1.6661294745988195,0.0462092641208708,24.712693777650514,0.0773058748729766,0.0741678494962345,0.8305657099804438,0.8563385450138579,0.1945727624214277,-0.1648745044884934,365.2853392204157,-0.4462275048355066,0.0994253716529743,0.5903278230961908,2.6118695946493884,1.639670775095582,0.1984135521738525,0.7917732420507879,0.1675360614742091,600.0960335078482,1.651577804167122,0.0344265346771434,24.496857625169973,0.1108003947263276,0.0541374417698366,0.8612089927022611,0.9626536959565756,0.2982031675129284,0.4624924468480502,360.727570521028,-0.898958889321372,0.1558581705134827,0.3007578310147784,5.779762630354885,1.0429815343970357,0.2347792130956506,0.968334507685293,0.1888366807375942,0.1742286297810201,0.5285302432923289,251.38986592,1.068962678828065,0.0498122139577872,15.855278802972844,0.1282692007922233,0.0812577753580148,0.320389350878512,0.8689167966794055,229.45593756734783,-0.1173092074304782,0.9400590832652994,-0.3366177352188982,0.3815557378334278,4.182408820637405,0.0214008876023953,2.00000002,3.187072153941027,2.00000002,0.0493238584513253,28.297183586346417,0.892216443274966,0.4106571999569479,1.7407199580292885,0.3364357512128685,0.3227879817406622,0.7269022342839768,212.06305452,0.9817957909315506,0.0609081701167137,14.562384918686911,0.2298709142445717,0.0948772659935693,0.6100420880389498,0.5066847010008961,196.2876175204925,-0.450135559697816,0.973270902092351,0.0693508538660864,1.00000001,2.080274652075503,1.00000001,0.1154437817644156,10.17927841955587,2050.7156862745096,3.387538598054379,22,2.4592464436755286,1.7156862745096078,1543.0833333333333,857911034,2050.7184704629835,3.399014778325123,29290.118367804524,1.777793876171158,4.649275593767058,27.43734012846436,3.0,0.4225299648931122,418346,1.5067322174484503,0.056351082399897,0.0239091046600563,0,0,177,0.5490196078431373,1.4045601727759844,1.2558025255428191,0.4842271814531728,40.000002320000135,25.604824841248472,26.00000150800009,11.315637998538929,221.09241386146675,1.9969142029674607,0.1090092302711909,0.4250239665418536,0.0912929946355845,815.8961836324037,1.9998727700124508,0.0327229060994134,28.563896506471306,0.0618722276472378,0.0474458041637448,0.9910405338228307,0.9052339528522922,0.1737786718236857,0.0423097913535443,407.3704974053621,-0.9195450409243202,0.0825285875228987,0.4461558033658077,3.678776970930374,0.4576596396520688,0.1076088973383271,0.4693714243088394,0.0878020609372628,45.07895251799136,0.4700800542898349,0.0323185327960241,6.714086126792786,0.0605797038804551,0.0455311199577119,0.2117387322735969,0.9104752851303995,0.15869284996343,0.0929428466633062,93.36256648902204,-0.6064321517791007,0.0818640633513154,0.4339366726342902,3.6421031355517104,1.6380590704834943,0.140140029383143,0.7062994624748231,0.1123681487284007,551.3672170028311,1.644013526557514,0.0274857210390546,23.48120987093364,0.077636932340551,0.0364530519040507,0.8054719723792033,0.9660295855709816,0.1686613600370092,-0.2035644312710714,334.16405037863285,-0.2261255073075805,0.0880482953849194,0.2682991101975835,4.7556774584061685,1.0439672121302048,0.2355887377334214,1.0919854482246534,0.1932237201829507,0.192037433828745,0.5407736813853259,233.59989499,1.0700922971691669,0.0443600377990493,15.28397510433722,0.1299903143042991,0.0606225925525606,0.3545165866563553,0.732915765581648,212.9693112745618,0.1176835049484457,0.9668617662245624,-0.1560554083801862,0.2655266167687559,4.470624183149656,0.0250615478673013,2.000000116000007,2.288539276879665,2.000000116000007,0.0502926619848381,9.73374409505178,1.2049206689034635,0.5616696360682133,2.8937915907701592,0.4230823323387506,0.3386171000033549,0.925616831216429,360.2150733,1.3288190859689268,0.071314226291349,18.97933279385764,0.2982668339439702,0.0986695664814979,0.629401631229556,1.0209520761518422,245.8038164563066,1.514664142809592,0.9845578022108434,0.0728141589215742,1.0000000580000037,1.878528383183444,2.000000116000007,0.1946216789668583,5.07267326663716,2046.7412935323384,51.62811962795477,780,13.735353085319645,3.258706467661796,1532.818407960199,842552227,2047.389099408832,18.185,29026.750197016543,10.49537313432836,70.14966143895494,27.41055770856731,5.0,2.033855478506368,411395,43.13255997941228,0.0768429707511451,-0.0378630305183225,4,6,179,0.2786069651741293,1.3079942202655008,1.195952625488317,86.54415816114063,19.76000126464008,24.8741791301689,23.920001530880096,2495.3033439316423,155.70655661040965,1.2852412994494935,0.1405248824665518,0.7140059588143247,0.1115313663045972,335.970333278383,1.2928627906374446,0.0513741002314063,18.32949353578497,0.0767543099787886,0.0705393107078596,0.6201834914010147,0.872815416067182,0.1840862782902494,-0.5970691473145363,258.3335011893482,0.0510890024302335,0.0945473895953543,0.4981775803636305,2.542061279984208,0.4902176897684148,0.1619492258377322,0.8807972481282997,0.1330416527976399,53.5485004056264,0.5161496389413014,0.0435151435148264,7.317684087580332,0.0889554636760394,0.0641576488096845,0.2643267251539216,0.9212204791451252,0.2443431219722421,0.0903837331991698,98.53375564345136,-0.0378753150862429,0.1119191219600305,0.3914899500380301,3.023935147824804,1.8794181955590443,0.2374605064588896,1.171846712504346,0.1747599862958997,721.2522619390238,1.8942860689820376,0.0479133581166624,26.85614011616382,0.1175312883760392,0.0716704261571289,0.9268646808861578,0.9544156884942144,0.2636167463962293,-1.6553708393513509,377.763057307368,3.1409139104546187,0.1427670872387161,0.2975331774165727,2.718119625511048,0.9338780996704804,0.2554604045260861,1.4022724117851677,0.2090063428673682,0.18636665494204,0.4639698026267127,188.34979297,0.9680204784078256,0.0535230223202009,13.724058910176684,0.1384199891225042,0.1081842194037021,0.3607291503719296,0.9013211360515372,187.7094980337665,0.3345166419780332,0.91003863706758,-0.2353020380768558,0.4121789353046386,3.5997538526928463,0.0230595563776772,2.0800001331200084,4.194504682453461,2.0800001331200084,0.0591086195917476,54.51436279112272,1.1908912017657725,0.5111623226868924,2.7829540546394904,0.4259609226782203,0.3766948126801908,0.9606987791770584,337.31997677000004,1.2954570003098294,0.1373968093295561,18.366272805607565,0.2825289633758386,0.2259517534309935,0.7487890683003788,0.4511875937030435,239.36913155492027,-0.1387876255683862,0.9021212735061358,0.069304534137676,1.0400000665600042,4.918711543324566,2.0800001331200084,0.2155606603269899,54.57279144990383,2050.891625615764,40.46619514266801,449,23.760877478220777,13.108374384236413,1540.3522167487686,854180539,2051.288840315752,29.222772277227723,29226.367187866508,17.7425254840755,51.97662269646512,27.436071508303566,26.0,0.2277920678558682,416331,10.461026834197533,0.1749122020924779,-0.1686111816015252,7,11,199,0.4630541871921182,1.3122899012090217,1.1948275294555413,77.21844238693855,8.079208389386165,22.88267691467489,22.21782307081196,1166.5627442644238,126.88418308090236,1.763032272897041,0.5331593531636045,2.8894609720493656,0.4385365981833795,688.4017044060288,1.841505199833799,0.2766497372998097,26.23741039824679,0.2947839550834408,0.4682060399097344,0.8239545131041439,0.6134312088863569,0.7854235326446779,-0.0317883486335496,357.8955513980993,-0.2727037804502688,0.3961463415427804,0.8951218681237771,1.6551106625198118,2.450899531651759,0.4808176883048014,2.480168396278735,0.3663068680796624,1266.1019295690433,2.4973897008825245,0.2541394984077624,35.582326084294195,0.2447279269061933,0.4100020457784962,1.226096929394552,0.6352726712458355,0.5495959876855565,-1.3952449782975278,497.5326049253071,2.0884952253923568,0.3012262893408497,0.8677984364101706,1.7868763434913968,1.4881718640302652,0.3982035423203848,2.2564156461831057,0.2920169206875057,481.6054102144704,1.540272847389792,0.1984443161821774,21.94551002402246,0.2041230832549573,0.306725445441451,0.7427821304217583,0.7028603661169085,0.4121962919712061,1.3406106163839384,302.09888839814386,2.392793245968933,0.2217165344267571,0.782818512540715,1.7930117526364786,1.3524312564938406,0.6383311417982631,3.17122961237887,0.5128215760262301,0.4065236093284752,0.6842391557004656,453.60953423,1.494834347100352,0.2939751708813414,21.29811104840051,0.3501991706052083,0.4591919026179233,0.812471730592015,0.7432095063566518,274.5435450682496,0.519701424386688,0.7410973977939785,0.1053098149170002,0.7290649866556584,2.0817242352347827,0.1269418168553856,2.0198020973465414,7.303403003102776,2.0198020973465414,0.4055647202426578,106.56587578401236,2.796741798154782,1.551375797484464,6.692201185192673,1.2816693044892082,1.2382112562660457,1.999988666081468,2073.9851379,3.19635347797418,0.4797345719950467,45.54102697458634,0.8745354508119382,0.8132875125574528,2.478658009263983,0.212630433234905,567.7385850254209,-0.6364055217611955,0.8616839373802471,0.9364135549915488,1.009901048673271,4.2854611023285285,1.009901048673271,2.2160438931330866,59.68306837019056,2086.5049504950493,92.04661632760173,553,71.3859425546515,61.0,1566.131188118812,881110576,2088.5242504109106,92.44278606965176,29683.506800915555,49.73203290478301,116.39944521247146,27.63253632762781,123.75,-0.2857494191130659,421474,0.5279187975379513,0.1997763379614478,-0.0572952850123123,30,87,200,0.5148514851485149,1.2793830753729667,1.323366576214864,711.1783135605813,13.257426922485251,20.832694450742103,19.37623934824768,8350.885514553423,193.8013246795559,1.2422441387775949,0.4102015446689401,2.5881119091472264,0.2940993056928269,345.5417678231179,1.3079001533012886,0.1787804061533054,18.58875379962621,0.2151014387136573,0.3499182072085633,0.5785101136233604,0.6328942095701283,0.4064998147259184,0.1345526474951607,250.93331603307416,1.6084728655167255,0.2040913149994605,0.8582296708632327,1.6141432822217507,2.545340843495285,0.4961240655498086,3.0205984510519954,0.3772875355481975,1358.18347870414,2.593006090938519,0.155499215254044,36.85354092491168,0.2369014435173394,0.2786443432909735,1.1978450385063415,0.8414799410623862,0.5357340391010088,-1.7882039884941117,514.1588503860476,3.898523035849397,0.3132122593664457,0.5671405838329847,2.5403390057848703,1.451560440679845,0.3112473430451609,2.0472036671364107,0.2252698236384515,445.0914546343136,1.4843931563922432,0.1473180402152832,21.09719068109101,0.1604914348422992,0.2864283426942722,0.6971772320847767,0.5716673651490268,0.3091211769501789,-0.0151543015239756,293.2152090173287,1.8144159220221583,0.1563755031595279,0.933103160206958,1.6432518199472617,1.2505944394582706,0.498584095189702,2.625110280285624,0.387781251457117,0.2560958949651567,0.6120842392764595,365.8910694,1.3458610358141632,0.1944660789251904,19.128279311009656,0.2588903774431026,0.3466035058618395,0.4958990284883212,1.0436863384453898,252.62007677057065,0.8643008825062641,0.7543374419703769,0.0743830562614059,0.6981311487345713,2.089831898109852,0.0971773476780447,2.039604141920808,7.426827684255387,3.0594062128812123,0.2729268596574656,104.6059987623809,2.340274561760124,1.4820197051329087,5.603266343923177,1.2695330812704244,1.2751342736924984,1.8815522075700195,1547.80363862,2.768103005777433,0.293057787776527,39.342135664195965,0.8292646121304889,0.5249818862502207,2.414700435928056,0.5440107663520747,472.735461475545,-0.8175706608704303,0.9370579610198388,0.927794289111424,1.019802070960404,3.0594296921467703,1.019802070960404,1.873317227570334,32.460239260362705
8,2.9003551586299627,0.1086264062976567,0.4865543926614526,0.090258808972437,1853.2373436179023,2.9023793872190624,0.0332824393104128,43.0492432409433,0.0610311290771739,0.0510903125820191,1.462201747344679,0.8885368647031456,0.1644044677703875,-0.2180092279408818,638.0781348985918,-0.7391551703521486,0.0830872461648075,0.5183779156123206,3.1989393543166966,1.6350942598112883,0.116841533408782,0.5314971421583563,0.0936897316010361,591.1670881834418,1.6392446821956,0.0365653828464852,24.31392786415724,0.0656483962352618,0.0559919825754877,0.8252791833564053,0.8840091950239153,0.1610971965460299,0.2292962897187346,359.7207371584834,-0.5367307964626216,0.0816936009084902,0.5281862588665239,2.72453447494112,1.7071823465872276,0.1828051859660236,0.7090752706376413,0.1560522237205886,648.5022283773158,1.7168976095606492,0.0294943565893093,25.465706909043696,0.103783267424764,0.0446516917127792,0.8510015264250014,0.969961468216052,0.3045257272951944,-0.0464730410580906,375.5801162491901,-1.0253944752732798,0.1520235749978736,0.269290427729017,6.397529224151163,1.0429456309888083,0.2305661226714293,0.968334507685293,0.1881314779452696,0.1634549833215638,0.5373761745577285,250.94403101,1.0680143661997674,0.0471035629291193,15.841213053614297,0.1253927544045383,0.0756014805460774,0.3235114878954613,0.8871473250802073,229.44803881753788,-0.0908855524590515,0.946094536120544,-0.358760893147996,0.3614635429239266,4.304006200700548,0.01884275465906,2.00000002,3.5572585395576297,2.00000002,0.0441704657623114,35.68789788124131,0.8957546969054629,0.4128326528833954,1.6844755499368678,0.3435206623004798,0.3186806682005526,0.6513005686722765,213.84716999,0.9859171318440696,0.0538111191702274,14.623514283167369,0.2316544701376301,0.0826156372664598,0.6507434190640478,0.4869505073318179,197.06603331920184,-0.5546930273475863,0.9799640058586888,0.0460020604055175,1.00000001,2.5855368336278883,1.00000001,0.1060942593496323,12.989742205385047,2050.78640776699,3.431988644693509,20,2.551984164388733,1.7864077669901235,1537.98786407767,866381742,2050.7892655391206,3.448780487804878,29434.36328511286,1.8281316599573765,4.64495530184065,27.43775063327893,3.75,0.4948835732005933,422462,1.1942536198899414,0.0828989342256232,0.087793232148897,0,0,181,0.5194174757281553,1.3928554727587197,1.2625734403034417,0.7339645941924755,40.20388389718447,25.86867994230014,25.49514588601942,14.629496614568149,216.294433751814,1.9670935509123888,0.0924390434888545,0.4250239665418536,0.0758168808946167,798.8598700725012,1.9692538014010608,0.0311677572793125,28.264109221281,0.0519922011767372,0.0440532356536729,0.9824963000553426,0.885770171315775,0.1328075849158827,0.3171525826775436,405.221271487952,-0.4425415257348559,0.0671674848462642,0.4918290418506744,3.231843632802037,0.430492247893403,0.0962109234388805,0.4693714243088394,0.0770064289414035,40.07424761897817,0.4410614272597399,0.0309252378532599,6.330422388670299,0.0532824885246419,0.0425175151339556,0.2197848629816356,0.9020182305730622,0.1330579375907993,0.4506068198511305,88.68140306604103,0.04622468638218,0.0657125299102735,0.4563618104891225,3.332162092389584,1.650804511171278,0.138926540352165,0.7062994624748231,0.1123362452361621,565.3386596662244,1.6566117304800771,0.0267207382396365,23.77685134045769,0.0768277560592074,0.0355631635994133,0.8241671845756086,0.9671108979312708,0.1945031806912005,-0.3154412153880386,340.0657293012832,-0.1384752628270846,0.0927407005899065,0.2651256381718539,4.91245619509004,1.044773874513637,0.2489017148913987,1.0919854482246534,0.2056397642109814,0.1941526801146503,0.5403562782716037,237.55997752,1.0738732580565231,0.0445358613188974,15.412980812289362,0.1377693907670469,0.0594268388340786,0.3880275061226119,0.7237539954103438,215.2234181498092,-0.1949554705335652,0.971446558934474,-0.1153032250960147,0.2475126339260481,4.656982608994098,0.0281934645748334,1.96116506815534,2.3874404369837245,1.96116506815534,0.0527340304999559,11.401791573584257,1.162437978997791,0.4469626747476764,1.8293621881814743,0.3717961173908828,0.3269675799031653,0.840765233829954,319.31398801999995,1.2450172300051547,0.0658948631512607,17.86935891463373,0.2515950447881987,0.0874442964350299,0.6381704883536802,0.2711124229649658,239.4622236735449,-0.6432155712272074,0.98083382840193,0.0850910606755723,1.96116506815534,2.299406318825865,1.96116506815534,0.1675335907243167,6.514297211664906,2047.0147783251232,51.39860515814694,780,13.774369676526987,3.014778325123189,1538.0911330049262,851158356,2047.656784087294,18.37623762376237,29174.61835225956,10.53277569136224,69.84629518088308,27.412180815268368,5.0,2.024955326092796,415544,43.44014717369787,0.0766480508414738,-0.0378455051121466,4,6,182,0.3004926108374384,1.308357323703241,1.1960393974427277,74.2754796999042,23.762377758415944,23.832211295387523,22.811882648079305,1687.1979152131034,146.4165804260278,1.264990361049242,0.1516926204944415,0.7140059588143247,0.1303886915012031,329.48887607485983,1.2740085995388009,0.0512641400593902,18.151828449907185,0.0850076823666615,0.0699465675936552,0.6643504295378629,0.8931487117375699,0.2633990021919266,-0.2475887873610747,256.7930432929961,-0.7866000527889927,0.1315111378559905,0.459236024499032,2.9103279080495223,0.5005925845799339,0.1655238487616346,0.8807972481282997,0.1316111277575445,56.40479114528355,0.5271205877369761,0.0448199596283216,7.510312320089195,0.0902567349819695,0.0646824078619252,0.2346441733116788,0.9230306173080196,0.2158413013382446,-0.1128800780278704,101.6202946697266,0.0163602289739865,0.0993831771709859,0.3879596019852739,3.249967177102293,1.8766488938808124,0.2299481244828019,1.171846712504346,0.1642345364605397,725.6086276640654,1.8906154387557,0.0455685152805909,26.93712359670322,0.112552319986891,0.0700747917766434,0.9345310241933942,0.9535169850180258,0.2255771700135944,-1.7559887017755302,380.9597254578049,3.75281845489494,0.1344837868928508,0.3001344772258171,2.845039812977336,0.9190629805324194,0.2577400376580424,1.4022724117851677,0.2077301084633686,0.1725483055259598,0.4739570764434173,184.88822798,0.9543476558243016,0.0546254234102107,13.59736106676586,0.1370916493263413,0.1084323245338778,0.32018723722734,1.0444012426434428,186.5697850480812,0.4891518219593824,0.91130600014446,-0.2343526112869036,0.4105202559251416,3.638388117772193,0.0241989543992165,1.900990220673276,3.4442541679278404,1.900990220673276,0.0549003072499471,32.576148421841594,1.1816330479547092,0.5310311089701263,2.624470835772262,0.4484290868050661,0.405291074337412,0.8633727223076838,340.4028978,1.2949368963456256,0.1259429927334709,18.450010780484657,0.2967059937101222,0.2212525487129824,0.8001769370604224,0.4980606546454101,239.871508734806,-0.453204764696526,0.912632228658673,0.0328617267738323,1.900990220673276,4.772950544743964,2.851485331009913,0.1449635149127783,39.31050400082098,2052.5621890547263,38.55421330002833,403,23.725402836563447,14.437810945273668,1536.097014925373,847112605,2052.922446693811,30.27,29105.19893421105,17.62273631840796,51.62334743117691,27.446019742362484,27.0,1.307637340196136,412565,10.792726724970978,0.103542453411076,-0.0478887300208681,7,14,198,0.4477611940298507,1.347830244762522,1.2348775394730924,75.20801088876253,8.240000733360064,23.39936123722776,22.660002016740176,1272.7115876776045,154.60041289994066,1.6446507497033147,0.4620057317905323,2.8894609720493656,0.3471596606260891,586.3699530298958,1.7079998383811192,0.233046198879547,24.21507697757527,0.2458923025444984,0.4286908633862222,0.8701257184308235,0.5666239001514995,0.4848706905703888,0.3440264251802101,330.57480069036626,0.8286400450755518,0.2595233163317794,0.944976215521543,1.5679765190580368,2.592704503381952,0.4733630263318211,2.480168396278735,0.3391236815542339,1395.959955952872,2.6353509078917234,0.2143628048892952,37.36254750352112,0.2242388427997761,0.3769956900960239,1.2045689309460172,0.6814099397498231,0.4432155462567699,-1.909841140724151,521.1336051797723,3.949717211314005,0.2854638311604724,0.8091940551805543,1.8609444056864048,1.462660774134592,0.3302204220484075,2.0935760070707925,0.2316875486421015,451.8237900061587,1.4992930174817218,0.1599949251931681,21.256147111039635,0.1649145982452534,0.2623613831731938,0.7364035428955417,0.6836942745849816,0.3254545581027086,1.4961973710689092,293.994815601053,3.653098122647365,0.1696614005456942,0.8045971855536235,1.8556605962483623,1.358306393858715,0.5705068666147204,3.17122961237887,0.4438349601507512,0.3285284080773136,0.6975500093657467,435.93986515,1.472703313806794,0.2450717561679538,20.87917299966644,0.2977372247207277,0.4250429420184434,0.6142470183626805,1.1413688791760832,273.0195851656017,1.7842568613070815,0.7221235564552265,0.1342320131803711,0.7534947853079007,2.0604368890126854,0.0782330294149988,2.060000183340016,8.772025122437212,2.060000183340016,0.3008088900576998,127.53653441410069,2.375680751611609,1.6169655843134725,6.692201185192673,1.381610298976897,1.3874854419688238,1.867409547232702,1657.3312059200002,2.8714854840611905,0.4074911807633474,40.71033291340173,0.8966055222473033,0.7662932551059026,2.759368062463192,0.6592549373094989,477.5118310739334,-0.4725579958265498,0.8860903859824046,0.9807635140644057,1.030000091670008,3.60640392131699,1.030000091670008,1.878666008030652,56.28337385270645,2089.221105527638,106.9456170530258,651,82.5482689831065,67.77889447236203,1567.1180904522614,870868719,2091.9428095894414,101.16161616161617,29510.484899438707,57.83394243947008,127.22373515928066,27.64435473874332,130.0,0.300091001625304,415755,0.4153322646564654,0.2923002755219256,0.0662503195524314,30,97,197,0.4773869346733668,1.1878159351040238,1.4397644571563997,979.9917343571236,1.0202020304040404,19.344961394895737,14.282828425656566,9757.01987720256,244.6823588421896,1.215349839767045,0.4515083082691611,2.522852194023443,0.3419566431538908,334.3022023536786,1.2961136387644987,0.2060180222868822,18.283932901694826,0.2452259478389529,0.370239648561649,0.6437987532601945,0.6630044415065675,0.5621169191360815,0.2771597998713433,241.854618113642,0.6862295151230793,0.2692848499654849,0.8163499125231084,1.5749040421937202,2.45617081065027,0.5207608221513047,3.0205984510519954,0.4078998500257108,1254.2182182767556,2.5104987775228045,0.2076129298270378,35.41494343178816,0.2620731758876063,0.3731755464877933,1.2801609831943224,0.7428055352551336,0.6564939676147903,-1.4392463659741026,488.7779913194038,2.46865125636415,0.3378724473085492,0.7119143092557219,2.100254762169328,1.450244012116312,0.3558748765959016,2.2700273871453023,0.2528120171737505,443.6144229440098,1.493056665283938,0.1927636100039417,21.06215617984089,0.1853330395610581,0.338911890587161,0.7159326311758359,0.5443137787038308,0.3296595350520075,0.4031857262676904,288.5985584111461,1.6082573052721365,0.1628391300697151,0.9481817233374268,1.5576437098176033,1.2670160130967407,0.588091302086294,2.840727699884332,0.4674568485927093,0.3315119030042195,0.6782452636546108,387.9391590700001,1.3962245558655708,0.257120792860582,19.69617117792187,0.3160402044420156,0.4171948277795464,0.6500752557029696,0.8929302011853757,252.1361866062514,0.3231405027238883,0.7482440190410244,0.0375687442342986,0.7059607748078847,2.0786354468479287,0.098579558385598,2.040404060808081,8.005389807061363,2.040404060808081,0.3030681182845557,110.98922871239236,2.878871728469897,1.468154988209936,5.863611581923067,1.2437101209842365,1.1301191670049229,2.011678154333111,2076.0774391100003,3.229945811507738,0.3808087891104265,45.56399279156734,0.8331615027042502,0.6582181039938549,2.243870542841331,0.0727662234515941,572.8954739655096,-0.9355790281634122,0.8992487209995033,0.8029345608326287,1.0202020304040404,3.468321797282449,1.0202020304040404,1.7527912234888214,41.28787121048457
9,2.90803301983657,0.1193500405567877,0.455565134100226,0.1034525274669949,1863.5838604287744,2.910470018608971,0.0301502126871367,43.169246697490266,0.0677345634909685,0.0470773152542321,1.484253504083356,0.9215339543724642,0.2025560602421396,-0.1756575457747937,639.7672643640453,-1.140297371765853,0.1006879548055832,0.4346473773926653,3.6490623643329663,1.6400071581644748,0.1324663085540761,0.5324378616931456,0.1067486406176477,595.5600290582835,1.645323992766779,0.0331371321353766,24.404098611878364,0.0741628351591714,0.0512659835607992,0.8040642142709626,0.925080195008872,0.1724192870276328,0.296132173026854,360.80157479618447,-0.7864958495047314,0.0899557902543677,0.426680005357318,3.251019879880628,1.626098333474281,0.2070869353067075,0.7702796667825886,0.1757904140700032,591.114888559788,1.6391723085417058,0.0270037763417586,24.31285438939221,0.1177846621369966,0.0414515216979025,0.8725590158982126,0.9798629446275146,0.3212483731779432,0.1057019087073065,357.7416333643418,-0.9933490698376746,0.1603601094482025,0.2205333113258585,7.548676490329863,1.0224647448470852,0.219759609115083,0.9077892859423752,0.1733701547884766,0.1418291607358857,0.5354338097336606,240.57196257,1.0457097688999215,0.0413456191955193,15.510382412113506,0.1161303661601448,0.0694220739224815,0.2546203456965668,1.1065651898472422,224.94224386635872,0.3398592063604679,0.9495337031167296,-0.3602835931389357,0.3479515890821423,4.548592353089441,0.0152993664958463,2.00000002,3.600028565106112,2.00000002,0.0403390434495816,40.445686621586006,0.7067884065513919,0.3042283872341395,1.2372233159264052,0.2563987466317786,0.2636112348448453,0.5213528985080078,130.17049300000002,0.7692100227447047,0.0528029573174825,11.4092284138762,0.1713743984771805,0.0799365467108903,0.462074251732837,0.4200881814936933,155.4934494413062,-0.8340526876385472,0.9651485217334126,0.028307555098654,1.00000001,3.260116873312442,2.00000002,0.0911935454986959,16.6180606944955,2050.743961352657,3.7047790912555048,24,2.754976778921325,1.743961352657152,1540.5507246376812,870551842,2050.747291624758,3.592233009708738,29505.11552256659,1.9589841001829185,5.008730242364496,27.43750124859719,4.0,0.2583691234846404,424504,1.1739611597651125,0.0841171787698447,0.0572390178161796,0,0,184,0.5120772946859904,1.392325602791557,1.2521674878415272,0.5913935844727453,26.475728420097088,21.45645762562085,21.57281574970873,11.190762424578132,210.9574145874614,1.997536899646396,0.1237748790168448,0.683966468030001,0.0920756679701271,829.1177742071109,2.001349513552461,0.0458181613202221,28.7944052587844,0.065074760017952,0.0846874610813838,0.9908219450727213,0.7640886268699865,0.135135211845492,1.1019668746942766,413.490138226804,1.5835766006497425,0.0654643002029113,0.7016295850087031,2.3366931569823484,0.4597851660834357,0.1201093095982675,0.6320451926202277,0.0912356678767967,46.732103310674646,0.4751409824374918,0.0448954121861635,6.8360883047744965,0.0638092942272074,0.0789618887109573,0.2229300177888034,0.7826220497521074,0.1240294776576207,1.0696936224934757,95.1755293792712,1.110587375744723,0.0689116694772286,0.6743864449133454,2.3905972724321325,1.6367173994026325,0.1437301495792247,0.7062994624748231,0.119308391325344,558.7762973350159,1.6429858193498257,0.0294881934097901,23.63844955438101,0.0802208578902205,0.0407341701157981,0.8383437448631361,0.9596623476087476,0.2109355207564525,-0.0957865049643093,338.8005016763449,-0.5080100335913049,0.1043756763658156,0.2927779112224118,4.990613292931745,1.0105008493218528,0.2644820163706841,1.291641810995246,0.2124297171088389,0.1931917951691412,0.5398892451251872,225.78002888,1.044377698535385,0.0477109299106146,15.025978466642362,0.144376605744409,0.0655721676371863,0.3615148531393819,0.7935324446932049,209.17367580962352,0.1059139663657497,0.9690033464273302,-0.1825393854167447,0.2564687290754607,4.855076020239992,0.0277511215744748,1.96116506815534,2.4195822472618587,1.96116506815534,0.0607396788228213,10.511386110322194,1.1475626714947278,0.4842863674978589,1.848869900864416,0.4116854576680717,0.3634344549382772,0.8358898356276303,320.91217446,1.245110581318039,0.0777548211489384,17.91402172768583,0.2711721691334703,0.0990246852059831,0.7161566445519603,0.4706483842451601,237.54547299940867,-0.7908003565786164,0.9790480055199822,0.0669016537281935,2.9417476022330096,2.775744999462356,2.9417476022330096,0.2304943716776076,5.723483703575978,2046.985436893204,27.04728977998232,460,7.292298991422407,2.985436893203996,1535.01213592233,863320741,2047.1632527708057,10.521951219512196,29382.320211310747,5.429410371773621,44.93990567359059,27.41471150381653,4.0,9.499542991896858,421679,126.22896797127989,-0.3806787276102722,0.2066948891851558,2,4,186,0.2475728155339805,1.6029785224792454,1.0954532594700417,34.45635363505616,47.53398362469923,31.57513894619699,33.553400205670044,731.0575860584223,150.54758026730454,1.3211870560353325,0.1720155456879383,0.7728199928880077,0.1428944010712384,365.6460751607288,1.3322841091081803,0.0450358267149744,19.12187425857436,0.0966469096919168,0.0601400879298763,0.6151507326447285,0.9381383790774124,0.2541992468164022,0.001138229976439,272.1645335432784,-0.6885208814032011,0.1256943214261084,0.3591337689761678,3.88893748139868,0.4756270915010521,0.1437158049895392,0.7899690779590518,0.1175814541520301,50.83567049874574,0.4967646319017432,0.0383502160668161,7.12991377919437,0.0784444442551615,0.0505477913261625,0.2347680418817637,0.9368128289235466,0.2051272646843581,-0.4093301810452399,97.97918084921672,-0.1181559959650364,0.1040562321033032,0.3606790962177124,3.547908671541212,1.912177286542255,0.1698646347529164,0.8944044700647242,0.126989343720027,759.1379956832759,1.9196707794242027,0.0364493103856225,27.55245897707273,0.0878813203524948,0.0500001878640138,0.9307740006892606,0.9565267774984932,0.1952717759849296,-1.2031664621898288,393.9085210277045,1.712715118614954,0.0994453278895857,0.2983797205727239,2.930414294204882,0.9073531651847344,0.2279363705352916,0.9631009494914236,0.1836288702342078,0.1538225737495634,0.4617779784977401,180.24846462,0.9354103627280538,0.0432970452122922,13.425664401436526,0.1213617477852579,0.0732937852036696,0.2655570276119654,1.0732953956520337,186.9147520280553,0.177042271625746,0.9479476274279746,-0.1418771992167014,0.3220648224738526,4.120383808127369,0.0151507795239109,1.864077789203892,3.1036326480940786,1.864077789203892,0.0377303659984916,23.52596323903942,1.0526710927522178,0.4559203018161865,1.981051694206088,0.3779145175843159,0.3567855946799506,0.755056330399882,270.88396541000003,1.1467217212008267,0.1006885815403344,16.458552956138035,0.2554098764388228,0.1403197127164098,0.6882969850297561,0.4661948244707183,216.8502451069569,-0.6392550746641179,0.9524077815257784,0.0400922670193069,1.864077789203892,3.615379427453967,1.864077789203892,0.1409412834998546,21.13717361795539,2052.4729064039407,46.45473688586299,451,27.057438908976163,15.47290640394067,1542.463054187192,855602866,2052.995967689599,32.698019801980195,29250.690008955346,20.34173047846657,60.56348440739153,27.444565959719025,29.0,1.0727974740169952,416652,9.372353492772708,0.1490091991480488,-0.0555050966308767,8,16,199,0.4236453201970443,1.340473849831276,1.21931659582444,223.7832207626594,18.35643727728728,22.452517417347327,19.37623934824768,2483.731021838849,132.12122589501217,1.7366147506603724,0.4941763089800224,2.84169209659908,0.3835404228040028,661.5441161390091,1.805225196627,0.2346594822208874,25.72049992008338,0.2657400402394037,0.4085568597782949,0.8054942657324161,0.6579412549944215,0.6134454202462769,0.2633000671690336,352.5327943840556,0.3622422864401842,0.3109607179709175,0.8554553741936358,1.697823542690676,2.5535731616300965,0.4647461065202785,2.3798891089657204,0.3584985265754996,1367.3391526271012,2.595315173611831,0.212187564540061,36.97754930531634,0.234577118584481,0.348250533832821,1.377717570432926,0.7188961080843826,0.5522341302119349,-1.3917082098278244,518.3753518109096,1.6214334769692311,0.3204860425830103,0.768976710463204,2.0199654962178086,1.4730188979194276,0.3570353299381198,2.2495961849611983,0.2485151208321312,466.2160825648887,1.5154639384015414,0.195948391474777,21.592037480629028,0.1794710133209612,0.3302968200241917,0.7405170293601606,0.571141016228765,0.3261019010085264,1.117221108739218,299.0228362776438,2.8126634937611086,0.1769710920934264,0.9655184253145505,1.6686601065965816,1.3021673482046447,0.6011234225904524,3.17122961237887,0.4820765122843929,0.3335144393078286,0.6763439685633716,417.20745253,1.4336000578137358,0.2783343057341452,20.425656722122792,0.3267090693838403,0.4722443572498884,0.699182257947768,0.7510200825558511,264.3399716855429,0.5166821020679029,0.6893187987039847,0.2259532059621555,0.8116947088303378,1.993784886939924,0.1138511646485648,2.039604141920808,9.264115538296643,3.0594062128812123,0.3759289671805379,135.38149235879095,2.712609538203594,1.4457655359004824,5.473327682854979,1.2609954662331608,1.459279230687541,1.9506848424114829,1915.9529258,3.072164017872314,0.3743178103943125,43.7715995344013,0.8201630993308854,0.6469753088843757,2.963130927318696,-0.0441957812362576,550.6597362553297,-1.3313466613645957,0.8983928050870246,0.7766465053920498,1.019802070960404,4.402558104721068,1.019802070960404,1.645082711617622,63.95357658760522,2096.490099009901,102.60396935961276,593,79.19267718851093,65.0,1569.7623762376238,889960731,2098.986944473287,95.01492537313432,29832.20962315732,55.80444313088024,121.23912476232384,27.6874445745308,123.5,0.3446424113410616,423491,0.3309391243753814,0.2944094969269146,0.0003202344473859,28,94,201,0.4702970297029702,1.1958690417528608,1.4515799562872556,1312.8740174941076,2.00000002,17.84052761326483,12.00000012,10793.66988502054,277.8794815002526,1.2753872123644474,0.4269515927228679,2.522852194023443,0.3122224672539724,365.215553543724,1.3446180832565118,0.185740064472225,19.110613635980503,0.228507752356059,0.3363557554354162,0.6277253810277985,0.6882458409081043,0.4186669869453594,0.0851091648534674,257.6282168976184,0.8232066094438122,0.2126150706121009,0.7867928322251901,1.6086947688224875,2.5705709327102,0.4426335530482997,2.137631801459293,0.3384926214736155,1374.1634707782227,2.608215761645906,0.1843003086627944,37.06971096162233,0.2213324761697146,0.3485305692837856,1.221848636280849,0.6897221137124063,0.4969819192602323,-1.503179328080993,519.2553284074604,2.12701109814654,0.2687184973465049,0.7828793619731721,2.00142955674535,1.4945371630833693,0.3257035311470569,2.343068499912181,0.214558893268,472.51818986166575,1.5294440034572094,0.1966254967900512,21.737483521826203,0.1606785563055966,0.3499052581392691,0.7582686034455908,0.4221279761585629,0.2475957941036202,0.3640367870093819,301.8965069428406,2.994770037198845,0.1194001626969248,1.0786528284500243,1.3981634979231403,1.284766789045032,0.5376398225120911,2.840727699884332,0.4162533064010186,0.2877703544572317,0.654441129150578,391.52676418,1.392210942286327,0.2349517126043772,19.787035254933976,0.2790980810230436,0.3899269500034307,0.5621985285566333,1.089902172991057,259.5228913870965,1.022189715129974,0.7345142457616255,0.0579677396012835,0.7223304731076748,2.038946037673419,0.0685543678699645,2.00000002,8.20377931582312,2.00000002,0.2375023515333078,109.31290676468603,2.4607350507504906,1.5086321711467523,5.863611581923067,1.306760782118365,1.2486314066050288,1.964995325475284,1680.62400857,2.8844272974899106,0.368131082744533,40.99541448223204,0.8430680519888769,0.6617214687068721,2.3265191590356555,0.5412537252544881,497.0684802515991,-0.8091701688791386,0.903151667089482,0.7433762473041721,1.00000001,3.1322381609551853,1.00000001,1.437639933884174,42.02690097379671
10,2.9077800292507816,0.1018909374338052,0.4121631601308722,0.0843545041660112,1862.414239797849,2.909556542122597,0.0268502634507852,43.155697651617785,0.0576412715523931,0.0411371451757871,1.4633238742508952,0.9178009425045088,0.155273009215993,-0.0013412767368033,639.7116064351719,-0.7952668939901018,0.0799937460600095,0.4451121097230162,3.5384155949350014,1.6482502675252162,0.1294429841706305,0.5324378616931456,0.1049849986039618,601.3498192343968,1.6533022316706822,0.0305816749708637,24.522435018456,0.0725281596973776,0.0458520541702381,0.8420662694129349,0.9372386925833625,0.1927037598105614,0.2092241221825861,362.6150588555476,-0.7739508498643293,0.0964337298852431,0.3905269448762353,3.6885870413602726,1.6340819963266704,0.1943643670115848,0.7045845367678774,0.1689566036490917,595.7225476270455,1.645548468426596,0.0242840521517099,24.40742812397581,0.1099171215814042,0.0364030023847807,0.7904670112734263,0.9824493218249744,0.3225142053304419,-0.302345228006626,359.49803919186746,-1.1196585889384667,0.164732034418824,0.2064878085546093,7.896407917452781,1.008536278922722,0.230197681687347,0.963997897272152,0.1827316807974615,0.1626084858267089,0.514162113175002,235.37701671,1.0343575448074038,0.0374673568176301,15.342001717833304,0.1222551289076785,0.0619596584086779,0.2940148779420952,1.0456125759769288,221.8779813629988,0.1893832292805579,0.96362645692715,-0.4109173067597227,0.2965814771100314,5.200490336068117,0.0231552438251127,2.00000002,3.157826696356182,2.00000002,0.0574296922870415,26.89520725988963,0.648063320644394,0.280450652231177,1.2221588304783315,0.237194147305452,0.2208287347202659,0.4786303613632717,109.62184733,0.7058903060867693,0.0511172770617676,10.470045240112386,0.1582678677531691,0.0748362391144046,0.4361989004653948,0.1471106147315392,142.57393054176669,-0.8386427734586177,0.9643643873133536,0.0200878611232855,2.00000002,3.576063840022411,3.00000003,0.0801290689241354,19.03298482189272,2050.792270531401,5.534563783711596,78,3.179677472053038,1.7922705314008454,1540.6135265700484,870596340,2050.799702625748,3.9466019417475726,29505.869585558736,2.2381220393039727,6.71001280510404,27.437758041214213,4.0,-0.8485729387330123,424514,24.7333667371208,0.2605454411270649,-0.0476325487028592,0,0,187,0.5603864734299517,1.2468491866117837,1.272506489232979,0.6079593536671788,2.038835063592239,22.628052358108523,22.42718569951463,12.555266669503862,199.0412038124575,2.004362911687931,0.1208895478364441,0.683966468030001,0.0893023311544635,834.6269733741514,2.007987640431668,0.049078319501425,28.88991127321355,0.0615488632868356,0.0911214948028163,1.0249602790199734,0.7149904450027926,0.1207705331734265,1.3811163878499846,414.90312271940167,2.079486690979465,0.0642903032487975,0.7732918090151262,2.1284351869198006,0.460860503891402,0.1266619804296053,0.7262312506272435,0.0939423061009239,47.270138638724696,0.4778683476387597,0.0499851501056638,6.875328256797976,0.0656531446211509,0.0944942822615547,0.2487772911581333,0.7211455834284541,0.1280395101822237,1.360502623236692,95.3981243055202,2.119677511246473,0.0706999238405895,0.7650962976468537,2.1788763771220925,1.6401111455067183,0.1305006308517944,0.8476623119430713,0.1075920485324212,560.3309313288391,1.645269799070512,0.0371922228255611,23.67131030021024,0.0711439798874875,0.0736850599513269,0.8358034834734054,0.8404431596444003,0.1936210188019556,-0.0375617626510292,339.50300711989075,0.301527121887883,0.0977136726631264,0.5796111426722798,2.72123047897624,0.9898317429288096,0.2946988370817945,1.291641810995246,0.2411605053885473,0.2172023751204147,0.4872838137479694,220.70230936,1.0325670589398683,0.0521919756487277,14.85605295359437,0.1603230509911576,0.0750934976226134,0.3719543685672,0.8342477477007183,204.8951707862636,-0.2301229852693538,0.967512507341655,-0.1954778314896224,0.2634222559822314,5.199535776584818,0.0459422121974181,2.038835063592239,2.490355811737844,2.038835063592239,0.1011602443079224,10.345237018215386,1.140270916926111,0.5058081488275111,2.5978813600100388,0.4172045944626567,0.3372910547014753,0.8833427401033469,321.84850513000004,1.2469256979789105,0.1056743306533972,17.940136708787925,0.2785170978214948,0.2188374496916488,0.6509120242618041,0.720914620877745,236.0360798037049,-0.1004599722617336,0.9056869528754344,0.0658676133846282,3.0582525953883586,3.2662598741748865,3.0582525953883586,0.1975051808683655,7.928367663167572,2045.623809523809,5.957296580436228,63,3.797505668934242,2.5,1534.2190476190476,878768539,2045.6324426631952,4.727272727272728,29644.030410860127,2.76514012303486,7.927904807775402,27.40769851666134,4.0,1.3437590279293732,429581,10.115382983950717,0.1140651490856307,-0.1416421433302375,0,0,191,0.4523809523809524,1.388724197728511,1.2755162066712056,1.8174228421116656,36.685715826514354,27.04873922501316,28.533334531733388,43.15808627936945,227.3010501251394,1.312861382452862,0.1797628411435088,0.8513080817323899,0.148735363860034,368.7108199252695,1.32505313446969,0.0412679512188902,19.20184418031949,0.1003136091044125,0.0566668243459728,0.6775178553461818,0.950231243312583,0.2723156405357894,-0.0974830270762725,275.700890315101,-0.4699942400116419,0.1424029357984542,0.3309882209322912,4.349461213525111,0.4701448160405421,0.1729695487036293,0.9327556045472944,0.135569748445566,52.67055022921306,0.5008114854400143,0.0382647551886876,7.257447914330013,0.0944146482229071,0.0515959728812193,0.2378408460701794,0.9553919748932268,0.2297887287055437,0.1973987705946611,98.73041136851384,0.3280313796405614,0.1156885803132329,0.3129429997895011,4.141291482556103,1.9015934572165785,0.1733087021170501,1.0061589725851654,0.1332677088570008,765.6496164730338,1.9094372350599784,0.0330414879385804,27.670374346456423,0.0924435746818762,0.045011358398319,0.9708699358961608,0.9662473038490068,0.2134193774167954,-0.7127098535962392,399.3346260154815,0.9940689147696832,0.1055950116684267,0.2730019123833954,3.1855839202623586,0.8735214417957095,0.2183282892227449,0.9965173479439796,0.1745379906709205,0.1399410998681375,0.4635671802796761,170.20079250000003,0.9002666073368013,0.0381506618324082,13.04610257893138,0.117363044615871,0.054681756691689,0.2766539532291678,0.845708927339776,183.439502777099,0.2588498052075771,0.9685322212568672,-0.0300535438227791,0.2630704167259337,4.236629458947655,0.0204683237021837,2.038095323695242,2.7213227025074445,2.038095323695242,0.0520814487340829,9.94070336193795,0.9829539925647068,0.4129099578341746,1.819795759302004,0.3358697744765131,0.3156565641160456,0.7460712936316003,238.53507417000003,1.0657773245718023,0.0930134553025624,15.444580737915809,0.2309413601857271,0.1237811244991508,0.6203966786378037,0.4568722846548579,206.4203384385884,-0.3611046464610212,0.9545043517160444,0.0860796888973673,2.038095323695242,3.3621561416570422,2.038095323695242,0.2187242454422293,12.59302678066983,2053.1658536585364,42.84309957569583,451,23.94374776918498,12.834146341463564,1537.790243902439,864549903,2053.6106252159875,29.823529411764707,29403.22946548559,17.838880918220948,55.49147611632464,27.449057412220984,24.0,1.6858097253094024,420899,12.699180509937838,0.1581376804455233,-0.044960377237626,4,15,200,0.4048780487804878,1.3384424910901014,1.23332438599655,190.6178959324615,17.294118719294183,21.32869250122085,18.254903092588304,2080.579389871187,130.69494987596337,1.754205087437395,0.4755724489471593,2.810302726200456,0.3724052560246935,676.9717826585137,1.81722353573302,0.215215668089215,26.01868141659976,0.2528973453146753,0.37968539765968,0.8950470141567961,0.6791351915334316,0.5764859855450817,0.4351297732625028,359.6120429246659,0.4927589763796405,0.2973575855700712,0.8309415369793629,1.7431909068835163,2.6172898268786056,0.4511416135542826,2.0591171596896807,0.3529309031639129,1445.812103883853,2.6556999021284646,0.1884426671745988,38.02383599643588,0.2297614370725578,0.311844891916256,1.2595409755873392,0.7603530705297601,0.573684747506988,-1.3314022056198302,536.5444145101142,1.2866800892517296,0.3196938631941006,0.7120780090177411,2.2104969874867115,1.499496670456701,0.3226271726566622,2.179413549418256,0.2127335959984872,482.17451594313206,1.5336462465245018,0.1788696983881592,21.95847253210323,0.1580216323802235,0.3131520634430319,0.7165218732007992,0.5269002821647052,0.2378855634550283,0.8703188941575049,307.3968174436237,3.243528308075859,0.1177798911418761,1.0174977643044412,1.57532577710267,1.2820517762219683,0.5636183809775315,2.87957094235455,0.4498351656302298,0.2982702913382572,0.6728484323636363,401.75343376,1.3999188717957038,0.2582891452629141,20.043787909474595,0.3020430758735539,0.4405989028581473,0.6030016109814446,0.7731509299108119,262.82061412550354,0.3847311188918461,0.6921158091051235,0.1954809515847158,0.8114368676722782,2.0626036898401443,0.0967029313025914,1.9215687465882425,9.579453555070971,2.882353119882364,0.3231246767811045,151.98404647280023,2.4825773983470047,1.5453294021578563,6.08181768306047,1.3786445967961385,1.4388728537918642,1.94195771551368,1750.61482453,2.922256749483597,0.3679172450687154,41.84034924005773,0.8713353954807003,0.660050790314916,2.87026132119066,0.2491109632716805,508.928366661136,-1.3325792879398228,0.9087100963419156,1.0807521050690516,0.9607843732941213,4.369480626398031,0.9607843732941213,2.1297714180237874,62.14923922703291,2107.941463414634,119.16443774607475,620,93.34148720999406,81.9414634146342,1580.1731707317074,913797362,2111.2906259719607,91.75980392156865,30229.081395239253,65.31542324246772,117.88219027619787,27.74826906874813,153.0,0.3317565005458281,432128,-0.1541332711365428,0.5094149103414294,-0.0079694002291638,28,88,203,0.4341463414634146,1.014340471624383,1.715329615999262,1632.954907112112,1.9215687465882425,15.461468937163684,8.647059359647091,13323.554611811942,221.80955531628751,1.2387995950988042,0.4891344299573414,2.56390860884626,0.3759925622949114,363.40551762369455,1.331431501079497,0.2380303336063227,19.063197990465675,0.268399248925779,0.4265709611367911,0.6879012293163183,0.6153961185855914,0.561894378413865,-0.0972196794444024,253.95391699525487,0.074547536314359,0.2909057120197411,0.9030911510148592,1.68601193459163,2.4723809658010203,0.5089230429166705,2.487718985124537,0.4162328381692398,1305.9334095880724,2.523966496615868,0.2100410654216011,36.137700668250496,0.2668042663793153,0.3750550192540695,1.328166817765625,0.7280667698291636,0.6603005213752873,-1.0659011765564606,506.8380979892092,0.5323260979588826,0.3647833249039522,0.7501803716593415,2.215030888784503,1.5180296255982302,0.3992859629662129,2.8412423118579526,0.2548305049796645,504.9284317250088,1.5694156621525728,0.2191068008551502,22.47061262460392,0.1919797464565364,0.4001947062785076,0.7152456053829952,0.4974924412468758,0.2619557540143113,0.9665974801124064,311.1960732476372,3.4439870886642514,0.1379111940526058,1.0404250696951247,1.4678178598476943,1.276283126468967,0.5969640310607156,2.840727699884332,0.4820949826121888,0.3481581294992699,0.641713498604074,406.62289197000007,1.4083771875079074,0.2666739533469723,20.164892560338625,0.3234229347390841,0.4351879991152139,0.7648215302537255,0.7605973582073574,261.6380409261382,0.0269706499737161,0.7307376481496959,0.085448396493436,0.7483763972969072,2.088583991501612,0.1295125092427957,1.9215687465882425,7.404592878954812,2.882353119882364,0.3988801356834915,89.95240694542652,2.796568602303796,1.4289893656466384,5.7382718942769575,1.2323972169696256,1.3313426197331892,2.0552088173815912,2019.83333307,3.1389242627324943,0.3861584696672943,44.9425559249805,0.8087398967148085,0.6814783754629697,2.6219836040438738,0.1384806958349828,573.2965634722782,-1.0290174306609765,0.8853118944412879,0.7360300040178446,0.9607843732941213,5.2695202272578126,1.9215687465882425,1.6015024266388338,66.44058124638761
11,2.9045812262851625,0.1025643352537743,0.4232689951444128,0.0836526737795707,1858.354020007072,2.906383272609597,0.0269663609550931,43.10863045849488,0.0578554557802614,0.040664582968558,1.4667012130511936,0.921218484688154,0.1420705485180704,0.0597655406674335,639.0078697827357,-0.7206224049296721,0.0717452502603244,0.4370547986904255,3.5968152692889737,1.6546779256875417,0.1369283368809156,0.5572260985727662,0.1135997436644026,606.4571002142507,1.6603081589849664,0.0314150939144697,24.626349713553783,0.076885708225411,0.0469282824824349,0.8317470329284891,0.9411842747148756,0.214362753577286,0.1745836660366773,364.0291436512592,-0.8497571465002438,0.1067343977463856,0.3778530600438346,3.895680082813541,1.5783427387203852,0.2006043881848897,0.6514004696027023,0.1787702006436851,556.8695005941292,1.5909824017570362,0.0237385947273405,23.59808256181272,0.113907569872837,0.0362361135355852,0.8260384729338555,0.9836355103065036,0.3895162153924987,0.1069927303789061,347.2354025184848,-1.420078782670452,0.1943085836409432,0.1987829212921612,7.942845024165152,1.002356667895594,0.2137524325643656,0.963997897272152,0.1703149541512723,0.1567005317825933,0.5063414078307199,231.04428816,1.024793301021324,0.0332542142095964,15.200141057240224,0.1131457295383425,0.0538038116368832,0.2556092927119912,1.065543144805593,220.51846693703067,0.3001888844419653,0.9682456387832228,-0.370006098903714,0.2775122519984734,5.47934387427732,0.0252844867910163,2.00000002,3.002499989403208,2.00000002,0.0608236639363978,22.22377983370213,0.5877479024864636,0.2694451923412894,1.2221588304783315,0.2256279171348278,0.1972623730995354,0.452860500407266,91.89802717,0.6463113068159816,0.0482123383784637,9.586345871603006,0.150469098969488,0.0695503340559988,0.3761796770973067,0.4265873702802578,129.304538547022,-0.5624683663455508,0.9666346962927256,0.021228578216928,3.00000003,3.328003077230276,3.00000003,0.0813887870837178,18.110205744708512,2050.7892156862745,5.399295828247885,78,2.9899557862360653,1.789215686274474,1543.1200980392157,857976145,2050.796288436925,3.783251231527093,29291.22983078724,2.08789722785666,6.572820585057054,27.43774237877806,4.0,-0.9169213182425274,418361,27.96636890161052,0.2549294225922042,-0.0732631082975885,0,0,184,0.5343137254901961,1.2462284352200506,1.2592953842950263,2.3242538953280767,14.411765498529457,21.016413348285848,18.529412783823588,41.797839394433446,121.68503634898838,2.019149883051885,0.132445961732985,0.683966468030001,0.1034370015568114,835.2621274008152,2.023467863135279,0.048046331991716,28.900901844074266,0.0696539541400539,0.0913398515801858,1.01146418566407,0.7608665596041954,0.1428074721668828,1.0392418054956056,411.9065761425845,0.5177179066486053,0.0837470799414474,0.7051303835640644,2.33575518719576,0.4697807366999403,0.1317483516757022,0.7262312506272435,0.1023755673151161,48.54516239552578,0.4878180832349378,0.0488763960558917,6.967435855142535,0.0695444113938709,0.0947745366702368,0.2272046575921605,0.7399889342396293,0.168538349030887,1.1585694547937797,95.83527028678785,1.1977597776943436,0.0882558316496863,0.735514648173774,2.267277863125684,1.5944245177036327,0.1264640505737695,0.8004891884060528,0.0985418060575512,521.8532773872776,1.5994074843260009,0.0354521801870002,22.84410815477981,0.067504974343289,0.0726888782830845,0.8167283304059721,0.8342850829018117,0.1555792866312966,-0.4603178450667087,325.2626016115411,1.1062635198305617,0.0786266686902661,0.5871863587372049,2.6740333543208243,0.9831222887253908,0.2869624662976361,1.1441595110993612,0.2436248347385609,0.2295727286631205,0.4864817088807084,213.88853844,1.0239498169573833,0.0476357407942249,14.62492866444141,0.1585703067026448,0.0691549937122232,0.4252295181680351,0.648978157110376,200.5569468999797,-0.6717007127740038,0.970921174802118,-0.1384107250100307,0.2463095010553847,5.709835497097713,0.048355611652978,2.058823642647065,2.59360156428218,2.058823642647065,0.1028505571235322,17.697470683319306,1.1948800070225072,0.5946064274300557,2.797117093050424,0.498139095645446,0.4425270063315225,0.9086338171011624,363.0306302800001,1.3340022163164704,0.1248555135712376,19.05336270268322,0.3316260932064225,0.2322116168451744,0.8442008468505027,0.5111998887699907,243.75552143259148,-0.5141046755706133,0.9235948330210124,0.1014150457428314,3.088235463970598,5.032275450600038,3.088235463970598,0.3715090513394302,65.1762842764107,2045.449494949495,9.165426913409467,91,5.144883175186202,2.5505050505050804,1534.0454545454545,828421549,2045.469925755868,6.50761421319797,28782.31312803056,3.885863713274881,11.526618938892556,27.406616049240565,6.0,1.8619212258055773,404999,13.029088114336194,0.2089060266885178,-0.150660935310956,0,0,184,0.4343434343434343,1.1693859422918906,1.3693313586651696,3.0257309119008653,9.7272731358182,24.57140993258834,24.85858690264651,55.47639297872406,215.7484677603279,1.3220347683784814,0.2066007982189389,1.019014615712274,0.174460494165362,354.4683601981724,1.3380000909660332,0.0488363071873213,18.827330139936794,0.1155469049013137,0.0842556959778335,0.6634413893449321,0.9165738953096176,0.3202057971366381,-0.1295195976992841,261.76288413893934,-0.636243685001201,0.1581723683772716,0.3696210713984157,3.148557500104582,0.4830373896608541,0.1913363827808708,0.9327556045472944,0.1501544409437281,53.41046716346019,0.5193744642922772,0.0426993667388564,7.308246517699043,0.1053481600798393,0.0614501657603077,0.2479846125344875,0.9479870137202904,0.2352976569255928,0.4218965354945832,95.64140315284912,-0.0722890448441511,0.1160023870862479,0.3057303943611443,3.94374925755296,1.9140289032566649,0.1856877577992819,1.1503665326229229,0.1400198435208255,732.1668640644941,1.9229696941892167,0.0370291034753564,27.05858207786384,0.098549555909571,0.0514726707690213,0.9660835385940342,0.9610286366732372,0.2006980472998412,0.2967449718681144,378.97772284481965,1.2110956440918126,0.100041362749079,0.260477099239266,2.9801482642070822,0.8875043421394375,0.2353003886531268,0.9965173479439796,0.1949494658920773,0.1649194429709216,0.411878315784316,166.86461930999997,0.9180144893060008,0.0397774790872685,12.91760888516137,0.1297974879646314,0.0564883598464753,0.3347601080969931,0.619676203279766,175.72585974360862,-0.3235191282535314,0.9710541276917096,0.0465556863936417,0.2364369317935516,4.606583802971214,0.0230807334342407,2.1616162524040443,2.987072699828617,2.1616162524040443,0.0606376104335908,15.382361853106048,1.2882263569535792,0.8360576499428907,4.123339158456781,0.6180790493241682,0.4998846741109168,0.9328952458443464,466.28787668,1.5345974313029511,0.1132383413081815,21.593699930303742,0.4314322955477142,0.1473563783117389,0.8992428374517074,1.4205702007735932,255.0688186768087,1.736224949345401,0.9844636552937414,0.0909155192940561,2.1616162524040443,3.720379657897044,2.1616162524040443,0.2496897698277032,13.337474548831295,2053.256038647343,49.98375609687509,523,27.57469252491304,15.256038647342848,1542.1376811594205,873197760,2053.861403957596,33.75242718446602,29549.919796845472,20.367782937010457,63.6068400180938,27.44862845629316,28.5,0.8317143263159056,425024,12.11914416725676,0.186768004795317,-0.0642067441055512,3,13,202,0.4154589371980676,1.3170613825159283,1.2149323334931186,294.9378812878159,17.126214654058316,21.06384420254549,19.02912739339813,2909.320928352735,102.47476497363142,1.7579586099699267,0.4956196338585202,2.810302726200456,0.3895471488961456,690.3182214160581,1.826162817182571,0.1986274464313533,26.27390761603721,0.262779714590933,0.3800037171605704,0.8605296298249843,0.7055486654180969,0.6110037355784053,0.2479651321092409,363.8974322637748,0.5947530648925063,0.307878615387674,0.8081203233096318,1.7793253865653795,2.591946539429109,0.4768701641904417,1.9774149975556523,0.3881153671636765,1437.51014231449,2.6352406799252326,0.1774840201139157,37.91451097290442,0.2469546798257705,0.285290809523172,1.3362903081355195,0.8204788153173262,0.6292617776875233,-1.1651342110774043,536.5329336618255,0.5148460094046139,0.3495632484291016,0.6295198816066022,2.593602223595537,1.5147340053655425,0.3397503477956355,2.1001129939485352,0.2281945120391978,498.7233967096377,1.5521893478387692,0.1819533479780676,22.332115813546142,0.1697219705875614,0.3218206794536509,0.7545350064748274,0.5439255700962894,0.2588658639828782,0.75601185742706,313.5499391106673,2.1516483089241305,0.128592024777191,1.0000232425892652,1.5901392417988631,1.2621345435282607,0.575181288537234,2.792719131148745,0.4596379807247565,0.2926113101810653,0.6403636630540724,397.89931046,1.3864410882223273,0.2580993791705512,19.947413628337888,0.3126569310274913,0.450675519199442,0.6204753813183018,0.6999344665717719,261.26185051035,0.127644814881175,0.6929374272851264,0.2004953111042222,0.8235550516046651,2.0497943890152395,0.1142460146071987,1.902912739339813,9.58166647718913,2.85436910900972,0.348896967654774,149.6374133814301,2.654974658122253,1.5057087425599576,6.08181768306047,1.34490642743844,1.5533696730844984,1.9812228758053223,1926.15503649,3.050425674334269,0.3409887228209729,43.88798282548424,0.8499717157071787,0.5963396415442032,3.097514046703552,0.0359599690975269,549.5797542313063,-1.3813848657819052,0.9211672775178296,0.9116816103904976,0.9514563696699064,4.91139570605346,1.902912739339813,1.852000721788346,67.20559324477257,2113.639024390244,122.76809973592084,622,95.7624747174301,78.63902439024378,1587.0146341463417,918906024,2117.1840755484864,94.8578431372549,30313.46275172139,67.35908656145385,121.4779290855008,27.779524894995493,156.0,0.0415895176937703,433296,0.003214265700953,0.5094208287922101,0.021255446380143,29,85,203,0.4585365853658537,1.0123790215810589,1.6937231630431164,2836.386640497123,1.9215687465882425,13.323928552268178,7.68627498635297,15705.038332909418,189.33227070967968,1.213947318970736,0.4694868490962586,2.279939887679284,0.353203829342269,347.0672110141926,1.3011574791066167,0.2368083565629434,18.62973996099228,0.2566584202273211,0.4032926832134993,0.6088382421804911,0.6303650833678076,0.5055801017363591,-0.02221891092789,248.85920038900088,0.0951144627668281,0.2570154512214544,0.8948652361200456,1.7156225424824978,2.46053077344641,0.49408478227124,2.487718985124537,0.3964520856283297,1290.9138293534331,2.5094104150163155,0.2217409981652055,35.92928929652566,0.2562513936044477,0.3961960788143442,1.195431647969482,0.6772172147119859,0.6280829855431809,-1.1650790264072328,504.408808556514,0.8683282218352879,0.3452676450618845,0.8133642258397719,1.989617657120296,1.5174429700862953,0.3978953543435627,2.8412423118579526,0.2545959145008853,504.3372247838555,1.5684966000318554,0.2270549372449227,22.45745365761345,0.1903620976019487,0.4067161700032797,0.7614648890853595,0.4770698691917137,0.2277100504275075,0.9991594932021388,311.0758088676905,3.4526366720235706,0.1373245385406709,1.0593676782865356,1.4600363552188238,1.274205341530617,0.5991774730994301,2.840727699884332,0.4679710173322756,0.3120689582667888,0.6337177229735932,406.07663017,1.4074308546374013,0.2542258660312219,20.151343135632423,0.3179586176610038,0.4171595360548881,0.6099136318438338,0.948662013729152,261.2120950137765,0.4283214547853888,0.7555486975542548,0.0609870448316925,0.717470541123785,2.245096180575412,0.1267181158268717,1.9215687465882425,8.360394047440538,2.882353119882364,0.4382288911079296,120.4098847596888,2.688660512752028,1.556534119209073,6.032151729619798,1.3783590723233512,1.4724783676767104,2.006398463102081,1976.17443404,3.104814855671752,0.3982606094356514,44.454183538110335,0.8739624096441554,0.6892279879586424,2.8365676163620845,0.3502470137894102,551.1754051141656,-1.07824556668343,0.9018567858531958,0.9746486778137076,0.9607843732941213,5.540764098307041,1.9215687465882425,2.235879574760616,71.86348525598508
12,2.921153155442501,0.1065451347213078,0.4346896888900229,0.0859822691971896,1879.775925256849,2.9230867287671725,0.0305754604660737,43.35638275106503,0.0599425339509134,0.044643067759226,1.4555922391895606,0.9118617721935202,0.1390033495232647,-0.152584559714472,642.6536941973502,-0.6847572075621517,0.0717039793708895,0.4618998361560194,3.58214390725882,1.6601184300378768,0.136498164609249,0.5572260985727662,0.1128364664628904,610.3988574035444,1.665695128444939,0.0342776980121987,24.706251383071944,0.0765280218669821,0.0506735347335171,0.8492047743821538,0.9308559302322572,0.2018480225258485,0.0369122214570227,365.2260546083329,-0.7309467770514311,0.0999411110903415,0.4092022307940108,3.6610658930128617,1.5658511004478477,0.1807583014258269,0.6470442970347059,0.1574042754247537,546.5712375442447,1.57620262533413,0.0267211651886103,23.378863050718373,0.1029313328146439,0.0411315779426618,0.7725935385433788,0.9740736656865756,0.3389263634461064,0.0555842784076255,344.4872420985265,-1.2761888594811532,0.1711308287587526,0.2508297026263469,7.00186565166976,1.005574108952701,0.2455155112219488,1.1815181964732002,0.1964969139649031,0.1730398574052037,0.4910715717907816,235.66029620000003,1.0349797894381585,0.0412095809752323,15.351231097211716,0.1294498104223017,0.0680469563842099,0.3240070070475531,1.1533073560052025,221.22630396959423,0.6017157279137595,0.9615117208807742,-0.3721565242333832,0.3054737135201316,4.541093329553758,0.0327603082318717,2.00000002,3.222246969914805,2.00000002,0.0796538561906154,18.489710246960943,0.5447243179026999,0.2721756688872654,1.2221588304783315,0.2279749403494988,0.2107787235314012,0.4145971888423097,81.5028394,0.6086603747724849,0.0487424189018932,9.027892301085563,0.1528442371877648,0.0680702914086758,0.3932141312001029,0.4228448029777572,119.83934993859398,-0.5905107231215325,0.9686953049884206,0.0244450159354256,3.00000003,3.259107290397539,3.00000003,0.0611617692371139,15.57780096084382,2050.611940298508,5.402652748087564,78,2.967104774634292,1.6119402985073066,1535.3955223880596,845212713,2050.6190219380896,3.735,29072.542252097595,2.0774378109452734,6.563916513789614,27.436712248102385,3.0,-0.8589827114436684,412173,28.20344911570384,0.2615170992042706,-0.0822470189223594,0,0,179,0.5024875621890548,1.237565175158542,1.260582477100652,2.441223588264179,14.280000828240048,20.965055439981786,18.36000106488006,42.57210758356648,115.02211193865853,2.030537723894457,0.1363340286362138,0.683966468030001,0.1098237296071206,832.4571665526914,2.035086716346066,0.0489374031621331,28.852333814662053,0.0731516827050382,0.0919692154128729,1.0138766106024024,0.7723041963144719,0.2018595316583038,0.836164930913056,408.138082502786,0.0009563363646249,0.0934012018824357,0.6877168738287721,2.379229426237466,0.4795205123395401,0.136005213499508,0.7262312506272435,0.1092745727904948,49.91740789243873,0.4983425658096096,0.0505644246846795,7.065225254189617,0.0733166441345551,0.0957132777716714,0.2446580424205395,0.752029154021284,0.1972131967395414,0.9338644453788874,96.38362298024757,0.5736248753342461,0.099732744662502,0.7175578213620619,2.3063157922153628,1.581041404293379,0.124306727844007,0.8004891884060528,0.092476589924396,505.5285088575428,1.585896342213602,0.0386627573053344,22.48396114694968,0.0654616407792109,0.0746203491195414,0.7884424470920097,0.8182881055859741,0.1436882819020799,-0.5011623165216866,317.7893222629692,1.3505644511742867,0.0697216553760042,0.6114250501669024,2.5217382000825865,0.9896731919134756,0.3138817474365659,1.1807402603845438,0.2713308658460697,0.2680754854315327,0.4699753970365131,216.57440866,1.038019566385434,0.0510364430392466,14.716467261540728,0.1743924422796912,0.0723616653745652,0.5084272288743261,0.5682011945380442,198.92431157460857,-0.9073597764378144,0.9734009511322989,-0.172559696162203,0.2335766892467641,5.741773088590736,0.0583398411842604,2.0400001183200067,2.5305006100483283,2.0400001183200067,0.1156942095853349,14.921309112272482,1.1145488294853705,0.5589951207535307,2.797117093050424,0.4394763374977427,0.3618092436120741,0.8418512352161286,312.18114675999993,1.24625038962154,0.1253081082150989,17.668648696490628,0.3066007602011267,0.2356794127363753,0.7258704796120127,0.6664247910862476,224.02431472655945,0.3149417246980426,0.9107271238578596,0.0980112009201165,3.06000017748001,5.2263647340482144,3.06000017748001,0.337182241687585,69.76884865624395,2045.183783783784,9.997214653220254,91,5.92952520087656,3.183783783783838,1531.162162162162,773832081,2045.208085626867,7.103260869565218,27817.837460881103,4.494800235017626,12.108881038312337,27.40504731616189,6.0,1.5484303909025852,378359,9.58991200452668,0.2659302795242613,-0.1771527772972614,0,0,173,0.427027027027027,1.1012107637827266,1.411742972446974,5.1422141138951085,4.478261268130471,19.847892289856524,15.673914438456649,90.24967583669776,186.05718555936343,1.3221245513089868,0.2372939264891787,1.1303315661723383,0.1964253185355281,333.7432128861401,1.343137136316359,0.0601720269669844,18.26864014879433,0.1327987641307192,0.0981478990164194,0.6576853821921231,0.9143543211547518,0.3370376994104687,-0.1672883849902378,244.59304199216257,-0.5995414873369063,0.1758974964020681,0.3604118235843711,2.906489194813827,0.5056003142651796,0.2170193887032059,0.9327556045472944,0.1805482687421323,55.95778476368677,0.5499768288174919,0.0496214666427543,7.480493617648957,0.1217374650797825,0.071272061605307,0.1930403406346928,0.9457293747739132,0.329509987256416,0.2950796309478331,93.53605813905824,-0.8059933454525328,0.1666420868309238,0.2958776690127482,3.7318182093934062,1.9227848195434392,0.2121771899246194,1.1503665326229229,0.168185432984427,692.2472959454115,1.9343932576858829,0.0414617087483079,26.310592846711216,0.1153060645462792,0.0549937201657421,0.9005503258682939,0.966278940019698,0.2801919958670318,0.361791946871027,355.71519161553624,0.2488046416856772,0.1415940450456385,0.2368140245535164,2.9040952065808616,0.920461477129844,0.2381824295940754,1.0988707527774646,0.1883043196171115,0.1518690735866782,0.4487524078095345,167.17960625,0.950617455813482,0.0468062555371107,12.929795290336193,0.1308683181201747,0.0664291278472057,0.3069607829494465,0.5492569492882606,170.28537326902114,0.1587138028209676,0.9610543979541798,0.0602829863023389,0.2565145567396626,3.7567969357382593,0.0241089256103574,1.1195653170326176,2.805066381954339,2.239130634065236,0.0666586953733341,13.846068929837816,1.454382281422763,0.8394975595377525,4.123339158456781,0.6322338836000211,0.50428947542958,1.119941622927327,520.99227885,1.6781461438951824,0.1471521862696818,22.82525528553843,0.4439941022430462,0.1850221626197096,0.8791508390280216,1.147922406693243,269.0607220632112,0.9914341615798145,0.9756832943823498,0.2283496122908319,2.239130634065236,2.453079399994123,2.239130634065236,0.6726788009318146,6.8319290006590165,2052.995215311005,49.49897994361324,505,27.58311393969919,15.004784688995189,1536.8133971291866,881400606,2053.588999752459,35.25,29688.39177186936,20.488337320574164,63.8688560194307,27.44716760392013,28.0,0.5855726425381631,429076,10.9774233973345,0.1652905963434052,-0.033381746778706,7,20,205,0.430622009569378,1.3470940261405482,1.2173063544669476,112.15403270437795,18.519231547038498,23.04538078378657,21.605770138211582,1478.2448660661544,118.91424558088444,1.800884164979274,0.5377070272067568,2.810302726200456,0.4361248918487254,737.964209314043,1.879076696456978,0.2611694497278213,27.165496669747142,0.2905832752264429,0.4353128288863298,0.8860527996272686,0.6722494236628438,0.7250943972104653,0.0356962647391574,376.3847904806682,0.1573048649615498,0.3478078081998546,0.8473150561560873,1.645467899077417,2.52113112896491,0.4988014853904967,1.9774149975556523,0.4217846716763235,1380.1763611522745,2.5697693761623044,0.2127703652718678,37.150724907493725,0.2699602412927556,0.3194044486177729,1.3029267377506024,0.7942449533376872,0.7613284666721953,-0.800956196018192,526.9164059536662,-0.28170382646663,0.413547045857856,0.6704804611037569,2.4594030514424925,1.544998905623195,0.3774139782695281,2.334290960208128,0.2630037762952824,528.5153109273581,1.590214259776628,0.2134347879979888,22.98946086639176,0.1938463599232555,0.3489837589923127,0.7734433767167305,0.5722974458648343,0.2660820415775178,0.5837594135653223,322.9047712752477,1.5374702402276696,0.1463262473136588,0.9721321956171068,1.6127026354821492,1.3293680406316788,0.6371169139416168,3.0274533570524653,0.5167255293099935,0.3763635502113824,0.5697997907697812,453.77978808,1.4734975935771024,0.2911062138706393,21.30210759713696,0.3487863883802117,0.4802302170904794,0.8604810102366462,0.7144722725530995,277.8379204920209,0.1056411670044439,0.7157152747246943,0.1206883803726725,0.7898325259890215,2.1319543347185506,0.1354058656977269,2.0576923941153886,10.107590300959805,2.0576923941153886,0.4291004992111765,174.889909852478,2.770737605622712,1.5200127054041317,6.08181768306047,1.336782732177998,1.5094315101950264,2.0362949573510623,2085.06149167,3.1585393417750347,0.417592728459886,45.66247356057269,0.8577932631262182,0.6895094672516607,2.9834118351074763,5.760575698479352e-05,579.0841595751468,-1.228883042023551,0.8968176186706225,0.9333591622017,1.0288461970576943,5.534470772113703,1.0288461970576943,2.047697954461217,95.0249256384159,2118.6878048780486,125.15472814880368,679,96.63447947650204,76.31219512195139,1585.6634146341464,923407189,2122.3631433369555,89.23529411764706,30387.61571759127,67.58290291726446,114.48370891896865,27.807444092966968,153.0,-0.1536852074204611,434331,0.3910991392953873,0.5781451284999031,-0.0194574543607041,27,81,203,0.4439024390243902,0.9404107943737384,1.784295221266022,2690.6693669715714,2.0980393038039256,13.864804772828249,7.343137563313739,13677.674762674964,211.9577314528788,1.2196280791878806,0.492661888966023,2.941449542027076,0.3690092874518002,354.45000388169365,1.3149237275138788,0.2455720414071403,18.82684264240007,0.2678690954795029,0.4655671890857153,0.5820824116390247,0.5494359347376483,0.5685652545469748,0.0613213506441501,250.0237562335155,0.5719364581847124,0.2858143731329565,0.9706812000448288,1.6951102839720646,2.4777473306173463,0.5005917707913337,2.487718985124537,0.408589119864335,1309.6633187289203,2.5275683086269343,0.1928985056365608,36.1892707681285,0.2597925604701459,0.3270534428792742,1.2126434925759582,0.7865095306228613,0.641694349940007,-1.101486874585765,507.938202776556,0.4970528103520744,0.3594169600876262,0.6722197992822503,2.399940928769305,1.5278042210438847,0.3812843979819805,2.8412423118579526,0.2331010851350933,508.16514585457406,1.5744377949040451,0.1923722449552794,22.54251862269552,0.1749419913398776,0.3592518014222111,0.7568493342975985,0.5539084030566243,0.1994287408036974,1.1274041429932715,313.1998653139964,4.4498831918486665,0.1234592193212678,0.9903106405178504,1.5649721658084828,1.2756069924158333,0.5793684540187589,2.653070760706224,0.4594592785513586,0.3134706091520052,0.6364143556631303,402.04673814,1.4004297914150952,0.2310116265140676,20.05110316516276,0.3129917717236074,0.3876747488550018,0.7246106942397186,0.7708065697289176,261.4994334452458,0.1242462720295582,0.7754157847944295,0.0343171823547798,0.6945305207880091,2.3610644993122776,0.1184756720559773,2.0980393038039256,8.790676933101228,3.147058955705888,0.3682069245940527,153.33453126348851,2.6667024694652364,1.5216710502047055,6.032151729619798,1.3482380908278235,1.4314056589779751,2.0231556039987977,1930.17541058,3.068467012647736,0.3411383236018909,43.933761625656416,0.856537859492371,0.6150641748018709,2.747375898457539,0.318996801188648,546.6740062403735,-1.1520708024413642,0.9178568530462204,0.9194349503516752,1.0490196519019628,4.841423341805938,1.0490196519019628,1.9924267995277063,67.30911221528164
13,2.921216576188966,0.0953049206120375,0.4906310301929828,0.0745453789240195,1879.360565808799,2.922763765069567,0.0285866545888692,43.35159242529389,0.0521879862871523,0.0415704855376008,1.479510295580122,0.9031439101822936,0.1199677161103625,-0.1778506367984349,642.6676467615725,0.163316186739165,0.0609350165199851,0.4805542228229419,3.4694754651906328,1.6512690636884304,0.1210439712104463,0.5490930134506837,0.0974545294576931,603.0804043624231,1.655679487486555,0.0316516014311822,24.557695420426224,0.0675568673497972,0.0464660235530483,0.8379672763314925,0.9260425258934664,0.1728513034554015,-0.0557361109544003,363.2791940114547,-0.3855254488562316,0.0878336657068644,0.4231507259710008,3.3576428553382804,1.5537962707636372,0.189159841901618,0.7646843181666094,0.1654878268722193,538.9783638562026,1.5652161684226973,0.0273387684795946,23.21590756046816,0.1069246240157064,0.0417161882293736,0.8166162905869946,0.9755092609836092,0.3446848277243912,0.068692668746669,341.83517956800017,-1.2241003715671146,0.1740733676067818,0.2426466272762367,7.2723208566153,1.0245529358545975,0.2585438733952633,1.1815181964732002,0.2181328811109051,0.2044753429087513,0.4828509224918957,245.57495869000005,1.0565272415926024,0.043799440791495,15.670831461348822,0.1398936709938382,0.0692752519531744,0.3900980490824264,0.8834938985830345,225.40164588801144,-0.2044387517671309,0.9638692506995004,-0.3609359117168057,0.2951005998909566,4.705491858690658,0.0336939590202073,2.00000002,3.389367641597907,2.00000002,0.0774278195958372,19.17919561762828,0.5390673366245154,0.242334491639886,1.0650960000253955,0.2001008381279963,0.1730092319397057,0.3868098558879585,76.79158583,0.5908067897914143,0.0447392862905231,8.763080841233863,0.136153029654044,0.0653859320610667,0.3546084629661818,0.2210861242190092,118.5948140573934,-0.5297647029081811,0.9635351712405288,0.0168899344164321,3.00000003,3.533777545728246,3.00000003,0.0523889266004954,16.042043719778064,2050.70297029703,5.433532434386633,78,2.830604842662479,1.7029702970298786,1537.9653465346537,849493234,2050.710132979537,3.626865671641791,29146.06721326224,2.000935914486971,6.4949272206846205,27.4372407149086,3.0,-0.9926863899915992,414242,28.22812888346479,0.2846015772605737,-0.0603727704481755,0,0,178,0.5148514851485149,1.2216980668933757,1.2569431647801783,3.22550531764806,14.13861468142579,20.29095765934875,18.17821887611888,52.65230116213413,107.27237436857108,2.028479420207756,0.1132244457826311,0.5564146025697367,0.0912365055422988,833.7519839573708,2.0316212907665383,0.0400111702413343,28.87476379050348,0.0623560462736198,0.0655449794397951,1.014635343178994,0.8311986154456619,0.1609933747497538,0.6450941473948152,409.7528428819666,-0.1861545130803148,0.0809052520639829,0.5925532247231515,2.6558668215808936,0.4820741382115785,0.1146720013012996,0.6684441623928367,0.0917553066906735,49.58696914032359,0.4954594284592096,0.0424101617266947,7.041801555022946,0.0625103029417294,0.0775193691009042,0.2405049029831169,0.769902852883361,0.1527178124647782,0.820337901767334,97.37897591873886,1.2241637613139194,0.0752677820096286,0.6919864827153251,2.3521301407117496,1.5677499314109746,0.1404639467330396,0.8004891884060528,0.1052419032450922,500.4494033693977,1.5739988227149058,0.0406722033705777,22.37072648282567,0.0750333500051617,0.0765938583782597,0.8009444474314134,0.8510780832829948,0.1552000616057176,-0.5732289412266186,316.68548614501685,0.7234535687999766,0.0763248206685756,0.5573919919819564,2.6833723352523493,1.0134571422064096,0.3217165860833409,1.075151882283909,0.2806364396971803,0.2836028569444377,0.4732940357757884,228.27708049,1.0630543527408127,0.0486351606050862,15.108841136566364,0.1805896986152353,0.0727050030664617,0.549234785697253,0.4635929935720169,204.71834272569475,-1.1095123498101993,0.9743133413972884,-0.2069934454722849,0.2301498604431255,6.003972602976252,0.0484255372960641,2.0198020973465414,2.733971040842448,2.0198020973465414,0.0925905454289784,18.96005399392688,1.0390948261596835,0.6057315297965845,2.819078209728831,0.4740451326970858,0.3865011092471021,0.7595490254832084,291.85209559000003,1.2020034752054345,0.1304294728813818,17.083679217018798,0.3280213828838939,0.2487518527275973,0.7446458467589125,0.901947138445689,209.89715488425605,0.4301820073105169,0.915513780599774,0.1121161023773284,3.029703146019812,5.351516634942529,3.029703146019812,0.4404534188682904,73.00941335572317,2045.3513513513512,9.447843715965872,91,5.829656683710722,3.3513513513512407,1531.2135135135136,773956922,2045.373053926772,6.510869565217392,27820.08127234714,4.299647473560517,10.857275661168812,27.406037478208592,6.0,1.5548939210876311,378390,10.76648624614256,0.3364623223944515,-0.1438567265113857,0,0,170,0.427027027027027,1.0068963513051226,1.4584380164916886,6.144523173045482,4.478261268130471,19.40892727792699,15.673914438456649,103.678609646016,200.4487277546612,1.252342015287403,0.2248591766464122,1.1303315661723383,0.1876859686790948,299.45004027727794,1.2722613199982402,0.0622184608140602,17.30462482336089,0.1253511721283222,0.0983012185310381,0.638786855440052,0.90405509233915,0.3286623144020069,0.2634106072967049,231.68327282816955,-0.3127483917170619,0.1663062712019489,0.3810770383911354,2.4697108118502995,0.5675703715710807,0.2565246623092985,1.0503604297207438,0.2255891190724467,71.70328547340043,0.6225635123288591,0.0514123560746375,8.467779252755733,0.1451766072846091,0.0720322476021889,0.2562411069783589,0.9603117019713834,0.4435495956250517,0.0605379714019088,105.00051874064992,-1.1814835656275404,0.2224392944443715,0.2535300171598555,4.058453250489651,1.9483383683350493,0.250322201750118,1.1902934478602047,0.2109433173674826,713.7938052051804,1.9642670116358865,0.0441375594074926,26.71691983004741,0.1391690416530357,0.0574403007688555,0.941505437582734,0.9735975167681749,0.373542629795746,0.2834683038746985,360.44259814198415,-0.6105825206052806,0.1823376264112925,0.2119328165256449,3.558231779128537,0.9409802592645012,0.2708147570976768,1.1612941716266298,0.2162969912977207,0.1752800176555541,0.4659300036510225,177.30178835,0.9789729542408896,0.0512632958475546,13.315471765957074,0.1495659793626954,0.0692362072948024,0.3517229160796711,0.5951460463703383,174.08134796393273,-0.1210886004845375,0.9672883414802276,-0.0463435243841749,0.2375772587348351,4.019068131924446,0.0259906357769121,2.239130634065236,2.600536959946772,2.239130634065236,0.072257313035209,10.354382629847372,1.3990461703545682,0.8625302219185286,4.123339158456781,0.6664310027367937,0.5290199121301398,1.148593231191598,498.99442716,1.6423358894689717,0.1529495002566398,22.33818316605001,0.4543480354519714,0.1923995545042702,0.9297216315089236,1.2049491074867908,258.82354151559514,0.921625520617038,0.9751129104454048,0.2163313426175965,1.1195653170326176,2.6932383060514056,2.239130634065236,0.7219897158176125,7.082424875587951,2052.154589371981,52.01283696759817,587,28.39030082382321,14.15458937198082,1542.3719806763286,872304360,2052.8104453742635,37.01456310679612,29534.799135934547,21.286032550068008,68.30204903890235,27.4419530691595,28.5,1.037801905424653,424796,13.315866847092778,0.1370001974342924,-0.0212236872086282,8,23,203,0.4251207729468599,1.354819553389873,1.2122933372954652,146.60496600684405,18.69902991157285,25.0868104412244,21.81553489683499,2590.6978772720345,190.1360595744436,1.7462824664995904,0.5145957911248797,2.7986720522608453,0.4180992712954477,685.7976263485546,1.8201736212091624,0.2338598642873139,26.187738091491493,0.2793200638920834,0.3989615820145276,0.8900502059168913,0.6988830297028615,0.7291492549241831,0.2033171072254164,361.4804705654152,0.0593037983963435,0.3485864825527474,0.7996550076742398,1.702292589913306,2.569115120129398,0.480581706422344,2.1031195499991515,0.3972205495554366,1413.8504755676895,2.61346427833698,0.1876862640181244,37.60120311330064,0.2538037242536278,0.2929346794377251,1.3051137606055911,0.8138674731528764,0.6803309431508975,-1.029464361071355,531.8068298667854,0.3534045059504906,0.3746729086119109,0.6291888593100184,2.575806139722528,1.5042387913194308,0.3456012892244313,2.2282098506878705,0.2351600924169345,492.9907003805988,1.5432425559126162,0.1755383401613217,22.20339389329025,0.1751813286165068,0.2873216998843411,0.7959394694004457,0.6530038900489671,0.2802187328953862,0.7181703321765678,311.3774298031222,2.2568069743177395,0.1414582604070269,0.8564601210058362,1.6415306683589317,1.2978098573292909,0.6094403600380353,3.0274533570524653,0.4810189541940576,0.3412240221843208,0.659682776285951,425.16427394,1.433155152288614,0.2568835188441508,20.619511971431333,0.3296033554945607,0.4425356473246554,0.7071045612504363,0.8402583758486255,268.6466404671632,0.6675644910781644,0.7353900505196486,0.1665640675406376,0.74871150378018,2.161066413662889,0.1256766094025946,2.077669990174761,9.222397396890306,2.077669990174761,0.3653103346895041,153.84315646069325,2.734078870960611,1.5453567645631712,7.316632360311161,1.361060786086668,1.5151642636152072,2.097295944608408,2039.3180365700005,3.1387542042097607,0.4138542096076835,45.1588090694385,0.8680003571374915,0.8005223462799779,3.028959196896434,0.1408774183373276,565.9543262888465,-0.949180668472046,0.8636351693954761,0.8940424960251147,1.0388349950873803,5.023365660575024,1.0388349950873803,1.8203255039466288,88.16726038820458,2117.8529411764707,129.61625035403114,679,102.32035755478664,83.85294117647072,1592.450980392157,918411896,2121.79619616004,89.07389162561576,30305.311349662785,70.75161788853472,113.52389562046966,27.801165532497915,168.0,-0.1129544769746801,432042,0.040861479982154,0.6160084446313085,-0.0232021235509087,25,80,202,0.4411764705882353,0.894981036162379,1.8735826989890447,4916.372670687412,2.0980393038039256,10.778119523640072,3.147058955705888,17623.9141348572,186.84471086925024,1.1810100222352962,0.5034211361646931,2.941449542027076,0.3863727294344533,335.98293980300593,1.2833453140572784,0.2881802524344467,18.3298374188918,0.274152101509423,0.5062582343928419,0.6052451125564802,0.4925446457692645,0.6140027208001926,0.2314650588796611,240.9260445360004,0.6448734664400941,0.2917590309846835,1.0359165417794636,1.562260166413771,2.419461277265474,0.509224411167345,2.4567145010760814,0.4229122324050497,1246.813574614696,2.472211812954394,0.221439109153302,35.31024744482394,0.2706239393202841,0.3602897591096724,1.2449000926549298,0.7492894737849856,0.7592094605031354,-0.928297515515964,493.5701005621567,0.1360720406706956,0.4179480721407451,0.7301172550443772,2.2630017636361384,1.5127215693518217,0.4035726111801919,2.8412423118579526,0.258025435531338,499.8813985184205,1.5653750388789258,0.221454341245152,22.35802760796266,0.1915365694242876,0.3852975813436574,0.7798023250157232,0.543501312930068,0.2190649454292479,1.1900951371704105,308.5952001477716,3.412532975971511,0.1279266219714308,1.001851025708213,1.5616161740849108,1.3346403965502152,0.650037637170448,2.8611754066274013,0.5263793987360689,0.4022862013313484,0.6125744686050066,449.15549031,1.483827011332124,0.305510047563008,21.19328880353401,0.3545707816940483,0.5092800000595923,0.8202299377358592,0.7625612785676482,272.26664089624387,-0.0437361027529146,0.6915403951262221,0.0185587623610507,0.8171326543087417,2.0752441527606424,0.1355367657914095,2.0980393038039256,11.724243712468327,3.147058955705888,0.4566293036969485,204.08942786837247,2.764918484281913,1.6599254627849147,6.164488371048465,1.470414551617472,1.665297772681901,2.076899292256513,2118.87050787,3.2228279719242923,0.4313953689188173,46.03119059800648,0.937563119516954,0.7262169427927143,3.288840127496264,0.2057217500044479,564.0433707935101,-1.226525595557009,0.9040330216729708,1.1384737782081886,1.0490196519019628,5.304921291846723,1.0490196519019628,2.658405134928927,76.18610374455628
14,2.8921283705462284,0.216996797044907,2.945009629980338,0.1052207590629758,1850.481619152221,2.9002206962670187,0.0564440866771183,43.017224679797984,0.0649377360441716,0.2695409803014713,1.493497323177152,0.2266190380359579,0.1441252557393881,-8.95718174177456,636.2682415201702,110.78543566671908,0.0801495879834774,1.3694582927456609,1.3871074306577769,1.626963382565926,0.1325701588928796,0.6230220132071211,0.1060811436082592,586.1910581056045,1.6323310967971325,0.037172963818099,24.2113828210122,0.0739859253159037,0.0587256571214058,0.8611031965823881,0.9018436081360208,0.1985371437618988,-0.0217872762520851,357.9319441645037,-0.3987586638694833,0.0991674067042333,0.4883867645339437,3.148499222363589,1.531205749431373,0.2160914834699654,0.9328190600692556,0.1840500734930844,526.0363512611594,1.5463099055216458,0.0320202372837584,22.935482363821333,0.121099519609609,0.0480193337231259,0.7563713898191269,0.9752082179592884,0.3663982905130383,0.0493025324063929,336.8652648749021,-0.7976634457747971,0.1754395924696159,0.2448779730642693,6.877606427931749,1.0312481282593604,0.298677179707933,1.384013778813531,0.245066260953053,0.2218543982346145,0.5082778913537053,253.50055908,1.0734408547029757,0.0517258248376149,15.921700885269765,0.1584754313937257,0.0872004499659436,0.4299091903969041,1.1018167155736889,226.87458821705928,0.4655729472774239,0.9572504958796526,-0.2867594695512702,0.3218113004256113,4.33270890876935,0.0388506631267734,2.00000002,3.607721725700212,2.00000002,0.098793928631842,21.24900658736286,0.5432578707079909,0.2630922721360673,1.4124449438683977,0.2002078878658836,0.1676879528933045,0.401636877346741,80.08704716,0.6033506712894704,0.0504910092236215,8.949136671210246,0.140060175551917,0.0804085813187832,0.3377673581449977,1.1012427495481991,119.516731555758,2.308951182894321,0.9531416627847332,0.0137499056575978,3.00000003,3.938021256082893,3.00000003,0.0559900132109047,18.90551167409832,2050.7241379310344,3.4357985251806213,32,2.4447086801426874,1.72413793103442,1540.5985221674878,853712691,2050.7270019320467,3.049504950495049,29218.362223095257,1.6925328000780373,4.307488298944589,27.437388754966825,4.0,-0.6181263663267137,416297,5.666069500939557,0.2063143325722085,0.0658135516876896,0,0,177,0.5024630541871922,1.2882367395530565,1.294424389006751,0.6641777967555317,24.50495074009901,21.53859831402932,22.544554680891093,13.047701549745907,143.58346802607312,2.0297140949430634,0.1299842495895581,0.6049937687260036,0.1069137552031322,839.7200522022943,2.0338515140717845,0.038004028680474,28.97792353158339,0.0731098308211481,0.0565981998388792,1.035192809520688,0.904935346468646,0.2024081307067329,0.1182407127709114,412.0319612734419,-0.7836980031873693,0.1103434705268324,0.4480886717996031,3.230004775333056,0.4805453071451526,0.1241935463275057,0.6088256117848192,0.1036126934681729,49.99318528428277,0.4962578449667553,0.0377065831804477,7.070585922275662,0.0698529901172156,0.0575967330166111,0.2567657541246063,0.892179425760108,0.1795585589164013,0.0336063315041894,97.55069735046598,-0.7844270599144272,0.0944134330102343,0.4773435430525568,2.989598376706779,1.5606587357295831,0.1283937119300067,0.6527419866686084,0.0965129032979442,497.7680638931988,1.565905306219158,0.0343648474401119,22.31071634648244,0.0679791797363608,0.0464395833578306,0.782183591949823,0.9339191519202766,0.1402040933369062,-0.8010675892841508,316.8137233531054,0.6903514634540606,0.0702252997458277,0.3712441096831246,3.2236270532419367,1.0251506841234943,0.3427432241297853,1.3241749341417952,0.2968189934493453,0.2991841628568452,0.4881377810648631,237.06911618,1.0806609822336362,0.0500143844523044,15.39704894387233,0.1910919019282072,0.0733788041354353,0.5649221249084506,0.5448261477844957,208.10558887706927,-0.9354325856125724,0.9770475588076664,-0.2330755143929477,0.2199846283514641,5.389193882709079,0.0634548598493542,1.960396059207921,2.394970359316567,1.960396059207921,0.1159304175945844,9.686039300658056,0.9896723636538072,0.5651644306942585,2.6094856508776907,0.4356505690240306,0.3700755725461341,0.7314300061667586,263.34962005,1.1389858509741075,0.1032369123603841,16.22805040816672,0.303657966678961,0.1520059965971951,0.707070986926083,0.9783557442164622,200.90348982172287,0.8352393769613613,0.9635081078224572,0.0770529763748181,2.9405940888118813,3.458664977782513,2.9405940888118813,0.2518504754263009,13.079020489540389,2045.4432432432432,9.511335929475775,91,5.7630971512052405,3.44324324324316,1531.3081081081082,774026687,2045.4652375041328,6.570652173913044,27821.335104556,4.293918918918918,10.929368095023689,27.406570526176203,6.0,1.549660989726393,378407,10.452985666694154,0.31978681257365,-0.1734404383756622,0,0,166,0.3891891891891892,1.0093407715743816,1.4526924883659893,3.975150387400559,5.347826504086989,15.487565683284524,10.695653008173975,40.24640624151071,137.46584580324833,1.2774595156908328,0.2110994060667554,1.1303315661723383,0.1698463332845527,310.1016051328552,1.2946910413724304,0.0640199374186032,17.60970201715109,0.1167681109804014,0.1012506656401867,0.599678051717387,0.884815878307836,0.2927749050959281,0.1925720413670186,236.33001040280408,-0.0199825791777068,0.1455924640741333,0.4229779605002899,2.433627711920288,0.5827290948824375,0.2351202299542169,0.9730973894913066,0.2035514235559701,72.9928417803686,0.6281368493533124,0.0506615179335417,8.543584831929078,0.1329693621256014,0.0719950009657518,0.3249099928751033,0.9530025069631772,0.3929549451725579,-0.0128085778337058,107.80488255325096,-1.0234679121186967,0.1943155655106238,0.2766857300456672,4.093096998852431,1.9874069004087127,0.2515002129111444,1.1902934478602047,0.2145855340546723,742.348878446912,2.003171645230028,0.0423286780468978,27.246080056531287,0.1408750056938352,0.0556941651384527,0.9967554080520608,0.9753592215666596,0.3976773198649979,-0.0267553291741637,367.6702765756119,-0.7678725682320482,0.1998908226653106,0.2030115061226403,3.87976780347868,0.9820133851043512,0.2656266368035528,1.0793822609827473,0.2127379666104927,0.1646681887521611,0.4975420697670701,191.38738525,1.0171167124557323,0.0534594773949488,13.83428296840859,0.1471329822311415,0.0724394297233299,0.3205136700432697,0.6238784985010564,181.67247624430496,-0.2857358105836272,0.9627382128982964,-0.0576876680498372,0.2559232973479456,3.633695921410912,0.0343239540256717,1.782608834695663,2.2952918623049423,1.782608834695663,0.0717382979992095,6.957786065124388,1.456663062184652,0.8850991933306613,4.11459554559571,0.709997405623225,0.6179795104203409,1.0275185503369932,536.69115329,1.7032419854580343,0.1689999777754577,23.166595634447457,0.476867720736876,0.2125315544901676,1.1465021563521574,1.0071309150252807,269.48266650416065,0.3506102006877865,0.9710753939977717,0.1656331135404562,1.782608834695663,2.795101371452177,1.782608834695663,0.471954441495458,6.172967709634368,2053.678048780488,50.78997272599596,587,27.55759666864959,14.678048780487645,1537.5024390243902,865132916,2054.30293916298,36.15196078431372,29413.14189269824,20.594858919177423,67.22828390538274,27.45096994032808,27.0,0.9178607603626948,421004,14.561997347187296,0.1197291499062781,-0.027121527010361,8,23,202,0.4146341463414634,1.3595535075189136,1.2125252318784647,114.23911778933854,14.00000081200005,24.866837419246536,22.00000127600008,2072.966365670108,196.5377562823905,1.7686171719279988,0.5417375935393246,2.721222739495173,0.4499333100364475,701.1112162036823,1.849338993583571,0.2746915136861563,26.47850479546914,0.3005437992938048,0.4456369310836626,0.8810692657317882,0.6612014092371141,0.8574962965815087,-0.0195668704609433,362.56652024523976,-0.3813010713722295,0.4182194690031546,0.8451631268767422,1.6900651775748028,2.506327773911212,0.4753448382214083,2.10307965050111,0.39046392856642,1333.8385305127815,2.550789959431297,0.2064057771942824,36.52175420913926,0.2553878046220222,0.304736405482546,1.265946284591472,0.793665020982845,0.6737413235970955,-0.894996325846355,513.7971936517984,0.1883537308768428,0.3496036681851753,0.658232415007697,2.457574130430735,1.509946068544602,0.3632017718223883,2.2282098506878705,0.2613321215487694,494.2978791514305,1.5528068671255753,0.1994925762603248,22.232810869330727,0.1907840587456357,0.312270546528932,0.7174375753689177,0.630206560182358,0.3522783690663253,0.5706899495708665,309.5389440516434,1.5921612224054758,0.1810507481142704,0.883025175478805,1.6486468486513657,1.377872777726324,0.6784945442154707,3.135565799612558,0.5449869325153492,0.4261681491781595,0.6125707699335707,483.11173397,1.5351360215732377,0.2964767637194382,21.979802864675563,0.3707463710891157,0.4929428249509953,0.8574333886440486,0.7789497472535273,282.4639194338964,0.4047046565588967,0.7358772062775999,0.0836263912742557,0.7466359495986369,2.128034637873725,0.1711505098526743,2.000000116000007,8.59065868732938,2.000000116000007,0.5065432633948497,125.44113970589092,2.9196618067054443,1.5766565856257966,7.29498740586461,1.3589530744019058,1.470060678828237,2.1765545578971857,2254.61972019,3.316345123254904,0.5198461771096407,47.48283605883288,0.8834700830001799,0.9580416968193418,3.1041107746000978,0.0185595299192603,598.5306703746161,-0.9059179051113072,0.8148436344387824,0.9396430330835844,1.0000000580000037,6.659743211569573,1.0000000580000037,2.2036192276511124,119.484748235331,2104.995073891625,120.69413503993913,679,93.92579290931592,72.99507389162545,1584.3694581280788,902436414,2108.4353384333795,87.44059405940594,30040.579455130355,65.50855972296738,112.3726782268768,27.73056149459776,144.5,-0.0617443187460553,427314,0.2945267020108186,0.5632621484034432,0.0324469202660767,25,79,202,0.4433497536945813,0.9459191473078192,1.7736995180666824,3586.674903444218,1.94059417972278,11.53876338789718,2.91089126958417,13567.460675804048,179.72474676417806,1.2081831350000087,0.4938795673198328,2.8693677585821225,0.3784712221134992,345.5916564600224,1.304768927053766,0.2510846762588483,18.59009565494547,0.2683111216247847,0.4767989961827923,0.6018999658565694,0.5283057184737894,0.6173973788262048,0.2605752900888083,245.2611764050017,0.8224285602330141,0.2959992656844401,0.9832110681704392,1.618475844605166,2.484941708793115,0.4910984804807318,2.102684104819019,0.4087383745515961,1302.2297640493862,2.532770211854224,0.1922894015618117,36.08642077082993,0.25772673793955,0.3106226239341348,1.2692230370261808,0.7996662543987219,0.6410784039259942,-1.0319068947925985,504.4431668850023,0.1290868101007936,0.3696496391267816,0.6414617381796708,2.3708748409187126,1.5157097461195472,0.348359615357544,2.3268638911285784,0.223098336213502,490.880928165437,1.5550346141039004,0.1737503456985124,22.15583282491175,0.1641486094743857,0.2897416659200692,0.7390732476288818,0.6540057236378898,0.2050635465751606,1.5687704595537992,307.68907846226807,4.506573841461959,0.119884981641944,0.8535533105846985,1.724673380350742,1.314715444924542,0.6112206577703058,2.8077729412573422,0.4849952349338632,0.3724110737455903,0.6428158720566579,426.34609021,1.449216010596577,0.2499739912586636,20.648149801132305,0.3297340389392081,0.4441281232922214,0.7438011405919998,0.882773353183192,266.887235319682,0.2877426747533991,0.7320896530528589,-0.0596901719763927,0.7491301904396495,2.2164524547691795,0.131883597242581,1.94059417972278,9.469914314246727,1.94059417972278,0.3587860389413557,152.37572184829563,2.5464934425263457,1.5758753001778942,6.164488371048465,1.3930537241564689,1.459454220602868,1.970446744337264,1818.02301539,2.9926206577072145,0.3552921177429118,42.63828110266642,0.8838761345150936,0.6277473771691549,2.804332324632879,0.4160998724301903,516.9381688328482,-0.973301759431986,0.9200148293019346,1.1719650136209296,0.97029708986139,3.787834522317736,0.97029708986139,2.132786961821348,47.305222032665526
15,2.903797739709823,0.2165734066898547,2.945009629980338,0.1037408957604748,1865.3210737579225,2.911826257427648,0.0568256665501683,43.18936297004069,0.0632421359013114,0.269389635916977,1.4343054210613422,0.2256168054253469,0.1523731258977467,-9.15420762218045,638.8355027361611,113.66370726690204,0.0762705369473502,1.371371929016667,1.3852857518072468,1.6117648571416094,0.1236471580920136,0.5841278591740864,0.1002607855814568,574.8611177529034,1.6164792237127623,0.0376402243941881,23.976261546640323,0.0691780418592873,0.0588311458483591,0.8072601429096361,0.886188479125811,0.1924675426836568,-0.1785952335577922,354.58826857115406,-0.5435463118715957,0.0952930618943918,0.524477689980869,2.9146632209965584,1.5661169851566763,0.2150512908095314,0.9328190600692556,0.1827333434757114,549.7270360948393,1.5807464233635142,0.0315733294090725,23.446258466860748,0.1204484050506823,0.046179849501386,0.7798430269121059,0.9768833367736688,0.3514742487748368,-0.3041623396258909,344.5457367344688,-0.6594338883822397,0.176526195217151,0.2367409684067331,7.114263779855769,1.047931949308425,0.2887304154626782,1.384013778813531,0.2327881308675464,0.2213610349652236,0.5065902941690478,259.85249185,1.0868061879780004,0.0541667528151963,16.1199408140973,0.1559570691524089,0.0882362874884431,0.3764094557325695,1.0224474252360138,230.54502884785347,0.5928520623109805,0.9531351919465336,-0.3004261514236673,0.3369260579758848,4.09578939527576,0.0327940553985858,2.00000002,3.4378896799594525,2.00000002,0.0829950363733032,19.75040720330677,0.6489669965188416,0.3007797634372609,1.4124449438683977,0.2451679057886172,0.2361189963339804,0.4832148553828376,112.46738984,0.7149932925305219,0.0506398878240537,10.605064348696803,0.1680121028891801,0.0792064006672698,0.4726218121344362,0.3694991598298152,142.77273923414515,-0.1230848679846277,0.9653028217666438,0.0209377007407485,2.00000002,3.3589404072510125,2.00000002,0.0777172470984137,17.009544676327017,2049.8048780487807,20.271465882593983,301,5.351338488994579,2.1951219512193347,1535.1536585365857,861432338,2049.904623599268,8.063725490196079,29350.16759747719,3.4613342898134865,32.85402950783908,27.43145326345735,4.0,-7.3761429291399025,420210,76.71644162044926,-0.3134013913354855,0.0570696180385503,4,4,179,0.6878048780487804,1.6734218957460971,1.0734956398199658,27.60287380077224,31.05882384,30.233592170645554,32.029412085000004,541.8449100828811,98.14069891801611,2.003765800678188,0.1367555004047558,1.123245946603343,0.1033230267280247,826.9060853590925,2.0084043968443868,0.0507468446944101,28.7559747767154,0.0706094882621938,0.110874038439846,1.0048132929339977,0.6688451484617975,0.1779788863065223,-0.3923592054429559,410.7719891390285,3.758124280172219,0.0915413007058603,0.8375233070416364,1.954141836167428,0.468030178548558,0.1553907593353844,1.5514072271891977,0.1056244489828947,49.83155361631277,0.4930321990984637,0.0555366984672954,7.059146805125445,0.0747697906102834,0.1386131327243646,0.2247540780735356,0.6003358215455075,0.1713510223624644,3.066709322926279,95.9461866024544,22.0497697526252,0.0854196604266862,0.9213060523197214,1.8749022564636053,1.571987946213539,0.1623588389867573,1.722177254569808,0.1104467904753126,511.9624712131495,1.5803094343693664,0.0511709229978715,22.62658770590805,0.0755621481974061,0.1403474968236373,0.7770698957477349,0.6259953200751678,0.1548292941916544,-2.0574588721724463,322.25752897377555,14.478954654671162,0.0768686609787816,0.8925385242988965,1.793420755987595,1.0585343645708252,0.3335567728791234,1.356090627312882,0.2821774681282168,0.2805640000013969,0.4864584264559974,252.39853983,1.1096001033771734,0.0602286115915796,15.887055731947314,0.1878804386985218,0.1122050612760678,0.5300713893575323,0.4416757485284431,216.9995447370192,-0.803587715440548,0.9431742561525056,-0.1920964570168992,0.3473641503346567,3.973769648493711,0.0631366918981432,1.94117649,3.3926512685473065,1.94117649,0.1182965814693465,31.113875416536267,1.210832307839184,0.7895355009466355,5.536758284858602,0.5616673194713369,0.4331393542900342,0.8560069678536019,427.72027661,1.4444515823340418,0.1636933712775367,20.6813992904252,0.3926582019257792,0.4502290584517376,0.7087759026280942,1.9699178026391808,248.2206231070328,6.253321878684627,0.8372933028652662,0.1186562056151276,0.970588245,7.891981460520901,2.911764735,0.5275888164033019,121.21222256170472,2045.48717948718,6.490563311977908,50,4.424983563445092,2.4871794871794464,1536.7923076923078,815891644,2045.4974243006304,5.061855670103093,28563.81704184509,3.21329632566746,7.602902321570375,27.40689407459979,4.0,0.8178380012084897,398870,2.8050584834076746,0.3101437618161172,-0.1895967322440901,0,0,171,0.3743589743589743,1.1555379312709049,1.4464131610526392,2.011020890484481,8.453608906804174,16.71845479612281,13.52577425088668,29.97830911966035,132.41913564291136,1.2186938425448224,0.1895129974445966,1.1303315661723383,0.1517882439459612,296.58440714493406,1.2332662638969447,0.0566255147784547,17.22162614693903,0.102755275632893,0.0872071290403109,0.6446909828656681,0.8936216084206345,0.2279510765619208,0.7060712068596563,237.6452992962404,0.7251319633963154,0.124491983538316,0.4453750928489738,2.880502685218016,0.6373350726277369,0.245661699772397,1.042540010358664,0.1987206166082465,90.91605510887584,0.682814894422725,0.0501014714311223,9.53499109117968,0.1377921492178858,0.0666685104470392,0.2706773485201355,0.963030485484182,0.3388615548042284,0.1197162806289567,124.28033916240872,-0.5494806948203044,0.1733257466345128,0.262389411793581,4.512470165592358,2.016112828947963,0.2495423493521854,1.0373504373800164,0.2116205055999656,804.699281633789,2.0314189579546067,0.0399295134088192,28.36722195834109,0.1411066033796935,0.0498484588877107,0.979657969839086,0.9799405771171024,0.407318047327224,0.0011626694017857,393.1420016448527,-0.905671390161622,0.2066066252497456,0.199611951138795,4.184448353653938,0.9529183431274614,0.2745060680378889,1.106391006236032,0.2229181089135889,0.1926897393509394,0.5157559042617422,191.68900168,0.9914739136436708,0.0527784630922833,13.84517972725526,0.1521380661138765,0.0732429066263809,0.3800446572936075,0.6709770232524676,185.81907690985497,-0.2926814267763116,0.9643284917199388,-0.1054471225110087,0.261670368092354,4.177290588379216,0.0403466735112373,1.6907217813608348,2.052558411691141,1.6907217813608348,0.0721183956592829,5.711975302663784,1.1367171627343071,0.5638738523715058,2.7137946133501707,0.4326471057107925,0.3669213776070874,0.8438893745205661,313.64757402,1.268246465612446,0.1449440175481748,17.71009808047375,0.3022831275173704,0.1914535201852548,0.6961920428461218,1.025936249834516,221.65984673319,1.0874702236260196,0.942255634530434,0.088935990976791,1.6907217813608348,3.4348106545724693,2.5360826720412524,0.2822752637193937,10.631762984776516,2052.6176470588234,50.634894044808725,536,28.29065743944636,16.0,1544.154411764706,860021268,2053.239033676246,37.6256157635468,29326.119211378787,21.333719694774462,67.69971367389299,27.444860749143825,31.0,1.3796944575678658,418734,13.04146927506464,0.1059674325487816,-0.0518472848014236,10,25,201,0.4117647058823529,1.3693792520661408,1.216828274475062,119.83578908198882,14.00000081200005,25.665915771184974,22.00000127600008,2168.9781458297475,202.11282375227407,1.7470789843202004,0.5501571943972475,2.638620633285803,0.453163342434527,684.1087419255252,1.8312493618087964,0.2616473903856448,26.155472504344576,0.305288089555048,0.4294518306354208,0.8808092306230747,0.6898299788870687,0.8655763735972428,0.2077907424059197,356.4041128013209,-0.4837845077545633,0.4181837058513393,0.8003336470057143,1.7869808966228586,2.517844440295676,0.4930802233314203,2.21952793999266,0.4041730262310842,1342.621293255715,2.565438934709632,0.1989301170892658,36.64179708005211,0.2629440889482184,0.2970803968600876,1.2875975933180408,0.8173363617757594,0.7311799475380671,-0.9590810976860576,513.6402658203178,0.3175095529335441,0.3638750214217938,0.6170892473643711,2.479487641111605,1.492570345440147,0.3461662505080429,2.224909533937005,0.2437998885156833,478.79001997894505,1.531995398771672,0.1755576796719068,21.88127098636972,0.1801068782081151,0.2880046462819612,0.7553492981703547,0.6531996865868573,0.3197954503312719,0.703741598579413,304.48435046979006,2.0407098586678445,0.1604176706030711,0.853356676507822,1.6522628082792097,1.3888122004403285,0.658750492131133,3.104201082062201,0.5178652810000725,0.3650237484691231,0.6729476895896377,481.56736174,1.5364323357228922,0.2680229525514517,21.94464312172791,0.3537163051848744,0.4613579786275436,0.7332329370478066,0.9222354735091616,283.317688889827,0.8104867402335292,0.7538443933254123,0.1419585726215664,0.7185261982864851,2.152070791049681,0.1150687350554615,2.000000116000007,8.176880686367346,2.000000116000007,0.3423986307288623,110.19254434370704,2.7184684126005307,1.5806668488275062,7.29498740586461,1.3747921455752312,1.495386907190728,2.0954640657248302,2014.7714445600004,3.142662980751872,0.4757657910649343,44.88620550414125,0.8882167854902435,0.9185603561737776,2.985910853035936,0.3067169164319659,554.5675561705083,-0.8331593944013425,0.8305924141421408,1.0281683656884268,1.0000000580000037,5.453787103101568,1.0000000580000037,2.1802091576540605,100.19809820639192,2114.3891625615765,129.447995142161,679,103.3670314737072,88.38916256157654,1583.6108374384237,910925101,2118.3285317610453,91.81188118811882,30181.535762780528,70.96105447983223,120.73504253136082,27.78147061876971,183.5,-0.0359757643011356,429221,-0.0890244036925218,0.5646087116072559,0.1063677080490419,24,81,202,0.4137931034482758,0.949940429782633,1.7676017082504352,5213.143103467258,1.94059417972278,9.52483197362852,2.91089126958417,18408.969200184874,160.1211762960111,1.206474507605754,0.5260146853793618,2.8693677585821225,0.4081488294586348,351.37456245843634,1.3156402147517765,0.3056892432208392,18.74498766226418,0.2887818870873936,0.556960509979906,0.5837429303188661,0.4387503047906704,0.642376922924643,0.4572236658881147,244.9143250439681,0.5506708563419624,0.3217654305914004,1.0755527659932618,1.523939835328882,2.4154729018244754,0.4949637268473575,2.291742946315757,0.4154918512396336,1233.89319226873,2.465419150475369,0.2137018793957339,35.12681585724402,0.2658786728524206,0.3337702307920623,1.2403563997955038,0.7714078700514783,0.7374503776374959,-0.8348695307044594,490.3409990703685,-0.1328342983805428,0.4137712836701608,0.6872448277464159,2.2653823883217954,1.5215594593797468,0.3981543088963669,2.622939156437756,0.2621740127689003,501.99649169681567,1.5725422479727502,0.2162361113298843,22.405278210654195,0.1938462043236175,0.3506597052282519,0.7581625521583814,0.6120549899951071,0.2532618496933247,1.113118709580501,308.8765702540886,2.8879780160466724,0.1462586152726148,0.8995725394904275,1.5706390305034228,1.377219080909199,0.6399703730590834,2.8077729412573422,0.5175065766468068,0.4309598088278102,0.6175853814299228,467.76821639,1.5179844953192232,0.2990564008337591,21.6279498887435,0.3526737018655079,0.4932501306434877,0.8249834924437025,0.6996553944327016,279.5754734245674,-0.0543241552254079,0.7025532945522789,-0.0186978983924851,0.7920899564304665,2.0708856295159084,0.1578115625749291,1.94059417972278,9.458676256764806,2.91089126958417,0.4389025581758302,147.93989973990645,2.850448656983089,1.5758619251038273,6.192993890698785,1.3526248719575944,1.4901069903419468,2.0184304067849177,2151.02152487,3.255175133098504,0.4349127543170741,46.37910655532295,0.8937067777423945,0.7447875948600835,2.8386177638456167,0.1332780208317397,578.641077367567,-1.030747515876199,0.8877008490843071,1.0275269264420528,0.97029708986139,4.554562055195788,0.97029708986139,2.1817672253492546,67.66883336134919
16,2.8844850721950763,0.2209710143328425,2.925086618358926,0.1158579937883508,1841.1492824069592,2.892898265507636,0.0584341232327862,42.90861547995879,0.0701606262156625,0.269893708609374,1.4473616946070742,0.2540287521618983,0.1821763330036141,-8.42200452129652,634.5867158829168,101.63892882559183,0.0972710580434399,1.3466021690616528,1.4095332836476446,1.6247794382178944,0.1438508662651119,0.6320824791678161,0.1213893000962523,585.3115917360683,1.6311061385341994,0.041050358225685,24.19321375377956,0.0811007755006667,0.0624546019457339,0.7921409735640992,0.9056338719751084,0.2431781601344909,0.1088297018088205,357.45147640793675,-0.840327679660196,0.1208513583900929,0.4786430975980714,3.18961717294895,1.528745812322077,0.2212186565934162,0.9328190600692556,0.1875605354924165,524.8713819037773,1.5445967139203467,0.0327174589762271,22.910071625898016,0.1248483272806486,0.0491028121437054,0.7955565126203343,0.9752293900608896,0.3559013099566719,0.0260131143206168,336.3240787108569,-0.8478252121868888,0.1815422959501061,0.2447044699108077,6.80387166810636,1.0511669057569557,0.2820999853762821,1.384013778813531,0.2241567243711568,0.2114928243301063,0.523716339259936,260.51751800999995,1.0881960009157774,0.0501238405122684,16.140555071310278,0.1514938777383705,0.0835165859533259,0.3681474963998714,1.0699881143892982,231.25671926653027,0.7393652501710117,0.9561129719783212,-0.2365565814297257,0.3263972488700493,4.206264103767884,0.025009904031711,2.00000002,3.269177586485202,2.00000002,0.069375671501409,19.79726956044917,0.6964232801815956,0.2713047173996496,1.4124449438683977,0.2199646985465186,0.2027139587042284,0.5448131546793096,122.82095342,0.7471794034902194,0.0560502165479956,11.08246152350641,0.149744893353912,0.0868693552677663,0.4030071732688179,0.4761375164867148,153.21312163995103,0.1973579691713767,0.948610070935708,0.025418716859527,2.00000002,3.150357259244819,2.00000002,0.0842346823732371,15.839735015471328,2049.92270531401,20.16037198245585,301,5.189666036546883,2.077294685990182,1539.644927536232,869935628,2050.0213596153644,7.922330097087379,29494.671179723297,3.357183058955959,32.6836855475461,27.432144659644752,4.0,-7.442763835934126,424334,77.85206080875201,-0.3142407696971944,0.0555244625730679,4,4,183,0.5507246376811594,1.674062583822429,1.073262276192346,26.353518615673625,32.31068167953411,31.829046868261965,33.320390482019555,535.406578045589,108.77731254928146,2.0148630750017182,0.1449608491662599,1.1246048894869196,0.1165104242514907,844.6811661230603,2.0200458766051983,0.051720931951295,29.06339908068325,0.0765059675400364,0.1119521951989932,0.9889890114170112,0.7012700925988962,0.2075170127517753,-0.4457103861940337,417.0766565253557,2.70208506682596,0.1065244963947757,0.7987939622458374,2.051560405422884,0.4762502817852044,0.1610450679330006,1.5514072271891977,0.1155992465342512,52.29328236094295,0.5026177001144343,0.0556992761602807,7.23140943115123,0.0798498062789614,0.1390115888079939,0.224724484112518,0.6266077509001974,0.2074668725257789,2.611655868648843,98.5838083295373,18.07971551126108,0.1026112001666901,0.8922860943374753,1.9383049777512176,1.573623608718178,0.1552892277266738,1.722177254569808,0.1047528090113894,517.5599285315279,1.5812303784756174,0.047914855445133,22.749943484139205,0.0703248741567044,0.1389956924064394,0.7797802526988737,0.5979832960952949,0.1474209864279669,-2.3690865974255035,325.7400870046629,17.536364644515437,0.0797976453162101,0.9248052050380668,1.7372954548883062,1.0531460152929732,0.3363539597678693,1.356090627312882,0.2860911914183973,0.2983530503019104,0.5492146102814311,252.89272278,1.1053071857102028,0.0589780500629487,15.90260113251917,0.189593250372324,0.1118440372630718,0.5374921720078624,0.4222662211244867,218.00122516564548,-0.8924848849213944,0.9446330848387428,-0.1428057535066723,0.3443005501445371,4.0790346735950855,0.0517386529526082,2.019417604970882,3.272887987764069,2.019417604970882,0.1115745731142266,31.525121921853945,1.2219684678153575,0.7640367000813038,5.536758284858602,0.5334094047760424,0.4117124218644498,0.9793057647518778,429.34676411,1.4401871257073298,0.1576964729877177,20.720684450809053,0.3686236890545453,0.4455475826781992,0.6525795495898978,2.184309997070946,252.94747283777903,7.218047184814503,0.8294753154316924,0.1653395493523208,1.009708802485441,8.090444379995962,3.029126407456323,0.510893731380988,136.2308075045975,2045.3203883495144,5.326809491679244,41,3.67310773871242,2.3203883495145874,1534.0364077669904,861772928,2045.3272912067985,4.443902439024391,29355.96920559769,2.668387402320625,6.804947984604344,27.405942929351323,4.0,1.3173536376747743,421336,4.316458046194335,0.1797432584373195,-0.1583095561086143,0,0,181,0.3737864077669903,1.3189931738614726,1.3141391241637403,1.4713001923794504,12.000001068000094,20.79206931590628,18.00000160200014,27.880189902286308,168.58789395730903,1.2555467905471394,0.1726298224967836,0.8057817210035836,0.1470220827451474,330.84715151129444,1.267301910970694,0.0490033301702488,18.189204257231665,0.0974259506790584,0.0759332880179762,0.5983985022925149,0.9031807605564532,0.2898556734499955,0.032057192245627,258.6426388527107,-0.8715741449858303,0.1445660996387262,0.4541530673018265,2.98857528041202,0.5970712577065519,0.2470018269300478,1.0321012559968712,0.198103420428906,85.94481189042261,0.6459162675694036,0.0441800442694098,9.270642474522605,0.138037073095449,0.058814966537144,0.332511154506928,0.9715826464686932,0.3484235047129723,0.3949651446667522,122.9966790875497,-0.4066240162966577,0.1643279808381628,0.2457037466410524,4.933762646987232,2.006518473430344,0.2426075485370417,1.0373504373800164,0.2050243745866322,841.4459517832175,2.0210613761898224,0.039713344922933,29.00768780484266,0.136872733937971,0.0508815487354342,1.0160100557064655,0.9779575169433182,0.3765267295877017,-0.0024603616934465,413.34280552665086,-0.7850038413392753,0.1910285170708018,0.2163539309825218,4.090606342741658,0.9278826576783544,0.2792737994524909,1.1588819838313202,0.2324864206303815,0.2173304177259702,0.4793897342239389,193.34778293,0.9688041445689528,0.0484543328383308,13.904955337217016,0.1557610827016297,0.0656651658504155,0.4308473455907271,0.5947727766736001,191.14382748174103,-0.4649410319239435,0.9721794491813354,-0.164751603641744,0.2424596488750967,4.5858260998473845,0.0377753271212168,2.000000178000016,2.7664415475017274,2.000000178000016,0.0743449597250829,9.836216908526822,1.133455474791738,0.5937524505229633,2.602048368130172,0.4567140414163653,0.3668665984750726,0.8372868257224598,336.9236949100001,1.278886983684968,0.1308424678987944,18.355481331471537,0.3170165137015925,0.1739913862338505,0.6726622547459054,1.0472087842037667,233.49182780709805,0.7138919764147711,0.956952627718394,0.0913819631512472,2.000000178000016,4.36885153506412,3.0000002670000234,0.2946951965526965,17.43074838235639,2051.171568627451,46.4513620886602,536,25.16065936178394,14.171568627451052,1543.6985294117646,858728199,2051.6948983419425,31.70935960591133,29304.06454743096,18.815415821501013,60.76446492025035,27.43701349622497,28.25,1.4037163291999433,418439,17.499367310904205,0.1416485160917405,-0.1924563960052054,5,14,199,0.446078431372549,1.3395598978081,1.1822402509884362,119.2904584591554,16.15686418305895,23.494828132110392,21.205884240264872,1807.217112297851,126.95156913071482,1.7490063437124148,0.5415779352660857,2.638620633285803,0.4531211776235699,683.5819828039557,1.8305442012058628,0.2873998395629483,26.145400796391623,0.3019224788542999,0.4660631397169801,0.9153421916363648,0.6288755044264109,0.8527442216243559,0.1837308764593035,356.7972941173326,-0.5982189885223326,0.4302041035075217,0.8791192745976381,1.7718344027182895,2.4898432651025955,0.5021955444289645,2.201205322304377,0.3994068583564408,1315.8578489578513,2.539740847669856,0.2197060026782053,36.27475498136206,0.2637400349632514,0.3362488398544103,1.2464732133825789,0.7749191359669604,0.6580403313663346,-1.120144436817269,507.9280260809295,0.757959807024756,0.3572022232303915,0.6826277662189931,2.1914381522800737,1.49607432661887,0.3582023432012298,2.2448542229478727,0.2572503195642592,482.6473422076886,1.538154200382828,0.1967105162041854,21.969236268193043,0.1876413822636379,0.3047552079553469,0.756042237799202,0.6374513886634414,0.3453593240466814,0.7534224036464295,305.1991626302495,1.6976094557723704,0.187789102928652,0.8695996877006232,1.689165248687154,1.3877410041639109,0.6867450340859818,3.2175056690247468,0.5400873324390805,0.4070214085647108,0.679561963332494,488.6069239,1.547621394237609,0.3232171721010409,22.10445484285917,0.3742751496096517,0.5135887152157195,0.7990978245258613,0.7727650632568486,283.09916484943784,0.477045796936077,0.7200879075046197,0.122198916696691,0.7644155958686195,2.0374234768364547,0.156174801446836,2.0196080228823687,7.623527115622259,2.0196080228823687,0.4810965133116042,103.72531062898624,3.0229889536520465,1.5290912931953324,7.29498740586461,1.3229368327016986,1.3745130015029807,2.1616355172047306,2338.88468877,3.386018461760413,0.4999967218040592,48.36201700477349,0.858614425627417,0.9385663489903484,2.7386238795996003,0.0166021355394218,616.6897465450174,-0.8933067018787351,0.8100069600875605,0.7398917030268602,1.0098040114411844,5.852423877998283,1.0098040114411844,1.930033156288285,100.73697184241104,2105.29756097561,116.70405945819536,625,92.9223557406306,73.29756097560994,1576.8975609756098,911395400,2108.5139837127463,89.84313725490196,30189.32592821509,64.2478718316595,117.79472840163812,27.73367342720724,148.0,0.0330174444749918,431586,-0.1345703028842342,0.4883609865710669,0.1224561589154672,25,76,203,0.4585365853658537,1.0335412106226731,1.6429759408172837,2436.376381682397,2.058823642647065,14.03191740939078,6.176470927941196,13585.047031361575,221.47302407531785,1.2372261133587874,0.4919030316447657,2.6602329440922032,0.3713680615710802,363.1609262716901,1.3309833633522394,0.2855769132345109,19.056781634675097,0.2664067749631425,0.5060070646045837,0.5822793794068921,0.4646772816278575,0.5555583660248137,0.1879858016310321,253.6313532385514,0.4616833905040609,0.2776157982394287,1.0544005810899344,1.5080075359290033,2.475680452302262,0.5004042629738629,2.2614772360954234,0.4193538932517862,1307.5262118779572,2.5255052253573163,0.211384707075651,36.15973191103547,0.2604951743215282,0.358000712855801,1.1561982842576626,0.7411841400771916,0.7167360595695569,-1.0738695238966458,507.5144927219637,0.3479954347015632,0.3804160017234586,0.7292220414355217,2.2452122106679093,1.498750718118832,0.3733132870817451,2.622939156437756,0.2336000604717825,488.9120248912541,1.5443240290776432,0.2046161657661329,22.111355112051683,0.1773594392534592,0.3499064311943926,0.7650819316583652,0.5592948539236962,0.208296510768938,1.2110086106844689,307.2438972143606,3.942835494298882,0.1163224286829207,0.9595364795126402,1.4695957101363846,1.3940789453717104,0.5980650129613932,2.7937520154682454,0.4813854288127595,0.4070169412402576,0.6941809343748118,471.3755807,1.5163749788839718,0.284583765122768,21.71118561249017,0.3226425909868804,0.4979030389205259,0.823292121875142,0.8880906475716132,285.78618380120065,0.2832088306384706,0.6527365486665218,-0.006893321306415,0.8574168162708045,1.8696053036465048,0.0891653103976685,2.058823642647065,7.041012370594685,2.058823642647065,0.2746480396859235,111.03447028517834,2.463639882591798,1.5247419983379915,6.192993890698785,1.2987699558374437,1.259090037213866,1.9533446026643169,1718.5188865200005,2.8953443592488526,0.4233192627707288,41.4550224522916,0.8492890990305348,0.7361798321428589,2.3041576541402486,0.6119202916776193,505.0461759313186,-0.5435270895756501,0.8825166156049241,0.8960744870800686,1.0294118213235326,3.301669331047232,1.0294118213235326,1.8116220660256368,55.81047661287539
17,2.895891344073325,0.2200540340700737,2.9262065237165347,0.1125089830632618,1855.5658762317405,2.9042021876081408,0.0614591815399067,43.07627973991882,0.0683496733717045,0.2705590611888357,1.4650246718009945,0.2407464081634603,0.1757672073258351,-8.64025559368436,637.0960956961316,105.19650372494236,0.0882220661139459,1.3555116216435208,1.4000028200645,1.5958077828145194,0.1397590455725173,0.6320824791678161,0.1114671411343211,564.530182921542,1.6018883500441,0.0456540121281377,23.759843916186444,0.0773732409857963,0.0658906102520135,0.8211044610302445,0.8885216191120247,0.1807612087669126,0.438599365470806,351.07771221919427,-0.332588563265177,0.0967982689610312,0.5197226605846761,2.9138268198857395,1.6029344216662686,0.2173705255600793,0.9328190600692556,0.1804604788173874,575.6154652744829,1.6175394687814673,0.0348660518969828,23.99198752238928,0.1209578042208309,0.0516750139578418,0.7855601960760371,0.971500608168572,0.3311847219502881,-0.4852062973087013,352.6455727665791,-0.4768639085216826,0.1655747038582269,0.2619167414248072,6.39258013537334,1.043984034562069,0.2732022020968215,1.384013778813531,0.2104070896597213,0.1683957854952871,0.5394648912319878,256.12462424,1.0789823156356853,0.0486078053155254,16.003894033640687,0.144856863008635,0.0820789874005292,0.3321761509962088,1.2064132067114914,229.6764876036552,1.2952905843639653,0.9547548466257968,-0.2399098230325991,0.3312105910158696,4.1713957530849335,0.021252267713107,2.00000002,2.98007776642652,2.00000002,0.0478586444001482,20.40812250593357,0.6625248320898957,0.2934465465947496,1.4510663084226136,0.2391107632196748,0.2458460589324428,0.5228924289828182,115.42489547,0.724333221502871,0.0583376901449858,10.74359788292544,0.1628479400169747,0.0872122640845198,0.4859236079663536,0.4459108382370554,145.75546305977704,-0.0614390437748118,0.9557944325713744,0.0234017812148803,2.00000002,3.2676572079658084,2.00000002,0.0641664469871621,21.28605763932059,2049.757281553398,20.911645031891982,301,5.983316052408316,2.2427184466018844,1537.0922330097087,865599658,2049.8634313969897,8.785365853658536,29421.07506533369,4.046933459625858,33.312050115938966,27.431139219952204,4.0,-6.761147629820712,422250,67.36025220645605,-0.2688352440338223,-0.0426966186575294,4,4,187,0.6456310679611651,1.6442325254106165,1.0861974137584876,40.67144057892117,32.31068167953411,31.8816974627902,33.320390482019555,830.6513437668563,107.39737949150044,1.9846736859184184,0.1423190015671407,1.1246048894869196,0.1113516018433254,815.5717188853108,1.9897452133392264,0.0521349095389941,28.55821631134044,0.0739694251658879,0.116301353965545,1.0007391279433708,0.6659588833717835,0.1854855681370164,-0.0997719389527701,408.84277929919415,2.746799848064921,0.0936615879491022,0.8427637381757781,1.961926537013072,0.4473079868662907,0.1602357208660542,1.5514072271891977,0.1128367181986117,46.48086831306111,0.4750108241641575,0.054796066492369,6.817687900825405,0.0775630519261522,0.1379696337562705,0.2351473936145663,0.6292304132412784,0.1991907687311162,3.037099437846784,92.1454452944559,20.62945610355964,0.1050164029113047,0.8888168162006435,1.9403495123245256,1.5901215527333354,0.1542591319238073,1.722177254569808,0.102699015354042,525.7463851635041,1.5975502866168056,0.0503936815593558,22.92916014954547,0.0693492900866347,0.1481888567707821,0.7878040094076654,0.5360173866639595,0.1540445435039581,-2.5223649450307573,327.5650398630671,19.2208510454236,0.0764681954822621,0.990551212982872,1.6196321005640557,1.051375696515104,0.3222042953199649,1.356090627312882,0.2746695361179024,0.2594034371574388,0.551423890521392,248.9927158,1.099410070848678,0.0614430653969513,15.779503027662182,0.1815951494641267,0.1167730459599515,0.5196317469590013,0.4054930564223581,216.58339348211143,-0.7647437799633052,0.9341860706156696,-0.0633854564196556,0.3739617795053439,3.913542235021033,0.046445315923365,2.019417604970882,3.8373436867339854,2.019417604970882,0.1065007624053561,45.32792036651909,1.3083386110255324,0.755384876971884,5.413300095714582,0.5120392305057683,0.3918718418893259,1.0183004854378364,469.59477778,1.5098298910482972,0.1961778109193305,21.67013561978789,0.3613947814234372,0.5514962346612581,0.5659404855479605,2.257643805714143,269.5177538712597,7.463678952844216,0.7321673069471296,0.2304120796125794,1.009708802485441,8.604922829249222,3.029126407456323,0.7266793317960225,145.8879429488499,2045.116504854369,4.90355962466647,41,3.275049486285232,2.116504854368941,1533.7912621359224,861600242,2045.1223549220567,4.0,29353.027816564343,2.4280843002604784,6.046163871495348,27.404762550908444,4.0,1.3736161001311251,421294,6.292761382350173,0.2397156957259351,-0.1746622734738405,0,0,181,0.4029126213592233,1.273099560612545,1.3434876004008005,2.2219310433452293,14.00000124600011,22.501054841895453,19.000001691000147,33.835594842514865,193.68176266341592,1.2370237773359427,0.1956225123735635,0.8929234200256065,0.1638573616633119,323.07190639926955,1.2523219335455131,0.0472481055902478,17.974201133827048,0.1100573905306741,0.0742215104562469,0.6273646400479906,0.9279282194015116,0.3041513350963891,-0.2028603436554804,254.8268981312042,-0.7238554174695189,0.1523485703516005,0.3917326794938435,3.4377791112169738,0.5889888363715498,0.2623877702046524,1.1646562509386371,0.2103599047872089,85.57672207064306,0.6445315980814685,0.0435957297317186,9.250768728632398,0.1465187565685762,0.0582517611185606,0.2883675923260972,0.9753411051809772,0.3585642212638287,0.2351498296824751,121.33170029253924,-0.4203845804407131,0.1847717845455677,0.2292235533308984,5.229795165505286,1.980794641967933,0.2370448477557478,1.0032192168544254,0.2005588626353111,819.7697704804145,1.9948596204356663,0.0392604219396691,28.631621862556347,0.1337522143488652,0.0501671979083014,0.990378859427561,0.9775866115044928,0.3764933304467921,0.0593859575416002,408.0436962453942,-0.7971661448452987,0.1937252214952076,0.2185051404069189,3.976845853634198,0.8809192234580564,0.2544615616078756,1.1012638993516717,0.2092206130131596,0.2024020870076869,0.4753993888550326,173.13373842,0.9167633505293428,0.0450432737074766,13.15802942769167,0.1414532478728484,0.0620160611374465,0.3699628401713032,0.6407630012848207,181.4693600323596,-0.337556792593777,0.970207316898624,-0.1318452399375707,0.2515813227873607,4.3780507045550445,0.0392634416544613,2.000000178000016,2.679687648129119,2.000000178000016,0.0784046492447999,13.993113836817152,1.1815024642596632,0.5867798236732774,2.602048368130172,0.4572192347549994,0.3416088793844355,0.8841731306248073,358.14896815,1.318554975732573,0.1280823751652426,18.924824124678143,0.311790216396631,0.1765295033706874,0.6822602284884898,1.022026566298067,243.38950763749065,0.563235984604777,0.9547016058895978,0.1574225504912735,2.000000178000016,2.931393692283641,2.000000178000016,0.4782364715705552,12.80250391891414,2050.5686274509803,37.76685277528667,461,23.560169165705496,15.5,1542.9264705882354,858075212,2050.914683553581,30.1871921182266,29292.92085129101,16.934511735728773,49.65119715888374,27.43450100016454,31.0,0.638684434830176,418316,13.59695299293514,0.13202155453102,-0.1797317772853039,5,15,198,0.4901960784313725,1.3376630624682702,1.2154865566909467,69.7020408107616,17.166668194500133,23.689681249056463,21.205884240264872,1432.7029103815096,143.58459663148932,1.682476710522136,0.5172771132069017,2.638620633285803,0.4086280515917657,631.7863370207513,1.7598272211046564,0.264932512932587,25.13536029224072,0.2820091189776283,0.4468617287379409,0.8986377623721314,0.6227997692176417,0.7696284071251762,0.4738701943344773,343.22524894651576,-0.1661127976522554,0.3659131618667987,0.880649714027764,1.7633721247269212,2.560811258177786,0.504207268281202,2.45031486465923,0.3940513724108017,1389.3895459877408,2.6097381226029857,0.2034568469242762,37.274516039618014,0.2535015643471426,0.3353769535369237,1.2094151358346057,0.7767049576566198,0.5891446214396439,-1.4277456767548218,522.4054966682684,1.7208786008511263,0.3387950923402862,0.6767906087492022,2.2173236046389744,1.522077853957695,0.3279798115350437,2.208338409921226,0.232057841031467,494.4479463009624,1.5568443861387613,0.1690755951703377,22.236185515977382,0.1685441733082738,0.2767749053115965,0.7853947841235976,0.6413601252826443,0.3047331532868869,1.0505132588886703,310.50388220736977,2.396422403324137,0.1722110196552394,0.8600252630731187,1.7193901896955015,1.4096947148856516,0.6376138330822682,3.2175056690247468,0.4998357523851704,0.3817793122194456,0.7266596756304214,487.92672882,1.5465437886765825,0.2954158372464501,22.08906355688262,0.3386012858486568,0.4887912965873105,0.7246980878346785,0.9640519544540612,287.57772183667294,0.8925344244591802,0.7057549946359283,0.0741630832828736,0.781622280656735,1.9241818037984888,0.1068031517933066,2.0196080228823687,7.686926090660119,2.0196080228823687,0.3507389751290335,115.24665461184472,2.597990483850438,1.5551271540805391,6.0736492425784165,1.368364723907591,1.4735984154007258,2.0772278657950385,1867.84848352,3.025908131000494,0.4135194277898537,43.21861269777178,0.8759862692542092,0.7753752096479675,2.9877962117066104,0.3270084870305161,529.9900587054894,-1.1047330170498295,0.8751485940239955,0.908672959584752,1.0098040114411844,3.110327006685376,1.0098040114411844,1.9435647407966627,36.2501529168069,2120.1029411764707,138.7000314005685,750,108.87673010380624,87.60294117647072,1593.3480392156862,920851895,2124.612877079253,93.4088669950739,30345.541600043984,76.06688882449531,127.05946786597303,27.81109921075328,163.25,0.2220434970264327,432501,-0.0234910494182689,0.5774278076778838,0.1349880625597462,27,74,202,0.4558823529411764,0.935010157771292,1.8067527125187728,4090.825863567234,2.058823642647065,11.044941335813451,3.088235463970598,18446.68673482988,192.5690304248166,1.190166097824724,0.5241068991288604,2.6952237609076013,0.4094010347010605,344.7267219119487,1.299937256992581,0.3121431340948324,18.56681776481766,0.2894219362812266,0.5270832918191193,0.6454218130613856,0.4941492261688197,0.6613823193079031,0.2033934023073038,242.7938839562437,-0.0331024287857615,0.337522589712315,1.027554318597339,1.5696852601025806,2.4039157616070423,0.5087002630131606,2.2614772360954234,0.4326487631999654,1231.4089611268655,2.456892027928049,0.244548698398902,35.09143714821133,0.2743158386430525,0.3918812967417021,1.2451602686068508,0.7030578494209179,0.7931330840662443,-0.7819773602937541,490.3988153678367,-0.2967370441722079,0.4221522522912873,0.7837924261961234,2.0619427972172053,1.531419628745637,0.4065946821051458,2.622939156437756,0.2682065207624424,511.99000498850006,1.5842206053495884,0.2385102411285767,22.627196136253826,0.2000474369527397,0.3891759654244035,0.7820924884002415,0.5411293475039483,0.247160002661525,0.9648915684095488,312.40960426411,2.522078334799612,0.1586865991570527,0.9765922711577004,1.435921696208762,1.3666972715957382,0.611064744797153,2.833177347274117,0.5008648082888504,0.4286986187735698,0.7168725939323217,456.843957,1.4964729071268568,0.2630814004841474,21.3739083229998,0.3386343193355597,0.4354010525311942,0.8581813812311369,0.6208675927401962,278.8062434055306,-0.2743213059552905,0.7458664641442082,0.0433170870215773,0.7243097795316474,2.152489026853737,0.118210693288103,2.058823642647065,8.526111204925156,3.088235463970598,0.3734504476183173,129.37755029728504,2.929564015637674,1.4789931444821205,6.246176755219977,1.246136225589037,1.2552469570886111,2.098734326858939,2194.84485208,3.2800980766661567,0.4427180368118321,46.84917130622483,0.835124773443505,0.7446055377125022,2.471875232780291,0.2722893672712307,597.6310591900855,-0.7572212437563728,0.8724711845655867,0.7395802601389772,1.0294118213235326,4.841027219524196,1.0294118213235326,1.7546221059187534,84.9407764289384
18,2.9326118064278046,0.1116640239124613,0.468722869382248,0.0924923853359498,1894.7773206617003,2.9347272760558023,0.0341516633997408,43.52903996944684,0.0624579016285611,0.0479745340653871,1.4759562591078097,0.9076017001583344,0.1647925422665235,-0.3900066235540516,645.174597414117,-0.5658121174263782,0.0818971633221516,0.4736469643979222,3.4482593743046666,1.6292466352454955,0.138437577107619,0.6038827940965334,0.1150565584018176,588.1749385043679,1.6350909600836054,0.041898158336958,24.25231820887166,0.0777811767605917,0.0586575691793619,0.8110884919030039,0.9101294463522293,0.1940227577493112,0.2375857310582071,358.434259754009,-0.736822986263026,0.0973482745080126,0.4671386800009485,3.198075212052166,1.5560265801199968,0.1808099544498212,0.6833194282776476,0.1528745124879203,539.8277184473493,1.5664489639240915,0.0317877258044443,23.23419287273284,0.1028991194042283,0.0490121727150285,0.8149910867705479,0.963039463009741,0.2922263432877012,0.1464502936733275,342.3258476263993,-1.054971830216839,0.1511899726070761,0.2988398045074294,5.783094441179382,1.039488470804215,0.249333149015193,1.1238948001391458,0.1952052036802473,0.1677690493314131,0.5422496150999031,251.33255901,1.0688408313555051,0.0434523205621214,15.853471512889534,0.1311647984736649,0.0695600703065531,0.3281744462453039,1.251049826256668,228.68746357692729,0.994000827348676,0.961018821356084,-0.2836818764234251,0.3075418653103129,3.9207217553528353,0.0235113696118109,2.00000002,2.9434382106619403,2.00000002,0.0519475891192734,19.698611458761672,0.6302885297284206,0.2426421216488028,1.1409234915662352,0.1989671046810697,0.1895888360593644,0.4524122140841596,100.29166738,0.6751823571181613,0.0482125082087216,10.014572750746783,0.1352045137173492,0.0710972931904446,0.3713530809316906,0.3137447190686754,138.66347654025253,-0.6469474308545093,0.9568244960628756,0.0124214219535165,2.00000002,4.324342918987358,2.00000002,0.0426375517570024,29.22126524434973,2049.848780487805,20.94136447451595,301,5.76309339678758,1.848780487805016,1535.1097560975609,861474867,2049.9552249720587,8.593137254901961,29350.89209887836,3.934433285509326,33.369955372589686,27.43166912088534,3.0,-6.777880155263742,420219,67.4354331782259,-0.2697401818651638,-0.0500936878105546,4,4,180,0.6682926829268293,1.6446371835278666,1.0858153492132665,3.302427172182657,14.13725616017658,22.60344824264303,19.186276217382503,52.83376756444949,137.45767912284884,2.004069836553703,0.1212481708407904,1.1246048894869196,0.0904497093556108,826.3396897679753,2.0077164431117613,0.0500789101776223,28.74612477827186,0.0603877248378277,0.1151767321948687,0.9877229380069664,0.547087559100328,0.1561529466474194,-0.7281686453532353,410.8343164935091,6.958839318662218,0.0789063636746778,0.9787245827901074,1.6986685120085696,0.4635557161082828,0.1422496998242251,1.5368293095112406,0.0904175248891573,48.17913522543267,0.4847887909506354,0.0528996653221219,6.941119162313284,0.0642278085314967,0.1371624936609635,0.2198984884647586,0.5337730411469599,0.1470774657706507,4.033342068981747,95.02892180219798,32.72678204156298,0.071434931983762,0.9947173566807258,1.7404095819210788,1.5902514830453445,0.1492767089041346,1.722177254569808,0.0960746960081211,522.970296069758,1.5972083818257494,0.0474684487838629,22.868543811746257,0.065312578100737,0.1474578280081926,0.794914081788615,0.5097327308901358,0.1340970907116687,-2.740182101615813,326.0015540242956,22.30177591985913,0.070858930026487,1.0182283061856476,1.5803365245193643,1.026956537911026,0.3071496778139599,1.2954655863759257,0.2609500638112468,0.2445367967156244,0.5391242678421516,235.44669342,1.071690466369519,0.0571657157005137,15.344272332697956,0.1721735644180918,0.1131004916694374,0.516856144964758,0.5247418660757471,210.5260902717604,-0.6072610555547038,0.9314399826742904,-0.0092113701569805,0.3787674178335977,3.883821288578174,0.044140878974219,2.0196080228823687,2.2710318550063207,2.0196080228823687,0.0894666255435567,16.506496404781736,1.3059208599656913,0.7619178369347607,5.413300095714582,0.5235586308435896,0.401870496324373,0.9383988794721824,468.03883817,1.510998439362562,0.1965903207110841,21.634205281682988,0.3667056451424411,0.5526626179388863,0.5988109676043005,2.2145502995755657,267.7137762929667,7.198358227396167,0.7368464886328179,0.0879503591587156,1.0098040114411844,7.249986220499688,3.029412034323553,0.2962504262836105,114.10570227089283,2044.8543689320388,4.640033151669395,39,3.144405693279292,2.145631067961176,1533.6092233009708,861378868,2044.8596077809304,3.4292682926829268,29349.256685647084,2.2988870471228986,5.30761073434338,27.403240529927032,5.0,1.7228770982301451,421240,8.66931490151708,0.3448395986463289,-0.2003998575055678,0,0,181,0.529126213592233,1.1810473352395348,1.4472980771967745,2.2096895779975867,9.00000080100007,19.89393494941739,14.00000124600011,32.60458840672365,204.0321959869595,1.2398122117513917,0.197984471154901,0.8929234200256065,0.165483473589567,324.68522942181244,1.2554448973957988,0.0459774837367787,18.01902409737588,0.1114011943964567,0.0702851233327954,0.6089548309708785,0.9368621933973144,0.316028689836985,-0.1872894936318173,255.40131562078668,-0.7304590814611087,0.1581907210653287,0.3665044141599995,3.429336122581143,0.5998379543798131,0.2633822612233101,1.1646562509386371,0.2089930515529152,88.34084191505544,0.6548580292113697,0.0405571788277573,9.39898089768542,0.1470633543281632,0.0526851574771029,0.2853643147875163,0.9799903826906946,0.3741674203256911,0.1131167354244826,123.5666186022415,-0.4616111877766409,0.1913633504180626,0.2065213717161474,5.114911946159169,2.000806026007094,0.2289777531968849,0.9765898067912328,0.1934292680338938,835.4126156126122,2.013802633492956,0.0375492789942158,28.90350524785207,0.1292624746956031,0.0483682820337138,0.971071571264722,0.97762619848632,0.3728245634709286,0.0625864167788796,412.1660413574614,-0.8203835194490496,0.1808774925790917,0.2178927525790486,3.840510522765437,0.8903814520054804,0.2793638150221977,1.1758779192961122,0.229013953741742,0.2109341094879367,0.4156943275362578,179.31154973000002,0.9329761069636504,0.0437866368681771,13.390726258496962,0.1544539923031178,0.0601723275964145,0.392230166481521,0.7115625267769555,183.4185791131289,-0.2462760761080686,0.976794291315208,-0.1721361659033541,0.2223918694584775,4.952425721216183,0.0371053687739063,2.000000178000016,2.729475746854761,2.000000178000016,0.0793608292798019,13.789124863185108,1.1105654705663075,0.5357321360197683,2.6701134328777942,0.3981603132864427,0.2615477293384088,0.8754748790863943,312.90809578999995,1.232465552778822,0.1123843106135729,17.689208455722376,0.2780275359809995,0.1542270285661623,0.4632985914403646,1.1178199622193208,228.77648693665927,1.2433409499191206,0.9585607156564218,0.1172941073213453,2.000000178000016,3.339065551858052,2.000000178000016,0.4083676176923905,16.540634264965387,2049.231527093596,50.53094915894578,661,26.90417141886481,16.231527093596014,1539.28078817734,852983802,2049.8513727210334,35.21287128712871,29205.886427225592,19.22035799639077,65.98848534418563,27.425049682304103,32.0,-0.8119455281366289,415994,23.02193395233681,0.1462818447618841,-0.2265706660254111,7,17,195,0.4729064039408867,1.330572346350721,1.1831748464955103,212.4471651011006,18.00000018,22.266619492231385,21.00000021,3339.2845023857435,90.40694655294466,1.719426297210037,0.5373845082297823,2.719758893674872,0.4214059230762702,658.4886248385395,1.8010514510290618,0.2982525176963165,25.66103319896803,0.2941206686396678,0.4934091593421664,0.8011752180083109,0.5776225309711259,0.7520262067529093,0.1539919981139,349.0435383336375,-0.0677911379412448,0.3758630380282741,0.9343108462628222,1.7134667306072409,2.486954481546188,0.5502544593591584,2.45031486465923,0.4394127780104371,1316.7049003853992,2.5468080093287906,0.2499202249924738,36.28642859782978,0.2845050485569274,0.4004838045381342,1.3244954516230878,0.7322577647937454,0.695116094741131,-1.1981840328264417,504.8517597538762,0.7596188068684406,0.3849149783626835,0.7407137219407751,2.150080991025042,1.5192598302249665,0.3754869472669602,2.217901105853444,0.2656559147668513,497.03460805095233,1.5647512086841735,0.210607940536366,22.294272987719346,0.192304529341369,0.3394258829928292,0.7473254918507387,0.5847449689086852,0.3505550129963362,1.1529926468218672,308.4097455356682,2.0467469695670144,0.1842427065555913,0.9204031500880362,1.638839953886417,1.3584612255721773,0.6900908598135541,3.2175056690247468,0.5543742815917564,0.4145111825605607,0.7207226996477414,470.81716073000007,1.5229236219442728,0.3346365338892019,21.69832161089885,0.3789039863008443,0.52148327903258,0.8259155622820671,0.7000986922402511,275.767628791152,-0.0157250450839177,0.7139350210371548,0.1546035983170065,0.7688521203507171,1.9264742409052225,0.1443487768913938,2.00000002,8.61383077005776,3.00000003,0.4917296781963345,108.65910348122804,3.036844726174531,1.4674582071038893,5.786427803585756,1.292583648620687,1.3744807458349872,2.1816716263833515,2307.1460409500005,3.3712388573417984,0.4021182799941705,48.0327600804909,0.8250899026881495,0.7075227474653991,2.728028870652303,-0.2092612725213714,616.4794794134298,-1.3135936758621232,0.8833474566395675,0.7424320285702409,1.00000001,4.613225815513948,1.00000001,1.740399321887166,65.06000451442668,2133.0591133004928,135.7577066105654,750,105.71574170690867,89.94088669950725,1602.2931034482758,927360951,2137.3536316665127,100.14356435643565,30452.60171151227,74.36460517972979,134.5495786277716,27.885937690424097,172.0,0.0116050163322496,433011,0.0932748199180477,0.5065215545123193,0.1283428071339923,27,80,201,0.458128078817734,1.010097219181819,1.6897844099676007,3258.303571874654,1.98019801980198,13.362197007723148,6.930693069306931,17515.291684282543,196.3696438474869,1.2505327947967373,0.4644463463172811,2.6395915799893244,0.3418723863574363,361.0314535237236,1.3335966656449498,0.2652778871164833,19.00082770627963,0.249814911450436,0.4653669422954142,0.5772000881461095,0.4971016732752808,0.497908258396587,0.0159243698287961,253.85815734373767,0.4550612418342115,0.2460899423271094,1.0145339457710951,1.568872279738246,2.519302031441548,0.4850806598902683,2.27442958264448,0.3972273401183103,1335.9484491150934,2.565351212394025,0.2178250226551654,36.550628573460855,0.2481323864205051,0.3766661571234507,1.1762129034074371,0.6973544909609873,0.6150351828824672,-1.206357158682068,511.4183123826343,0.7368249870146797,0.3458088622829454,0.7874355312986049,2.058232341767987,1.5057374640576793,0.3540700931842128,2.3935929233748183,0.2193733264684687,485.574655504641,1.5466070531554397,0.212655019534375,22.0357585643118,0.1689976608553794,0.3673965212950508,0.75400911181843,0.461601190538272,0.1846558843219805,0.7795379336610818,305.6647052037089,3.2208177132957654,0.1005812532556902,1.0540690836155244,1.3453202926428889,1.3575221385610976,0.5536702211411294,2.833177347274117,0.4408213295645622,0.3420314640593569,0.7171333529186525,436.02511458999993,1.4655739382315875,0.235871410232268,20.88121439452217,0.2950085836691595,0.4151622540257813,0.6688154104288961,0.9400392320816138,275.5769941279028,0.5050664428492855,0.7173561800336176,0.0582579154240527,0.7590554118582868,2.072866577660317,0.0869064938650138,1.98019801980198,7.864767073383137,1.98019801980198,0.3069929650569897,111.79798791929358,2.5607649975240987,1.5701283475056516,6.246176755219977,1.335138379405845,1.3562418180045013,2.0259371893984186,1829.1672382100005,3.0017788143525115,0.4080122391687684,42.76876474963943,0.8723860829333457,0.7193386836892108,2.631929247435272,0.6272463302568808,519.835294497392,-0.644322745504772,0.894653190670323,0.989430938607879,0.99009900990099,4.046670523537014,0.99009900990099,2.037231198881805,52.06593810563008
19,2.9303452120031395,0.1094927158536446,0.468722869382248,0.0897447935260346,1891.748588938816,2.932380811294665,0.0366630670744437,43.4942362726237,0.0610704253373452,0.056878747221727,1.487657603964638,0.8642722402288235,0.1564562794543635,-0.4075329359436885,644.6759466406907,-0.4678993360242582,0.0823696820692576,0.5726039369449467,3.1190377891263155,1.6101989526545102,0.1291256074587569,0.6731960800075552,0.1012109761280498,574.0544262963787,1.6153446385670074,0.0435791280986026,23.95943292935746,0.0699999860712417,0.0625006744594406,0.8184867411510333,0.8819770741468657,0.1489858515672666,0.4625481239815548,354.2437695839922,0.0922372206759853,0.0782324928908626,0.5335063765784334,2.8810634836213223,1.6041879578673426,0.1916817315115791,0.7405835339359894,0.1623489135050214,574.1986539934167,1.615547548600244,0.0365110070313764,23.96244257152048,0.1086253251690703,0.0601323570554198,0.7781030042502233,0.9506049955196386,0.3339096073560381,-0.2292823046562109,352.9213507308154,-1.0732924381316178,0.1659671704187955,0.3458481428278241,5.339771191445996,1.018831405795487,0.2501543837856694,1.1238948001391458,0.1907205030934685,0.1661688457091953,0.5370865706937334,242.0682456,1.0489567232601769,0.0432312097327329,15.558542528141896,0.1268914691474267,0.0704918509375447,0.2649765089347751,1.466802501803577,224.1429092750072,1.42027556984737,0.9600565794906938,-0.1847953323556381,0.3104203864447943,4.234507022207783,0.0247765840857218,2.00000002,3.6613587232547378,2.00000002,0.0657607011366924,21.62766857710676,0.5363248607662584,0.1921790547471916,1.0154056128178406,0.1558524058871975,0.1313554160521568,0.391888507677574,71.37003919,0.5695693715830009,0.0504486132318172,8.448079023659757,0.1061309427507363,0.0742150088581451,0.2654120360069121,0.2267733095088135,117.99146936857684,0.1058398361842516,0.9243247930660974,0.0067456452190912,2.00000002,6.029606174306632,4.00000004,0.0332645667633931,44.394238388031454,2050.741463414634,9.03025892648113,114,3.938512790005967,1.7414634146339267,1535.5878048780487,862152448,2050.7612483078024,4.490196078431373,29362.43259677236,2.977761836441894,9.547096879341352,27.43739082061485,3.0,-0.8072506900550123,420402,21.78378167405607,0.4408108559924396,-0.2215217578919723,0,0,176,0.5414634146341464,1.0860814834028385,1.2527619424146714,3.591409852916676,15.147060171617763,19.37515057345725,16.15686418305895,39.19926591656988,102.41703637730954,1.984531821052524,0.1200837295167419,1.0544805914651234,0.0944521731569446,810.3068433251685,1.9881439356604087,0.0439379849116201,28.46588911882376,0.0618407669805129,0.0963309707952926,1.0046952777443747,0.6780592326851274,0.1714726243247919,-0.4124619062015729,406.8290233157675,3.886571937410584,0.0856893602916781,0.8257216387528669,2.0548571003915304,0.4382920941977513,0.116977323167542,0.9836072010407152,0.0919659678106081,42.17196537006187,0.4535602542597888,0.0413172593324561,6.493994561905782,0.0612051961129141,0.0894655043104577,0.2292727791909797,0.7074354059070931,0.1752899613498388,1.4817040813950797,89.84987931053902,6.4710957335442565,0.0890358762499598,0.7880401183090132,2.0888714836491764,1.59365420376857,0.1333007869736622,1.3843011294312142,0.087976732152365,524.2703092045838,1.5991923406711852,0.0428442218965273,22.89694977949211,0.05823727575036,0.1268338092046879,0.7893154815633261,0.5470063410359757,0.1334349420459017,-3.2831632464760223,326.6991117725568,23.59432555279797,0.0680241131037058,0.9802473866466852,1.6781281797365666,0.9986497690658668,0.3040797264091241,1.2429008205788588,0.2593807692190835,0.2614141350925758,0.5132517249336589,223.30953298,1.0437024456349568,0.0557999831354567,14.943544859905227,0.1691318369855731,0.0995345312459372,0.4901300690764901,0.6373761227415413,204.72320265850263,-0.6203582249957136,0.9460521660636828,-0.2053284051195563,0.3364273857292503,4.959679167614091,0.0515569178113944,2.0196080228823687,2.593661819664421,2.0196080228823687,0.1037357302499773,15.20623575543302,1.0709502979920034,0.4987248625161721,3.733661028401927,0.3316782923742032,0.2279101410082766,0.822609411476765,285.86178451,1.1808673631348583,0.1615833579392464,16.90744760482788,0.2409444795316792,0.4662789442981669,0.4659095140986911,2.299048370551188,219.5448110883607,9.55731602103231,0.5627727818929658,0.0416059215238493,4.0392160457647375,9.514881988401372,4.0392160457647375,0.1985055303054544,142.91481346533493,2044.7783251231529,4.804610322306812,35,3.308694702613508,2.221674876847373,1536.1059113300494,848771698,2044.783941999284,3.287128712871287,29133.686653082543,2.3959176705847924,4.59659796711515,27.402795753841502,5.0,1.6638759368658205,415090,6.499388064803865,0.5399265816930217,-0.0480505096693519,0,0,180,0.5073891625615764,0.9659343312020642,1.5816219828440172,2.2688878532384504,8.158416567683233,15.149532678590194,11.217822780564443,27.25721558157469,136.2985874771412,1.2490992300531538,0.1990615998065332,0.8284955852872925,0.1629098481657904,324.73487910797684,1.264784253312974,0.0441651687954152,18.020401746575374,0.1111882862261677,0.0577261768835854,0.6277302191586802,0.9576477817742672,0.3118827453839603,-0.4144123116123453,253.5671437007902,-0.6291542320737649,0.1554837461474769,0.2953035950820398,2.9978425820441843,0.5709280488317687,0.2434562807690843,1.0541515572463631,0.1984647133250718,78.1423779498735,0.6204335761491072,0.0366094285819361,8.83981775546722,0.1358765462728082,0.0487480356656796,0.3097437553412795,0.9798851104618186,0.3526650667955325,-0.2645014513940614,115.89839391284906,-0.5844270547018144,0.1745561737402784,0.2029990571991116,4.349887253349248,1.9768972261695927,0.2162333620345824,0.8815773729815957,0.1864751023244999,802.7937836009867,1.9886299757120287,0.0364567469971761,28.333615787629128,0.1216460430749645,0.0464794106867836,1.0170384288114906,0.976854012763024,0.3560523113541878,-0.274438178670932,401.3101369124273,-0.9125962883124704,0.1754309890161791,0.2183514393841991,3.741522381233042,0.9035025333515144,0.2831706551034016,1.248830345134895,0.225663094867291,0.197444554387038,0.437976746511069,181.90981126,0.9466295181487538,0.0460799466819851,13.4873945319324,0.1551810155701032,0.0621697643334077,0.370997804273923,0.803757099968703,183.41101427035744,0.1317914255350309,0.9758417750600652,-0.0234867920714818,0.2217204101451675,3.8332166940663934,0.0403336696394999,2.039604141920808,2.702459871328672,2.039604141920808,0.0946534476460267,8.10391656405515,1.248685721501004,0.6168915233952726,2.795979751822076,0.5086008362810542,0.3908454391640179,0.8869320774731541,393.39299494,1.3920835200511603,0.1357920759370984,19.834137111051746,0.3357167346880371,0.184486197392153,0.7645248200049954,0.7588293293702383,253.48320146470385,-0.1445851040446699,0.9552084579755687,0.0669570670296132,2.039604141920808,4.462791669929395,3.0594062128812123,0.2796418485732435,19.061935744121296,2050.142156862745,45.21927296564792,661,24.996443675509425,15.5,1542.1004901960785,857843995,2050.638345137684,33.95566502463054,29288.97394925264,17.45363662706462,59.851087787605046,27.43105486698201,31.25,-1.4217790756601,418229,30.435907107991465,0.1113582346910616,-0.1880799622928703,5,18,196,0.4607843137254901,1.3547627683954482,1.1853609755983123,189.3724602681525,17.82352959,22.880976148543844,21.78431394333333,2720.551401135847,94.01928556564154,1.655664401407612,0.4707119291186467,2.619767204151648,0.3550686704911033,604.1884736616023,1.7209614185749604,0.2758703544424261,24.580245598073308,0.2517129778853185,0.461182315058271,0.8647698792164709,0.5142031498725285,0.5356693499117233,0.3367370700799399,337.75553788715285,0.4938975631625255,0.2689569571352196,0.9987659390295132,1.6168426769089417,2.5614907695239584,0.5196728068112504,2.45031486465923,0.4053504708341859,1393.314077026948,2.613421314258069,0.224070812597387,37.32712253880478,0.2578028944974777,0.3759030467308443,1.2217970086325485,0.7377270346779491,0.5795696015350469,-1.472562047157465,522.5441169828875,1.6347497137692997,0.3437811759366229,0.7374351387954257,2.18124327417756,1.5326570088812677,0.398162486115563,2.3892711733907435,0.2705186084098184,511.3859245680609,1.583285744230223,0.2027999254159865,22.61384364870468,0.1963179939335639,0.3284187679984625,0.7840955592361297,0.6595582110634233,0.2979997094376316,1.4599960647374863,312.6620298117786,3.1188701568344066,0.1719503946994991,0.8419174074139576,1.7632062257859478,1.3372586623642293,0.6390643226261854,3.2175056690247468,0.4943579679413911,0.3279295784965943,0.7033891611246079,447.71104025,1.481439152314331,0.3082058098581243,21.15918335498797,0.3386199852968317,0.4929795752412897,0.5760392039232243,0.9378026116361392,272.8007671223028,0.6136859459978088,0.7011321412757339,0.053500948056741,0.7868758192760377,1.9059430582287613,0.1032871799890666,1.9803921766666668,10.332889395517537,6.9313726183333335,0.4574429325480423,123.82912648796604,2.657127124101481,1.549942813259845,5.786427803585756,1.3864372645639718,1.6110245042337163,2.074603944191821,1927.97772199,3.0742269249724377,0.3752097168179845,43.90874311558007,0.8734694211961711,0.6794613000900848,3.276546965756226,0.174735196727724,542.0539333167021,-1.4210796600960791,0.9035118079382498,1.0418928015187934,0.9901960883333334,4.867339043607271,0.9901960883333334,2.117232700145218,72.77103833383443,2144.839024390244,138.9497314909117,719,107.8241046995836,85.83902439024405,1608.4634146341464,947007194,2149.313213053156,97.08333333333331,30773.481993430643,76.10533237685318,127.62627349521144,27.952135166726727,172.0,0.2913148976584406,439692,-0.0252050189959933,0.5775728197071456,0.0464273668915092,29,85,203,0.4341463414634146,0.943566911186372,1.8330020031222032,3520.102408873406,1.96078431372549,12.53063945315484,5.88235294117647,19555.80203576836,200.8368889298832,1.2172661508964564,0.4789214124577509,2.5453019814280995,0.3622384313632589,350.5466675735939,1.3076634675104424,0.2492284457337642,18.722891538798,0.2603754760955362,0.412831212811414,0.6447213166167738,0.6246072250185258,0.5658051705229316,-0.0467804475747117,249.5395609337736,0.1507979182580281,0.2623316164368934,0.8844273174468785,1.6579988124198433,2.498849027038024,0.4602530029068119,2.0813831090894848,0.381539620443457,1323.284420929106,2.540678247191434,0.2169650239993738,36.37697652264556,0.2433329726900985,0.3713731576733301,1.2991628097560357,0.6739298019696132,0.6865557791843195,-0.9808457328100536,512.2640505427948,0.1449139053344015,0.3481814261223221,0.8269660478342092,2.0887748935819817,1.5124110472011807,0.3630383751730935,2.445245775205509,0.2300837235268513,495.8009308347725,1.555165948065762,0.2176166748616962,22.266587768106103,0.1762201900160476,0.3697181867609782,0.7380214138641163,0.4799641141356193,0.1982700612663352,0.8055553036140759,310.04426467624205,2.883023619480634,0.1052871938281991,1.047168922073005,1.3825300315052491,1.3034888042783477,0.5749502054730972,2.6634504077961694,0.4648011993762603,0.3451571602218655,0.6782436675325603,415.7478466,1.42409208834877,0.224245964095169,20.389895698605223,0.3119153914168675,0.3926940783866401,0.7069930321075506,0.8034907353951802,267.2152048770613,0.015978611024233,0.7632973346858312,-0.0557528816230387,0.6989853322421932,2.229314302687281,0.1143778921298266,1.96078431372549,8.516443451785838,2.941176470588235,0.3608401100934781,120.2446641732711,2.7690793451665066,1.4860005828339655,6.028144253348423,1.276431128735661,1.390787802952529,2.039916564145152,2022.37142343,3.1408958046640287,0.378103196251798,44.97078410957496,0.8389495480575746,0.6410783659476765,2.664688399903204,0.3146943934815814,567.6612657591338,-0.908886214966894,0.9061205835709746,0.8870612170871469,0.9803921568627452,4.925402341735255,0.9803921568627452,1.809960234405356,66.05296021840385
20,2.934076104769205,0.099190089353543,0.409036468145437,0.0832191128767534,1896.0912390549656,2.935744631462167,0.0327624106010609,43.54412978869787,0.0561009235178734,0.0520876316932814,1.4876259875423723,0.861202188912156,0.1558765745925461,0.0006434956916298,645.4967430492252,-0.8404633156993082,0.0789642557488607,0.5788620062226597,3.0422459189631605,1.6127916010630614,0.1252563042306334,0.6199967122739949,0.1009582669159767,575.6772067042459,1.6176262163826325,0.0382204558153995,23.99327419724632,0.0687851895994636,0.05718542609242,0.7959175228461985,0.8956951878463124,0.1647856788549808,0.2529283963976371,354.8141522338736,-0.2156463128016703,0.0828706357646107,0.5033424623677414,2.998607349812522,1.5764705000348251,0.1873512771502617,0.7032029642754642,0.1642491475881637,554.4440419755249,1.5875138395610415,0.0319841915143818,23.546635470392047,0.1063436372896753,0.0537441674486344,0.8311721516058412,0.958725395007184,0.3640594475605141,0.2190369135728527,346.8235100076615,-1.294466265349823,0.1786074219231123,0.3161821739568121,5.794311289624362,0.9957318026224324,0.2234871893622761,1.1238948001391458,0.163951793591394,0.1338003320286269,0.5157428465167773,229.06428972,1.0203927268013482,0.0375887236421365,15.134869993495151,0.1104861179311679,0.0610397427560541,0.1844472761465178,1.691965762801514,219.0609965769351,2.4895723386850963,0.9626647204836656,-0.1468946902913951,0.3011159235097572,4.394401110625275,0.0215714155910252,2.00000002,3.523999235166515,2.00000002,0.0643252928419775,20.25999420183097,0.5157387723185389,0.1879220580686837,1.0065971097796038,0.1525253391585154,0.1352451301504041,0.3914559575927667,66.25094516,0.5487628447865087,0.0444675004467585,8.139468358560036,0.1035503446889047,0.0669965395680471,0.2618532824158868,0.3514284911081208,113.46252991007856,0.2723558955848566,0.9363621566314558,0.0083483039211772,2.00000002,5.072978856327821,4.00000004,0.0419877296299582,29.81889623606926,2050.8146341463416,9.043185089152583,114,3.940939916716223,1.814634146341632,1535.5951219512194,862214019,2050.834475013144,4.431372549019608,29363.481043636497,2.9906025824964133,9.524478267837551,27.437815649818383,3.0,-0.8233153044678212,420417,21.67364619179769,0.4453281131229407,-0.2146284056696092,0,0,174,0.551219512195122,1.0819379749961375,1.2561520654480591,10.985311287757009,15.000000870000052,16.55752859859113,15.000000870000052,99.67655725312164,52.21606789015748,1.988575460655684,0.1066601960548434,0.968814791986329,0.0819244829125602,812.9794194321839,1.991419911902773,0.0407244758722153,28.512793960469462,0.0540956578310889,0.0933793066107535,0.9717668765045174,0.6141113217096719,0.1560373884189561,-1.1796794268469726,407.6579694344151,6.4817955959714535,0.0769078517218637,0.9009033990527244,1.895131313514416,0.4427849975553738,0.102619453082258,0.9836072010407152,0.077448050830916,42.34027702110701,0.4544644504120502,0.0382056444921692,6.506940680619965,0.0527591595831091,0.0863864158421949,0.2074065553323621,0.6428045966930603,0.1422020868384534,1.6629729634033912,90.77092449885164,11.02076270213934,0.0736262767186458,0.867156797917571,1.905995776386893,1.585605595327166,0.1361297262992997,1.3843011294312142,0.0923159367199571,519.180131992221,1.5914100696294942,0.0429863800148073,22.78552461525126,0.0606702933778191,0.1268070224612623,0.7936111258798654,0.5653829654024596,0.1388653851239147,-3.007031788547771,325.049147042069,20.8245000172254,0.0721992559166688,0.9596632236374364,1.713706625188122,0.975222800081,0.2792962750768303,1.2429008205788588,0.2333198749321871,0.2237691088930465,0.4950164378224894,210.880507,1.014241292789837,0.0529626193023992,14.521725345150967,0.1521991585900549,0.0972717346692756,0.4174933737985783,0.8833673558449094,199.920674016605,-0.0127200611182005,0.9393320921179336,-0.208094134434541,0.3581497371899516,4.722356834698357,0.0441525841782045,2.000000116000007,3.3306247357966146,2.000000116000007,0.0964544062490788,43.31223453999943,1.061449270438794,0.5339606147277786,3.852564919962813,0.3793271630337176,0.2949826150608061,0.7793937925424209,289.13152688,1.187601655479463,0.1711301191488416,17.00386799760572,0.2695801260943083,0.4690365497059895,0.5883815705290207,1.828613135598679,217.59710043995275,6.927222092686712,0.6141819125523139,0.0473727131795447,4.000000232000014,11.79446597535488,4.000000232000014,0.2904297723280695,165.0126067871775,2045.1,5.02756222333923,35,3.402999999999979,2.099999999999909,1538.8675,836491832,2045.1061488343337,3.577889447236181,28922.16852174124,2.5085929648241203,5.083226925870957,27.404664780818777,5.0,1.629381879399893,409020,5.345547287558648,0.4864057103715374,-0.0928508352156463,0,0,179,0.385,1.0028503128503707,1.5402470322578965,1.3722449784105064,13.390001191710104,15.557031545272842,13.390001191710104,21.71273664291824,142.19360984764674,1.2087587500162504,0.2023214465673561,0.8284955852872925,0.1683091034027347,300.36540272865,1.225490519605619,0.0409969603895931,17.33105313385918,0.1139964864555368,0.0538766753790981,0.6299760121947092,0.9644665544807371,0.2922731137812002,-0.221773057273683,241.7517500032501,-0.8249662271300147,0.146628541229,0.2679688244349993,3.231856729256692,0.6059541284999849,0.2484111642234379,1.0541515572463631,0.2024391860421554,85.71599436489318,0.654660195692747,0.0361803328122018,9.258293274945071,0.1386432048588555,0.0472695234011255,0.3080545406012925,0.9818252811076108,0.3417561248275407,-0.3711180971158114,121.19082569999698,-0.5557425072686688,0.1852761814296783,0.1902060382675419,4.55663291797267,1.9903885532539736,0.2023982975032174,0.8815773729815957,0.1636006994937718,800.4813676804974,2.0006016191142324,0.0336373297826609,28.2927794265692,0.1123738799988228,0.0429597506311686,1.022670008786409,0.9774106972509876,0.2908118202421952,-0.4100012889575421,398.0777106507948,-0.4912888140477833,0.1443485452192494,0.2129490608641089,3.416299442006653,0.927176292576065,0.28886039225893,1.248830345134895,0.2338431279004303,0.208399663896524,0.4511643418507733,188.53580042,0.9709165783423414,0.0482923923195869,13.730833930246188,0.1586600361535935,0.0662319911982518,0.3785449455404014,0.7661993718080422,185.435258515213,-0.1295662788967808,0.9735102601587524,-0.0867344205876077,0.2283618139383229,3.819738671051216,0.0397261249742888,2.060000183340016,2.4495997230962416,2.060000183340016,0.0956028491382055,6.79439903346156,1.2449693369443524,0.5489468861716287,2.795979751822076,0.4599774087144722,0.3792179195070614,0.92895691530876,369.95692407,1.360067873434999,0.1251846176527506,19.23426432359709,0.3020483869492058,0.1712754665224877,0.7942285255032645,0.5705034437651343,248.99386738887048,-0.2533667216180388,0.9511937096522948,0.0612411187186933,1.030000091670008,3.685174025966404,3.0900002750100244,0.2886666269000834,11.741466968975296,2051.1756097560974,53.762808690379416,661,29.69551457465793,17.8243902439026,1536.0146341463417,863090533,2051.876634193981,38.26470588235294,29378.402492307167,21.42876614060258,70.31720844801484,27.43587814658672,34.0,-0.6521015940721697,420491,18.33182903735445,0.1445227821509779,-0.2146201168121706,8,18,199,0.4780487804878048,1.3431810955530452,1.175011656752761,283.63897840975784,18.00000104400006,23.01146825681192,22.00000127600008,3811.690276366951,93.84889866626835,1.6960783563693795,0.5046635229226124,2.7864952272489028,0.3832382687145154,641.6755625028613,1.7692158418734298,0.2586532563602023,25.3313158462576,0.2710498957934157,0.4305531007924639,0.8051199701050457,0.6351991280245732,0.5657829261213483,0.3381648564355267,347.6960630557228,0.380764542260763,0.3104015399744568,0.8752392405841276,1.7606949770942186,2.52291699116978,0.5330845591961031,2.45031486465923,0.4271631055030779,1362.820125627975,2.5783527787802387,0.2440404504272438,36.91639372457682,0.2715511733857538,0.4145366708328305,1.2867920115540892,0.6962604091229615,0.6050207534327794,-1.2610139012289894,517.1979831898049,0.8528429417463643,0.3806936782121979,0.7989747509200079,2.1121943381920945,1.532385408861837,0.41094653602775,2.770393134456556,0.2804116906723679,515.8329527815292,1.5862718260914055,0.2173449509139378,22.71195616369337,0.2025391217146488,0.3632169473365031,0.7646199223038372,0.6000772886587711,0.3160950477171329,1.2673510916151476,314.1390088166765,2.782297228437684,0.1844867721284,0.9079548826314948,1.672078941836896,1.2783046737639778,0.643860256127514,2.8746276435129468,0.5035936204643902,0.323782887737069,0.6454540123177749,419.55231199,1.4305931091172146,0.3022316767674448,20.48297615069646,0.3475481349134977,0.4980480420102993,0.6380030998378216,0.8394791596349047,262.0524581216155,0.2822051804039898,0.6993734607652785,0.2338255751627984,0.7945193220088436,1.8067635078464208,0.1178844309445317,2.000000116000007,10.15126212364773,7.000000406000025,0.4832852845349135,108.95262152667055,2.7914138315669024,1.540050290100818,5.707818896096596,1.377873077959601,1.619911640442616,2.0610111411944065,2081.1961905,3.18624803476195,0.3759574080535741,45.620129224937536,0.8689033003274669,0.6808122272406746,3.250142884127178,-0.0043743568386498,572.239835471215,-1.4418931141468352,0.9017890540530124,0.8960896118108573,1.0000000580000037,5.857322549126894,1.0000000580000037,1.8243984010589824,85.58094012721486,2148.898058252428,143.33424793243785,797,109.08233575266284,84.5,1613.618932038835,955470815,2153.6498879357864,103.15121951219513,30910.690949896285,77.76921619701635,138.39438167082065,27.97321136415352,170.75,0.0005662399090525,442673,0.26232669144186,0.5309544456665519,0.0864579993065419,29,84,205,0.4271844660194174,0.9968770022829524,1.7346322676559125,2296.043922953676,2.000000178000016,15.646943375516434,10.000000890000075,18082.24301620334,231.27521491172683,1.194938347926456,0.4534562393728371,2.5453019814280995,0.3410461310652104,336.2954220114749,1.2776940355967044,0.2393762062478196,18.338359305332496,0.2444726793018221,0.3917230348739436,0.62457672924558,0.6258338987190799,0.496796558521388,-0.0150895003977849,246.15729967285,0.4568881309358055,0.2576517833449359,0.8919172659558533,1.637604452186472,2.506323930459025,0.4342277286201325,1.848687176594921,0.3578772052320176,1332.6753994066976,2.54348148319824,0.2016510782548398,36.50582692402266,0.2327665260331662,0.3334820640493418,1.2431464125750926,0.7032852792142674,0.60145178514595,-0.9112151573540682,516.3027296745593,0.0557010748302948,0.3262254962811057,0.792878662096228,2.108510222801265,1.5228185699188814,0.3683562201005985,2.445245775205509,0.2379803294580681,505.5248302610901,1.5665261026850594,0.2196682270997128,22.48387934189939,0.181722622502229,0.3760454045335749,0.7516204257485076,0.4744879072821553,0.209788391757653,0.6339839815780868,313.7006254032896,2.4683390359037296,0.1177138364975468,1.0540034529300937,1.414938452401762,1.2648913342475872,0.5561489906725252,2.6634504077961694,0.4317760408505939,0.2890413948688582,0.6713651872609954,392.99656648,1.3812133516290837,0.2108508950793242,19.824141002323405,0.2949231179081466,0.3577728260580904,0.576803690542922,0.9883227489118328,260.56761485500294,0.6738004959791897,0.791651246158912,-0.0839931896980543,0.6641707055195678,2.3819120428492013,0.089521564016605,2.000000178000016,8.47103416174044,3.0000002670000234,0.3112534236172061,128.35345317140232,2.642275447041098,1.594769905009673,6.130610395149638,1.405227326818162,1.5146572809956744,1.9657739864846424,1959.58829007,3.084244561461188,0.3618911354945262,44.267237208459264,0.8928290610686711,0.6071982792515906,2.9032435537018824,0.4410722969467803,544.3087420904662,-0.9646949291121104,0.9273894061854788,1.0151110048110457,1.0000000890000078,4.603232140828556,1.0000000890000078,1.998955427174791,59.19958968070263
21,2.9351466949987084,0.1040700002312448,0.409036468145437,0.0882158517176395,1897.6908403792456,2.936982712967392,0.0328821638589814,43.56249350506977,0.0590440947098284,0.0520541365474014,1.4747801531234612,0.8739729019809295,0.1649829928111676,-0.0719689762139344,645.7322728997159,-0.9751992079919112,0.082965672857983,0.5513545494026851,3.168149022522964,1.615654338119072,0.1198340999146034,0.6199967122739949,0.0969134713185444,577.4194531812682,1.6200721829895954,0.0370729550500655,24.02955374494641,0.0654481984134687,0.0570190852794332,0.8207565657624314,0.8866516931306324,0.1544965350221216,0.4076130377254082,355.44395438619586,-0.1765647999280357,0.0827183838531633,0.5245916218718933,2.96881806066636,1.5932248312321613,0.1904051670807917,0.6778545649773717,0.166098248195147,566.3800337836278,1.6045107350892016,0.0315223808333199,23.798740172194574,0.1085002777019066,0.0528048286824092,0.7773307866247405,0.961454960211259,0.3606000312438711,0.1345007048423827,350.50946287107547,-1.258978329987216,0.1769302970539767,0.3056900354493214,5.9668421772856615,1.0006403337974743,0.2233043268468753,1.1122608895226924,0.1604997201153924,0.1250864424794121,0.4846838576530344,231.20223318,1.025143522501739,0.040244165307518,15.205335681266623,0.1089349939592609,0.06332724701952,0.1903039129198085,1.7890878357282014,220.14087343544435,2.8194797513074774,0.9597678142851792,-0.1190793172825337,0.3126570624203887,4.133758232292543,0.02122669275085,2.00000002,3.712755230183248,3.00000003,0.0703234191258819,18.32432452321876,0.5601020324432738,0.1909408545451549,0.8917366284017525,0.1524584840561859,0.1360882903671924,0.4168333304684603,77.00153485999999,0.591613874614485,0.0464316373075952,8.775051843721494,0.1061298409192168,0.0684587135241641,0.2641022675796572,0.3985683386650954,123.22244713752023,-0.0517607093914018,0.9357187794174684,0.0084290893055867,1.00000001,4.789075353682785,4.00000004,0.0401643137523193,29.54507973580452,2050.8829268292684,7.0053166937629605,102,2.9635217132659064,1.1170731707316008,1535.6341463414635,862264771,2050.894832660648,3.3529411764705883,29364.345233633256,2.178598756575801,7.006299686290735,27.43825896703373,3.0,0.7258225963362964,420431,32.85480064042968,0.4997713013142019,-0.0973328408114211,0,0,173,0.5317073170731708,1.031866032317084,1.2570275466698146,8.434972712806545,15.000000870000052,16.024113402903613,15.000000870000052,75.42277232726609,46.59023129105654,1.9861483149843613,0.1035033905856403,0.8653341994170605,0.0822898285597688,810.8663936486151,1.988830264923624,0.0330521333258674,28.47571585840495,0.052573373533046,0.0802842544410271,0.9964413813422436,0.6990443077438552,0.1563756869557004,-1.234808889306504,407.16040457179406,6.931695528401612,0.0782005365560496,0.8002718092832204,2.1429113021249395,0.4358559365248005,0.1002668772122835,0.9836072010407152,0.0780257279274247,40.99483458764599,0.4471854233610101,0.031589457948947,6.402720873788423,0.0514239990602426,0.0796661029926951,0.2292073815119598,0.6839957039516885,0.1479919472544185,1.8914194406708305,89.35046698758411,12.35844365033169,0.0769727781064528,0.8197875120964471,2.075484482813081,1.5854891882218058,0.1225328062410726,1.3843011294312142,0.0823523276541693,518.3869878989732,1.5901940177668046,0.0358412325585329,22.768113402277606,0.0516100331335012,0.1131452397956091,0.7892350757305151,0.5704982924023325,0.1086975085524208,-3.870745011346053,325.0252835854702,31.137638581538862,0.0645319320426254,0.9532136198074586,1.7518464975173558,0.9893728612182652,0.2838670146076459,1.2092820704757006,0.2340488591096117,0.2148372196884516,0.4625815580105879,217.10444332000003,1.029099638021319,0.0501152558100139,14.734464473471713,0.1541595922325633,0.086896920979212,0.4122464141413532,0.9330511594353832,202.8214365497444,0.0727933338258917,0.9530916605504234,-0.2691354906204986,0.315568266319353,5.133614567440826,0.046840247166635,2.000000116000007,3.132868171686872,2.000000116000007,0.1040658629164206,33.46242702713955,1.0345593179921837,0.4351929012726142,3.614890336195381,0.3302025012216771,0.279370109912513,0.7584350526799069,258.05030510999995,1.121954533903376,0.1228715001654629,16.063944257560156,0.2298992944625931,0.3282514359380446,0.5377259394707529,1.2630307881104312,212.08466018839763,6.063515536494887,0.7136074846948433,0.0367091013706661,3.0000001740000104,10.998143555022848,4.000000232000014,0.211526173732446,150.30187457746197,2045.3636363636365,5.435483145806635,35,3.717063684978098,2.63636363636374,1536.7540106951872,782322315,2045.3708200333383,3.731182795698925,27970.025294947445,2.6830544534529355,5.352117458569326,27.40619299904356,5.0,1.694150949035739,382483,4.442949910393036,0.5053755317540309,-0.0066016195676752,0,0,167,0.374331550802139,0.9389520413634233,1.5990569844124802,1.5367085660098594,13.290323763483975,18.16442050979808,13.290323763483975,21.49339520280373,192.70746121863613,1.229731637093071,0.1843907289909311,0.7852911623567213,0.1494953782074424,289.11285017747423,1.243405815628765,0.0400771784587292,17.003318798913178,0.1030906373751528,0.0522588493812544,0.6025040398780372,0.9595520790478894,0.2798536846636144,-0.3012975718043587,229.9598161364043,-0.6572908276509839,0.1413824627936668,0.2709043452635262,3.351241311638891,0.6009481690236532,0.2139519443683762,0.9111625724360506,0.1729138772225814,76.04716806330444,0.6377063179333488,0.0361117304077487,8.720502741430934,0.117706460828141,0.0476285307727933,0.3056268424873656,0.9750488229050934,0.2835331298543857,-0.5905151483810918,112.37730760742316,-0.3363969104058641,0.1436207249706365,0.2089835275384001,4.301538334907725,2.0063724939228287,0.1921751441401881,0.828919239185794,0.1543332485622973,759.6434384779168,2.015505985326577,0.0319429923318938,27.56162982259788,0.106456326336381,0.041508586936202,0.9974071141968412,0.9765372578906976,0.2715948955229696,-0.362819000151066,375.19165636356894,-0.2988493416450133,0.1354130690918245,0.2057988117866545,3.3348205737826606,0.9693055660117796,0.3011186340858654,1.248830345134895,0.2477983291419013,0.2157172765592431,0.4942434301292899,192.56153573,1.0147614659518505,0.0494795163335778,13.876654342095575,0.1680011583840409,0.0682016087675828,0.4211026954367605,0.5185294656604706,181.2601408442028,-0.5513261960028699,0.9743216016957628,-0.0275968144821414,0.2157885815961502,3.955514496789936,0.0286882622795554,2.2150539605806627,2.4522278460173523,2.2150539605806627,0.0787070191326022,7.687678531806752,1.3377526160672304,0.6199320341449321,2.795979751822076,0.5168211867155807,0.4399579736238708,1.0212964097999395,406.13457077,1.4737172810408727,0.1347245155553427,20.15278072053581,0.3449039760947237,0.181313369419334,0.8875624430556568,0.4718062319409271,250.15973920457208,-0.3994824552978482,0.9570686239346244,0.0819173071436622,2.2150539605806627,3.569494897144521,3.322580940870994,0.3247625701665907,8.736624070224789,2052.560975609756,52.88956714484444,661,28.24770969660916,15.560975609756042,1537.321951219512,864236995,2053.2389582102214,35.76960784313726,29397.908003801906,20.32843137254902,65.34234881774306,27.4440585784593,30.0,-0.7180887776690282,420775,19.834837335320035,0.1286871706001161,-0.1557828526173255,5,16,200,0.4390243902439024,1.2691183099087169,1.150368773338508,130.15846122985286,18.00000104400006,23.1627131997593,21.000001218000072,2011.10174513759,116.40130408836886,1.7372529899080729,0.5153139206724532,2.7864952272489028,0.3995235699669957,672.8717110587488,1.8117121817647728,0.2810257659850931,25.939770836666018,0.2808043977985564,0.4369964734272316,0.8586183027158479,0.6393898773496322,0.6566479674994687,0.1830471059320281,356.1368629311549,0.1104504207179233,0.3373539887199299,0.8698696061630017,1.748190314830797,2.463355790508135,0.54561870744134,2.390024269380929,0.446229946917152,1304.6957127567723,2.5227701699760208,0.2706292311528855,36.12057187748794,0.2879108113735315,0.4276120637119167,1.2610970504626788,0.6874430567635054,0.7553265289634172,-1.022291728988647,504.9879370541676,0.2459772445318941,0.4254990600142689,0.8051428937327049,2.0809940891460497,1.5535252565042654,0.454700619937098,2.770393134456556,0.3249966779244783,536.9328895016331,1.6183895782033553,0.2493673404537707,23.171812391386936,0.2325112593720983,0.3868774944322323,0.7718466418942818,0.6359253930088034,0.387332722984935,1.022633717811635,318.47267758337443,1.563539736629595,0.2174666447691298,0.8742680805611013,1.7220064935885722,1.3317309439783485,0.6912277929786089,2.8746276435129468,0.5555236001901582,0.4043687680197845,0.589855813785683,461.03935376999993,1.4996574466906214,0.3330316673109858,21.471826977926213,0.3770314301771811,0.5150445722723882,0.8454812588996752,0.7528738699946307,273.00484351556145,-0.1154729234204889,0.7177339027674516,0.0784660548014158,0.765323624298126,1.976293611741716,0.1212962789303403,2.000000116000007,10.58649066564798,7.000000406000025,0.5173789484722128,134.10473764182083,2.8026819828966,1.5714002933768836,5.707818896096596,1.4012323338552015,1.625685568288637,2.059721696853144,2114.0173628700004,3.211273862329099,0.4312873696770385,45.97844454600438,0.8863995800986908,0.7441136659140835,3.287372372800911,0.0521493798169843,574.549806493803,-1.442690604244538,0.8874795609354458,0.9746885914927638,1.0000000580000037,5.762965982980962,2.000000116000007,2.0706611573201137,81.92166212159168,2138.878640776699,129.94058616076055,797,100.44556508624753,86.0,1605.0776699029127,945870513,2142.802938218733,98.33170731707315,30755.007933668297,70.51546294103717,130.07761285422507,27.92118366282959,171.75,0.0652202219830011,440609,0.3626855119246457,0.4937657294922591,0.1326874667495157,30,80,205,0.4563106796116505,1.031606907068602,1.6719429069498393,2794.6606267318093,2.000000178000016,13.155881693049032,7.000000623000055,18728.77135338641,209.85365271482056,1.2326782428585707,0.4352283109617117,2.635651688823916,0.3271853157225385,351.84795893170974,1.3069046639443016,0.2056341180323877,18.757610693574748,0.2337967325453381,0.370359435596326,0.6055617369921042,0.6371580815432996,0.5050840133531503,-0.0691950578508773,253.9317180288656,0.7712150248839098,0.2487472823547379,0.8753038998141104,1.6189992925914658,2.56691924680029,0.4116094237333399,1.7793699696982888,0.3304637418448533,1392.080905566065,2.5995527113071573,0.1674572224892518,37.31060044499505,0.2165895766056526,0.300118995090573,1.2766408556619555,0.7340131549854809,0.4929587829251658,-1.107730205270368,528.7853648408598,0.7154166486465092,0.285416695230487,0.7503419971853121,2.288793474324545,1.5091175273972677,0.33608111401991,2.6362645849004163,0.2068884003265005,492.3066121846914,1.5459100631106124,0.1815971076641215,22.18798350875292,0.1586644995886167,0.3259129204928031,0.7666707320625891,0.5231103407041212,0.1970796860057235,0.2348589290516319,310.8782106438371,3.7680690375964896,0.1000951896849853,0.9991926117111628,1.4036532647517015,1.2512621952647351,0.5086173969692921,2.5921834326130915,0.395032037814346,0.2769603592316103,0.6203372954898997,375.5571483299999,1.3502195943839106,0.2051452949345414,19.37929689978457,0.2687007720582737,0.3570127453057163,0.5640768853538809,1.00939772106849,257.76001222453544,0.9767150620981826,0.7533212360465485,-0.1254690072272051,0.7218393584127005,2.177929789381915,0.1009691222563401,2.000000178000016,8.245902632670504,3.0000002670000234,0.3771810938251123,111.54220795786928,2.582219890324174,1.513091122948644,5.789587799036554,1.326914519539224,1.422450013782306,1.946718242858789,1842.91524277,2.991018304672089,0.3078885902615629,42.92918870384112,0.8499634817006194,0.5456149302352373,2.634039656662253,0.3998106640122615,531.9372974067799,-1.009221198852257,0.9343296728808236,0.930376705321582,1.0000000890000078,4.784372986179655,2.000000178000016,2.019222371147705,51.52746342242674
22,2.940582376427122,0.097976720636112,0.4020084669169073,0.0838891877327217,1904.447713637099,2.942206742656312,0.0319998231452312,43.63997838722081,0.0553188911646652,0.0513531502751952,1.4728348391782176,0.8614508302684581,0.1649615863842113,-0.224105468054651,646.9281228139669,-1.0081524722599804,0.0827405026899381,0.5777158033299077,3.062754557257871,1.6052454090887385,0.1211529912845287,0.6199967122739949,0.0982557248292475,570.113313506188,1.6097900957270344,0.0348974953225216,23.87704574494483,0.0667136926917856,0.052646704420752,0.8247354225019782,0.9047241737092968,0.1697656974617138,0.3482507620927439,353.1539899995224,-0.264773915292432,0.0889049036375744,0.4789145094184937,3.046255372819897,1.6007484580277551,0.1816817878791498,0.666600645738401,0.1567346013891458,570.9558492714971,1.61097916197727,0.029577632114777,23.89468244759693,0.1035070185726775,0.0492855633258337,0.820264167223563,0.9630304280402384,0.3139948402891814,0.1707705960708878,352.1646607661062,-1.1646954117837505,0.1570286119499245,0.2988967159072261,6.103605303975934,1.0056292351754277,0.2131852248354896,0.947712208632304,0.15581699881647,0.1154012747717173,0.4985692443653041,232.43693378,1.0278771897370902,0.0369997670281047,15.2458825188967,0.1063802954781372,0.057509558836376,0.1788867749750107,1.5898147925769774,221.23843173859404,1.899958706192678,0.9635374600906716,-0.1808338544703457,0.2974071752169828,4.450186445319913,0.0194061229612015,2.00000002,3.400486175834855,2.00000002,0.0585166768393075,16.00189947556765,0.5398457682955787,0.1966616041033067,0.8917366284017525,0.158292406204611,0.1502614464610273,0.4200320866636362,72.58535703,0.5743983295984194,0.0422243486162815,8.519704045916148,0.1093367080397138,0.0636659010018018,0.2916734103108649,0.4858572305033342,118.76606902502732,-0.089630401793284,0.9471224843021104,0.0098608930843884,1.00000001,4.039652503429783,3.00000003,0.0364820205764712,20.41230255855661,2050.902912621359,7.359101964177223,102,3.188236403054017,1.9029126213590644,1538.2038834951456,866488870,2050.916051545122,3.785365853658536,29436.18300663318,2.3854132133554344,7.956589537808943,27.438367938345444,3.0,0.6929082798214903,422486,27.055023738694413,0.4155132869345199,-0.0626222114321493,0,0,178,0.5194174757281553,1.1163389446635834,1.2984715381459786,11.95269608440041,15.000001335000118,16.181140110131235,15.000001335000118,107.69844460136444,42.85244485584818,1.975213790425092,0.1038815513663254,0.8494413239031902,0.0799146516276949,805.9149529108306,1.9779303600672795,0.0321219198878193,28.38864126566875,0.0522538771169921,0.0794116541441931,0.9948379780021472,0.7034632943500094,0.1396287313160984,-0.9064952104405,406.8940408275689,6.422205639367704,0.0699741642706957,0.7890982586493808,2.1784050068543563,0.4281269945556475,0.1027349285648531,0.9836072010407152,0.0793166612694624,39.92196647143504,0.440222618393047,0.0308477376999544,6.318383216570124,0.0523746915605503,0.0786836140225311,0.2211481224736735,0.703553266018104,0.1418133822993083,1.9941384813841123,88.19416087846339,11.608849128730514,0.0738348549314304,0.7906445740589368,2.1498313168970262,1.5781570792736122,0.1326379617577763,1.3843011294312142,0.0957252225456981,516.6659618977999,1.5836941603979728,0.0382479817986436,22.73028732545632,0.059279892885512,0.1153072638532919,0.7996262597098286,0.6205222823896238,0.1595888258347422,-3.0836810884517245,325.1003583303641,21.483109349673143,0.0851605581171125,0.8975646445797415,1.861454404078757,1.008675933630077,0.2599752424290745,1.026292963470938,0.2230387242322811,0.2212136908614934,0.4852143795220032,223.44535162,1.0414826800828814,0.0493867351302313,14.948088560749165,0.1456570284182509,0.0857889020598307,0.4400268360653475,0.5283987275092861,207.78724232779587,-0.7201821498204355,0.9447706854107376,-0.3175180913807508,0.340232291768869,5.016756158066134,0.0392227812906918,2.000000178000016,3.6412075705143545,2.000000178000016,0.0853022429754251,56.39169618991705,1.0144546103068357,0.4644471170358888,3.6588668498997374,0.3593663927743954,0.3070779812319562,0.7745338723523445,256.21912074,1.1152498103629354,0.1327963119617314,16.006846058483852,0.2487991333623253,0.3333558044052473,0.6085422662900614,0.9956308366755136,208.97764972320817,4.51379651573977,0.7406407306113817,0.0387055054750884,4.000000356000031,12.48736020052041,6.000000534000047,0.2645279046884532,170.48456812196628,2045.1091954022988,5.49246740480188,39,3.777975954551457,2.8908045977011625,1533.8793103448277,727755281,2045.11652845077,3.976878612716763,26976.93980050369,2.7493189821274333,5.478280815515176,27.40471140312069,5.0,1.256352658719572,355849,3.5923103239553966,0.5025784385826567,-0.0614580154036588,0,0,158,0.3850574712643678,0.9122165979965,1.602981265141471,1.6314612546310532,12.264368233080472,18.82328492135485,12.264368233080472,19.99378511750293,216.66962320391403,1.1755611307608644,0.1913598344318714,0.712150838614633,0.1613512527735019,246.7932665735489,1.1909458874124104,0.0386563087160402,15.709655202248994,0.1083779061768399,0.0516301623744973,0.5829152508360098,0.9634332583649192,0.3031830610992994,-0.1092232206083614,204.5476367523904,-1.009303938625028,0.1503429393792892,0.2405015399416625,3.8185089774387686,0.6357454395342947,0.2373309019336118,1.019217658406094,0.1953669664420969,80.07036447980929,0.6783616354899878,0.0385954667123539,8.948204539448643,0.1313523857094423,0.0510805211136835,0.3364581392300068,0.976804614142964,0.3324330122890296,-0.4528048603183944,110.61970647896727,-0.4173178033666462,0.159521260955414,0.1908902805787815,4.614227458240912,1.99832598659806,0.203740332596448,0.9037578401610842,0.1593948062621501,702.0166255769675,2.008625975116723,0.0342166714071447,26.49559634310893,0.1124576562816263,0.0435379667428805,1.022741429184871,0.9771546533548542,0.2709031189247284,-0.2443440798123313,347.7087216680624,-0.2420461510039619,0.134639708568781,0.1897665415327611,3.4761828040158527,0.9154566581550072,0.2829226966552347,1.2264783487131865,0.2338921869941783,0.2205519632611374,0.4762943212862585,159.67042401999998,0.9579384714361728,0.0466417878786672,12.636076290526264,0.1559365902346817,0.0658387007585989,0.4037141026863639,0.7377162131548718,159.28945851897126,-0.2327292919300112,0.9728748292070164,0.0142894444260867,0.2122325733903526,3.9962835873960487,0.0365712499234969,1.1149425666436794,1.968109015049304,1.1149425666436794,0.07911463208865,6.182625107208806,1.4385234870559174,0.5984903035263026,2.5943808289797383,0.4862892287958654,0.4105995646924331,1.0814170666979426,422.03385048,1.557395871097116,0.1431739945270853,20.54346247544459,0.3346098108214135,0.1877095859757724,0.8679425768500526,0.2793579401458856,250.3030867477296,-0.4573442639809628,0.950804438289946,0.067181802187423,2.229885133287359,3.332584354596273,2.229885133287359,0.265554442780656,6.873114365371528,2051.6975609756096,51.26905426662899,537,29.75733491969064,16.302439024390424,1536.690243902439,863476108,2052.33490824713,36.21078431372549,29384.963978198102,22.06666666666667,65.11968618944478,27.439364471405383,34.0,0.3618404665526944,420598,11.095384272051676,0.1932936911716838,-0.200502594082351,8,15,202,0.4439024390243902,1.30534386675561,1.1902295317524798,162.42216342844426,13.127452148735395,22.25903836232632,21.205884240264872,2385.677533516175,117.88339236807929,1.7265205866174065,0.5157560664120825,2.470774861493192,0.4100268682855292,665.3439151711475,1.8015493537523743,0.2428071195554035,25.794261283687646,0.2828021680434128,0.3753164751867284,0.8642546739365226,0.735121268869953,0.6957114460765494,0.5314852649071958,353.93672025656826,-0.1441158607594439,0.3641010486398948,0.7473249693372473,1.831466646068062,2.4904862092514914,0.5280994255778517,2.390024269380929,0.4282437229075236,1328.4102761590457,2.545594258244055,0.2377058613126266,36.44736308924208,0.2757866471166,0.3833873142713011,1.2531822393333167,0.7347483762214236,0.6876183480064317,-1.1121436825375093,510.5496728965557,0.5610186096557004,0.3848306447315091,0.7468271139854842,2.217908172840794,1.5210471584887566,0.4288224324260167,2.770393134456556,0.3010335330461336,511.798104385638,1.580055732863348,0.2214093990228006,22.6229552531414,0.2167814215862775,0.3580998615681051,0.7729607754386145,0.6436558926360896,0.3491978274204577,1.0396376868945338,311.8146674901951,2.1005123786726565,0.2073145596466741,0.8586298987906186,1.7288159701397137,1.3109555476220764,0.6622300689181134,2.972067427868456,0.523891183166245,0.3648190775502373,0.659466332225902,441.7778393,1.467996542994534,0.29385671831969,21.018511824104007,0.3603285949717599,0.4814473027494473,0.7198051601186664,0.7242779028897094,268.7458872625257,0.0528270888153148,0.7354040373821193,0.1786744623492087,0.7473561085851582,1.9835792757795023,0.1214865662182595,2.0196080228823687,9.871842899815029,3.029412034323553,0.4077123157535331,126.54764052370795,2.6838815384898704,1.5338973993403275,6.972625728733728,1.3487030815640184,1.5598966586983316,2.0749882825619004,1956.63973436,3.089431026912364,0.3993649118887671,44.23392063066533,0.8624800270613104,0.7462128296577673,3.118902997586321,0.2783247228052137,550.1957153904234,-0.9990510793837696,0.8812707983778988,0.9622937629294092,1.0098040114411844,4.64529523927064,1.0098040114411844,1.95509904800576,68.73446596660007,2128.360975609756,134.24146534752728,797,100.59145746579418,80.36097560975622,1591.1975609756098,932309928,2132.569648878337,97.25,30533.75063761411,71.82230989956958,130.38951825429925,27.85962422596977,161.0,-0.0159725605220867,436314,0.766002027780214,0.5271679237636129,0.0951998874221573,29,77,204,0.4439024390243902,0.998568954803706,1.7058736851459322,3518.042703988245,2.0196080228823687,13.935456605406916,6.058824068647106,19296.86259176736,220.04917575135224,1.1785557711720394,0.454114891443354,2.635651688823916,0.3505598813818613,326.8126579460429,1.2626195339617048,0.2739464322031708,18.077960558261072,0.2456322529053343,0.4529466698793982,0.6036751656620465,0.5024147722444852,0.5338185626328539,0.1166862227076934,241.60393309026807,0.6261393699001121,0.2635147881949726,1.0238957058721352,1.5073808285200003,2.4707220024596364,0.4636105475849004,2.380970364628666,0.3636411395587875,1295.262465680544,2.5136335236315985,0.2230598133409764,35.98975501001006,0.2439218769825548,0.3856850386855445,1.292362396217974,0.6528211027793117,0.6230443181261496,-1.085957866079281,506.4980105042255,1.095399118159358,0.3320917322270449,0.853878611482092,2.005215027865668,1.5162682316745648,0.3798160597454138,2.6362645849004163,0.2461039453780513,500.7383056340984,1.562890233235189,0.2397389435505791,22.377182701003683,0.1885973892839472,0.3967733080507628,0.7357538131584604,0.4542707051078066,0.2569320758201854,0.0608597746280922,310.8349874932858,2.278935154985876,0.1288502941932654,1.0736929546356937,1.3665179961451668,1.3044262702232228,0.5709569491946367,2.5921834326130915,0.4535713199143507,0.3345202026063633,0.5914545819429463,415.31555328,1.4233515125207554,0.2737724722939479,20.379292266415927,0.3053214335663969,0.4555213125256214,0.6523803485792391,0.9557226093482016,267.4073853957607,0.4536012991567637,0.6805402240069885,-0.1147523089657247,0.8185450574167492,1.98822291131427,0.0988158818557928,2.0196080228823687,10.09457578918491,3.029412034323553,0.361426772590835,152.37626375365997,2.745361367221328,1.6025360622117284,6.594147257066961,1.3985433075368303,1.5418923376578215,2.008374006887566,2068.9837059700003,3.1768858090520187,0.4439174457799074,45.48608255246873,0.903476250691892,0.7421676012580969,2.990225008333053,0.2801838573979565,562.7990802803722,-1.045806583262222,0.8924897941003312,0.9850156734953258,1.0098040114411844,5.208774521842334,1.0098040114411844,2.303726878861088,76.48941071865306
23,2.945882050174508,0.1009028933152865,0.3794590953564407,0.0855131176095827,1902.7499545910468,2.947601729718033,0.0294097855560975,43.620522172379445,0.0571380739925054,0.0424281850783257,1.4731520075776572,0.9114179368007296,0.1592146397981215,-0.2103446429683208,645.1481689882171,-0.968790530753116,0.0794921246509079,0.4604059668977556,3.455543286544501,1.6098166253723118,0.1257012324724697,0.4907821828699854,0.1045194913228989,570.9851696104276,1.6146944656495277,0.0367561428611855,23.895295972438333,0.0707005287044939,0.0532827923434729,0.8160045287895398,0.9099653812298908,0.18983652714627,0.3885754204332295,352.5498409565363,-0.7612981744186773,0.1002867647315746,0.4639823498318517,3.057640731081551,1.5695693412491791,0.1756502092041949,0.6300807126923849,0.1481063173891555,546.2429469472528,1.5793226496579524,0.0282354489590943,23.3718408976968,0.0993748796062568,0.0429133607923844,0.7945245410474477,0.970037946744386,0.3040923445229717,0.3762202979445348,343.7356857335702,-0.9641627611076822,0.1490008906265476,0.2665504858209828,6.272855955215309,1.021271734887064,0.2269759850798565,0.9797730405281808,0.1778690466258513,0.1530184365921484,0.4986591507560149,239.64705979,1.0460778230258416,0.0417029065364771,15.480538097559789,0.1193833638423896,0.0619502273375398,0.2733683067844634,1.2222336612731597,223.65850994026704,0.7926366738908315,0.962427111776137,-0.2108275704162069,0.2987886195800903,4.377069387519009,0.0205944103674946,2.0183486440366973,3.3357010066306385,2.0183486440366973,0.0594345876807684,12.214165258939769,0.5369771684600965,0.1804704216154208,0.8249541706860593,0.1418275162813277,0.1257069288365613,0.4039716213321676,70.24760793,0.5663614861673582,0.042161882627471,8.381384606972764,0.0989599690930045,0.0652314174033693,0.2273801345714276,0.7837279948680836,117.59799989276112,0.3948507146638196,0.9337000215348076,0.0067816445163312,1.009174322018349,3.9693563842116655,3.027522966055046,0.0202534596862086,23.772004919108586,2051.0728155339807,3.4808940307931246,41,2.11697615232354,1.0728155339807015,1538.2985436893205,866623821,2051.075754921593,2.721951219512196,29438.475181299727,1.4830215486620886,4.969173263917175,27.439414275614528,2.0,1.1128255427737637,422521,14.101860116514136,-0.0296326209965377,-0.0324283029620744,0,0,174,0.3300970873786408,1.472571982652154,1.2288845125764138,0.8687990238862269,45.00000400500035,29.673965120967235,28.00000249200022,19.26817946875746,212.7317769255563,1.994964927758744,0.0939786172604217,0.3677877065754684,0.0810049136064385,821.6668789783612,1.9971665353189427,0.0219780672098936,28.664732320019336,0.0528305110430979,0.0300722902491017,0.9929954065424812,0.9486641186698244,0.1522884430426632,0.3335350099366623,410.9627751183011,-1.0272061488492483,0.0750094261277397,0.3299302113084768,4.379672079261871,0.4371647505934967,0.0910672853040616,0.345739521633348,0.0785116525447246,41.06939829005721,0.4465042117570478,0.0212836440484213,6.408541042238648,0.0514986192003697,0.0281365986698897,0.2158744449326284,0.9521086482315771,0.1476935286103669,0.2625655063352493,90.05593862226033,-1.0816712884018178,0.0778690341947709,0.3184878228915044,4.436815345637813,1.573596377100064,0.0974673113680765,0.4039673682108669,0.0790039988916388,512.045819693615,1.576597386430995,0.0238813546893519,22.62842945707048,0.0527420688393298,0.0359496609110692,0.7925212603153587,0.9319753164268392,0.1264718665599957,-0.8035320032371067,324.1608536826132,-0.2962500518152513,0.0703347426403077,0.3803866007179159,3.646605121592936,1.0227653063677735,0.2678918717676367,1.026292963470938,0.2299370846302281,0.2348388748085588,0.4903769909105799,230.19810888,1.0571029032034511,0.0411530935335325,15.17228093860643,0.1499889458698853,0.0560005476632275,0.4432539633074583,0.5209655929437387,210.6896531117614,-0.7869794180166156,0.97802667846546,-0.2089180438309867,0.2148356181714959,5.934290854242915,0.0357501100200393,2.000000178000016,2.546097586332081,2.000000178000016,0.0698949521009546,15.578060765648416,0.9488533091205942,0.4292821395318005,1.7698326087032314,0.3589723339222407,0.3238146343154651,0.7376092041229039,223.2445029,1.0410144951566302,0.0900926087809704,14.94136884291396,0.2426762329223552,0.1232424070199574,0.6424417755148669,0.0966502583422231,195.4637816788424,-0.860415812794975,0.9585623906394954,0.0515038849627342,3.0000002670000234,3.755884144658404,3.0000002670000234,0.175000555551983,20.47201491252765,2045.1684782608693,5.713457019552963,44,3.944234404536849,2.831521739130494,1539.3722826086955,769625369,2045.1764155329424,3.972677595628416,27742.122647699474,2.863684960798289,5.958416924019094,27.405052897686744,6.0,1.2369327844090303,376311,4.69481875175476,0.4539222531587675,-0.0686337594766364,0,0,166,0.391304347826087,1.0652978436261422,1.5427778680722253,3.891946483748921,5.27173930967392,15.207025992864436,12.652174343217409,46.81230069511525,139.97941255303934,1.2031236112424488,0.2001402496741704,0.8554057008754768,0.168508461716267,273.67145187870307,1.2195674836460937,0.0390580765495353,16.54301822155507,0.1113321192221317,0.0557597317470239,0.5707536515753326,0.960963273643296,0.3228044992288497,-0.2585242883907418,221.37474446861057,-0.7966431075906937,0.1513410392421563,0.2797377225908483,3.1389071614798514,0.6274486850273462,0.2239558291433578,0.9905567599268263,0.1872405789827763,81.61788788456232,0.6660146226874384,0.0362174788993813,9.034261889305752,0.1247185637385602,0.0506161001035322,0.3519257714503991,0.974400145736964,0.3110290927971491,-0.2691848009741825,115.4505580450317,-0.5359305932560972,0.1570960116428737,0.2175826676764454,4.0838956736354985,2.01007352996627,0.192147588049842,0.8791014349520754,0.149275145292552,750.1892769338629,2.0191868748360378,0.0302703118819558,27.389583365466933,0.1060938104347009,0.0402859745896257,1.029167458707149,0.9780156533467848,0.2557346215703366,-0.2284525958873692,369.8535295137938,-0.2846195976228998,0.1307547661273386,0.1983922643350868,4.2679722766316255,0.9297663041418924,0.2870766634870234,1.1207096215100527,0.2376365530349202,0.2240287892857008,0.4557533039429867,174.14321094,0.972846593373863,0.0462988049283161,13.196333238441651,0.1597408358040612,0.0651279089527446,0.3989962665578808,0.6071359153232081,171.0769999621082,-0.5544032438267945,0.9742188447659612,-0.0188384742473746,0.2269769558290938,4.44829159457513,0.0377048508579243,2.108695723869568,2.498610517814794,2.108695723869568,0.098147824590369,8.658557846080836,1.4324593965760957,0.5576820663651774,2.5138876687356664,0.4618537277234038,0.4169419167250899,1.0972834361738746,434.47164535,1.5366388457017366,0.1219438553766555,20.84398343287578,0.3117696094944872,0.1597169222396234,0.8538689098901007,0.2236208797050519,263.5725289700016,-0.4641755013770443,0.9586427422760824,0.083201053722528,3.163043585804352,3.9787806298560473,3.163043585804352,0.3154526424412258,9.954630428781703,2051.478048780488,50.444939466141776,537,29.014824509220706,15.521951219512175,1535.5682926829268,863274365,2052.095139952004,35.411764705882355,29381.53101865184,21.457125777140124,63.15100173083435,27.43820927414813,32.0,0.4202730985198226,420553,11.88948970074668,0.212920952057721,-0.1891787957680453,7,13,202,0.4390243902439024,1.286153640181177,1.1989440828558693,118.4002984494367,19.186276217382503,21.81197695134068,21.205884240264872,1828.926513662864,115.92152840962572,1.7767387858125132,0.5262166103077893,2.470774861493192,0.4260916321777219,703.6325460437764,1.8526612974692305,0.2892684478904239,26.526072948021845,0.2930632195436158,0.426545066425716,0.8838371807919648,0.6705276199707997,0.8027429112731101,0.2672410460789067,364.2314510915652,-0.4203635579414442,0.4088199810464956,0.8334556008573941,1.7537908656188623,2.4314516461093523,0.5453626203196102,2.469562034708912,0.4349449942585101,1272.6249660893568,2.4915711235785585,0.2871707576163851,35.673869513824215,0.2872617859899182,0.4458584691807746,1.2089004943138104,0.6645461486729548,0.7380760366058654,-1.071908098372672,498.4475874524172,0.5774343137594791,0.3981234096314043,0.8418966548628602,1.9607585863743056,1.5148981020798944,0.435208071429488,2.638426602656823,0.3152617104453178,509.0966705847038,1.5758801963017737,0.263331057905316,22.563170667809608,0.2265772734757569,0.4070234293979607,0.7499154459600015,0.562342923102746,0.4268430776699663,0.6674665364026805,310.5541109263784,1.363652138129151,0.2185640034703655,0.9626867059190845,1.6047763575293192,1.3850623050905846,0.7028338032164582,2.972067427868456,0.5862971975208222,0.50061958483677,0.6119830014464468,494.04247815,1.5524056518992646,0.3523800408497733,22.227066341512547,0.3925003394613514,0.5288213613959346,0.9597447500771316,0.4537445846734836,283.93777254356985,-0.5432302753690008,0.7165770604548498,0.2250286302881091,0.7740419821956662,1.9425205961188348,0.1586087231993726,2.0196080228823687,9.583703072228012,3.029412034323553,0.5155878994093784,137.52031864899405,2.983972018157807,1.575644401125004,7.053215657916321,1.3615472355023122,1.499054616828874,2.1748309213266803,2331.7999229300003,3.3726300968814007,0.4927224218814294,48.28871423976828,0.8886399392110781,0.8441780642052167,3.0329069693743227,-0.0230287512258097,611.7142637223504,-1.039376725438077,0.855787671709622,0.9024406118783403,1.0098040114411844,5.3542069379804245,1.0098040114411844,2.069194270590044,81.75216975671565,2104.926470588235,116.70078570655048,693,88.32626874279124,66.0,1586.1299019607843,906630623,2108.143201920572,97.66502463054188,30110.307587269846,62.2194532985608,130.14777504726578,27.73125842262297,130.75,-0.3340695101886589,429405,1.0598696631931577,0.3729530601300507,0.1422235017044364,30,81,203,0.4803921568627451,1.1418227737308428,1.4895967913571952,2347.1304977821897,2.0196080228823687,16.40218644137815,10.098040114411845,13961.563630033046,250.0505828305128,1.221164678973428,0.4298862002299217,2.494512755211219,0.3335544455653174,341.7284427922126,1.2942717741850136,0.2372506208383761,18.485898484850896,0.2326795134131096,0.4307769216720905,0.5978450771320817,0.4951849363243654,0.5006704124692587,-0.1040114050070858,249.11759451057927,0.5752776031977236,0.2364177256216278,1.0233061191297206,1.565891437925556,2.549713999626764,0.4631277287876943,2.384596738518716,0.3627894820153973,1369.7533824120385,2.5912308590252806,0.1887115500677426,37.0101794431213,0.2365593820848945,0.3412599136843661,1.2590585166633144,0.7281101066505486,0.5602275185462346,-1.3328454929171007,520.1416559238598,1.679568789665194,0.3235825381387711,0.7530375556155212,2.19494594968012,1.4995066439043216,0.3273237744800458,2.35731475416957,0.2071420757486136,480.4477089510856,1.534645179900421,0.1879019819287778,21.919117430934246,0.1582757200079514,0.3347417030188357,0.7609510262337341,0.4689146701991861,0.2053418633944645,-0.2923270004649589,305.89935535648164,2.8696078235940825,0.1043742194890378,1.0466166742416143,1.381191730164397,1.2924753236557405,0.5288577208589541,2.573917419958421,0.4128535630325787,0.2933302379715606,0.6553253980902491,397.55763155,1.39599853845294,0.2334537966948266,19.9388472974242,0.2793107895145044,0.420395107505598,0.543571244154027,1.0076226948047118,263.66496602577104,0.6756497918754918,0.681624570694649,-0.0869331363357768,0.8124594932289576,1.983688965856851,0.0780662253984776,2.0196080228823687,10.776210825223211,3.029412034323553,0.253430379912054,178.77117145414425,2.469586080614085,1.5093784525429317,6.594147257066961,1.314576979045437,1.3197396140215916,1.951595850952628,1706.64583609,2.892388452684993,0.3899379673108777,41.31157024478736,0.8388920826745312,0.7025967366295063,2.5093104080808404,0.5891128599018355,503.7955604452733,-0.5854439158452842,0.8904442904273244,0.9302698042939468,1.0098040114411844,4.415047956071212,1.0098040114411844,1.879190093834311,79.70058248835184
24,2.9526073945170825,0.0962356133670444,0.3763652420864223,0.0809746069597021,1902.509813544005,2.9541681124202106,0.0295004797879868,43.6177694700681,0.0543540929588061,0.0417676773284354,1.478008686082246,0.905494626846524,0.1503617690389385,-0.2466909586294526,643.668412004724,-0.9092461909083708,0.0753139476994793,0.473616954706499,3.3494730358253,1.5809846867895183,0.1054617129561137,0.4713900826010719,0.0853840172438062,547.3072539293446,1.5844821657629495,0.037646230418141,23.39459881958536,0.05885247785861,0.053509863478281,0.7997939568705872,0.8704642921603394,0.1459053630008344,0.41508375210996,344.654661720115,-0.2866592770437095,0.0728292033432969,0.5533435448343423,2.5963116825890573,1.62112237291566,0.1763634329894939,0.6300807126923849,0.1504067097920822,579.6618101845559,1.6306437775574878,0.0289478223548592,24.076166849906897,0.1003434629538584,0.0432530625536137,0.7894640497812778,0.9698065861313389,0.2586166856466649,0.080024687788837,353.4046772956139,-1.0560293663573033,0.1315583271545884,0.2670451316043208,6.148121560128415,1.0434483057622823,0.2293545435057165,0.9797730405281808,0.1816107085986032,0.1532560932190546,0.5133740452324155,248.7699529,1.068244622235834,0.042952117407018,15.77244283235796,0.1229526783502037,0.0628052723905372,0.2873613095493048,1.051372485858105,227.4717306561776,0.3742502671165764,0.9624490567725442,-0.2224247289799613,0.299484852881878,4.161759306944141,0.0206169397014274,2.0183486440366973,3.0369594934981365,2.0183486440366973,0.0532118040231088,11.90404338089098,0.5569151032028655,0.182416377985568,0.8016294578627308,0.1496172601539935,0.1416682120142032,0.3991117848985971,74.8345007,0.5858989043741156,0.0434105505275127,8.650693654268425,0.1024345445996187,0.0659815922729953,0.2823991725986847,0.4505811241329396,121.40749249822468,-0.5250762160719633,0.9345417724043626,0.0057102235570988,1.009174322018349,3.8676472980164416,3.027522966055046,0.0186863750817389,24.243665548352624,2051.19512195122,5.551097366318583,63,2.9008923259963746,1.1951219512193347,1535.8902439024391,862523579,2051.202596693688,3.647058823529412,29368.751743988032,2.118890483022477,7.437978852602681,27.44009856002307,2.0,0.8397305156643228,420495,14.132599324078162,0.1021712394485567,-0.1197634976350983,0,0,174,0.3414634146341463,1.3750598214095056,1.2164925916385054,1.584282667652987,18.17647220594132,26.92945758032028,23.22549226314724,26.04710875754994,182.50428308366577,1.968761765699089,0.0878419805064141,0.3878570857030761,0.0712820547723257,796.158800028127,1.9707109030884868,0.0270786425743231,28.2162860778687,0.0480880756411707,0.0398964200658023,0.9874076270510848,0.8961361298454567,0.117175110480123,0.6691090017788283,403.59616196831325,-0.1792515383782209,0.0586606544172834,0.4660363251349919,3.124618450271263,0.4141794142703695,0.0861349444827543,0.3885952807311903,0.0716425408829311,36.68016302394963,0.422998374118709,0.0254291168025996,6.056415030688504,0.0476283807832758,0.0365443954615438,0.2119191285645892,0.9093997512258428,0.1238860300294947,0.5309551070378901,84.90677992542574,-0.4401851258206868,0.0616602026565964,0.4352807309950635,3.349519546974584,1.571165318189094,0.107752942769122,0.4891956257576282,0.0877225881117861,508.4234758232313,1.57483793331596,0.0307080671307461,22.54824773287785,0.0590128915973062,0.0546809920215875,0.7805503951659791,0.8706629689706917,0.1497259122265237,-0.6771687102728329,322.0888902287643,-0.4318645659453102,0.0832222611996802,0.5205283869848275,3.0040315071523978,1.0521130153459202,0.2618456049779775,1.026292963470938,0.2234135016048219,0.2270542645670707,0.5139101714411611,240.90994505,1.084052795604779,0.0536691012829211,15.521273950613718,0.1478232385936919,0.0873492998337377,0.4464295008169886,0.3604451501900683,215.6831681459136,-0.8414479212241557,0.9441664730464367,-0.2165684184509546,0.3419021709245834,4.811975156679175,0.0351757729654915,2.0196080228823687,3.101550026465521,2.0196080228823687,0.0646410108343775,44.0124602807832,1.0299086371558626,0.4656812579010894,2.0945855804851736,0.3915451868955183,0.3949933138569079,0.7197571698607599,261.68516211,1.1298287418464972,0.1076807550275395,16.1766857579048,0.2629951360445917,0.169354237439582,0.7819511772319272,0.1346814225757776,211.13127061695184,-0.8370814182947623,0.9338667877391088,0.0415873030203029,1.0098040114411844,4.249752119025335,3.029412034323553,0.1707844309795999,29.937874520528347,2044.870466321244,6.090361946188309,50,4.057290128594064,2.870466321243612,1530.940414507772,807035700,2044.8794889558485,3.984375,28408.373765493863,2.977790371329879,6.230385889600526,27.403312231130485,5.0,1.117422314984126,394660,4.37649679993463,0.4767163990227512,-0.0633923304117853,0,0,174,0.4611398963730569,1.114414373122537,1.5850134665161153,6.137609199530297,4.812500365750028,11.13722691663034,8.020833942916711,51.693286679312905,76.8292392216381,1.1845723979186742,0.1906741598096598,0.8554057008754768,0.1632516464894692,277.800344782855,1.1997416491818695,0.0440519933839521,16.66734366306926,0.1071053703237595,0.0669523107721035,0.5974855231434443,0.9378518256502748,0.3103888908280809,0.0299431193590586,228.62247279830413,-0.7523567917855489,0.1482767208832667,0.3808637138335012,3.079757070616106,0.6434889197379751,0.2296969673145685,0.9905567599268263,0.1873399581596933,90.04710582068432,0.6830558653090385,0.0403610185093608,9.489315350470989,0.1277771989003273,0.0611395675566621,0.3212344244793585,0.9644625526606648,0.3055315367811925,-0.2822028536605265,124.1933615094292,-0.4341286867187541,0.1524983495165277,0.2835422504770583,4.320221061795259,2.008454600447225,0.2145558133551255,0.8791014349520754,0.1817579090925908,787.3793130696613,2.019823150661075,0.0316359775558233,28.060279989153017,0.1210019160853784,0.0414477768676813,1.007513320338532,0.9813333409838944,0.3651818263166813,-0.1696865739382837,387.63173788631445,-0.9554212370856292,0.185344859319948,0.1945174883017753,4.797381668078132,0.890838475199376,0.2813227483058739,1.1207096215100527,0.2294913985564745,0.21388833671058,0.4558405117861607,168.35884329,0.9339837326750152,0.0448974677520627,12.97531669324491,0.1540342467420097,0.0652268394795844,0.3901702704731186,0.8256575445581207,171.93182571347955,-0.182405986277538,0.9729761436862012,0.0189519679225022,0.2460219794658079,4.549417287773401,0.0467365778891291,1.6041667885833424,2.0891538477152505,1.6041667885833424,0.0934654267267491,6.222747901453283,1.348849028885975,0.5857530008359573,2.5138876687356664,0.4896860557940148,0.4580733795200973,1.0158433956233008,417.0194476,1.4699396335989006,0.1359548755533713,20.42105402764509,0.3286646250686514,0.1769231245263867,0.9343403585543072,0.3591866071949945,260.3278625749931,-0.5132466595224048,0.9543376047065142,0.119456232619978,3.2083335771666848,3.46476689107037,3.2083335771666848,0.3320067587755404,6.743257210607775,2049.2487804878047,53.330100033507634,633,30.135300416418787,16.751219512195348,1534.509756097561,861461412,2049.9392162315207,40.21568627450981,29350.66288859589,21.953802008608324,68.38243095083048,27.424726334227863,33.0,-0.9140863750679592,420096,16.40562571326677,0.1777964072544373,-0.1733958199619869,9,21,203,0.473170731707317,1.3183480397759637,1.1848177166929097,108.60785130609004,19.000001102000063,21.845233581429056,21.000001218000072,1841.2460922194623,126.93233750786024,1.7315715308416697,0.5009535110426637,2.2540880454261805,0.4015692613639737,665.8543948424777,1.802240333236329,0.2554619489136948,25.804154604297302,0.2784447381634948,0.4027267097594382,0.9020147956370206,0.676145182161443,0.7301167247592242,0.3963877216469421,354.97216382254226,-0.4038471340321026,0.3664639986835722,0.8261636928381899,1.7974161957362065,2.4911365617264414,0.5472016306323773,2.469562034708912,0.4294531570543635,1333.2647240915117,2.550241235926909,0.2354517361551273,36.51389768419022,0.2809250659490009,0.3643218857614195,1.2038727424224351,0.7779116149458543,0.6446984806039673,-1.2685999939241572,510.6829951539205,1.026011628461473,0.3739094039737987,0.6847057878859086,2.198263123808484,1.487688138223971,0.3932239706820065,2.5273660721905173,0.2761177410119614,485.2527978937831,1.5385339836981384,0.2117448243335958,22.02845427835968,0.1998049721090636,0.3503426285474511,0.7521545760447665,0.6019988321101529,0.3509767005551945,0.8641624370469903,304.9760683359141,2.127761299719628,0.1888853327723054,0.9161113628631276,1.6216774233866598,1.415107647925635,0.6663955794317754,2.9255871100624207,0.5513708362710763,0.4264794164857272,0.6866004520794263,501.11152525,1.5634725659998472,0.314266493281885,22.38552043732734,0.3650751696065317,0.4979188295922683,0.8953860921223057,0.5913921198342784,290.0970678247552,-0.2695154018516081,0.7186122870428978,0.2493954429657506,0.7682174456192744,1.929237435027207,0.1191738345972621,2.000000116000007,7.769433099805346,2.000000116000007,0.3513581836273332,108.89898892381692,2.6361259276592475,1.5674124259587023,7.072201836483212,1.3670204369492414,1.5121410478677086,2.074012206871183,1925.7612502900004,3.0649563322318,0.4798360107995766,43.8834963316507,0.8822519317534142,0.8664082594653447,2.899234854068008,0.3318713530912325,540.4058151701457,-0.8659815611386263,0.8465867757151304,1.055950142971101,1.0000000580000037,3.714237428951186,1.0000000580000037,2.1199560597703133,53.19370612226292,2115.3004926108374,120.6216297933897,705,95.1985731272295,77.30049261083741,1583.088669950739,911261738,2118.719915141625,95.6138613861386,30187.112117590845,65.26837535970346,121.73429107594283,27.789804230627784,152.0,0.1345213927445864,429406,0.2969776823202221,0.4904547930449102,0.1255509646136445,29,85,202,0.4482758620689655,1.0270690994151863,1.653224145686858,3805.2469055227134,2.0198020973465414,11.680887418478749,4.039604194693083,17028.89378778873,192.49056870007945,1.187087519765973,0.467379442378385,2.4573477741033254,0.3735449878005326,330.18848197348007,1.2753604377487873,0.2778255275761005,18.171089179613865,0.2588002904412977,0.4837222089703086,0.619735083915492,0.4640356201662167,0.5851719548392511,0.2075218338096566,240.97876651249248,0.0658382274534923,0.3092585778015346,1.0534073133351132,1.5363819647085992,2.4773404894711275,0.472078491410023,2.384596738518716,0.3662915504609687,1290.8721644714242,2.521701048828388,0.2186633147302838,35.92870947406021,0.2459220173046138,0.3860835810854771,1.2724181001184702,0.6644793807370792,0.5623618338946272,-1.178940735215778,502.90011936263886,1.2707833707057357,0.3258716472711969,0.8331224141529008,1.9919417731865945,1.471739624962394,0.3247221957263495,2.35731475416957,0.2176784773549752,461.0013471962061,1.506964696675289,0.2047856858651936,21.47094192615233,0.162577101178904,0.3393047194406676,0.7685185403306158,0.4539956704060036,0.2548695864012529,-0.1682429882394256,298.76314386736595,2.404079786430659,0.1343894250645416,1.0647968794776814,1.4003852880346104,1.363582034689526,0.5848463748881868,2.505276030349117,0.471034972761496,0.3675569095044231,0.6401949970757221,446.54240797000006,1.4831440575408443,0.2862610444734592,21.1315500607504,0.3189963347328038,0.4871436030562112,0.7191690347988612,0.8208096980907131,276.8071530419738,-0.0190789601160905,0.6527974529693923,0.0084302034643901,0.8481459690472101,1.9309941903282617,0.1142322786013563,2.0198020973465414,10.220620385283649,3.029703146019812,0.3532603242010339,168.2438657734032,2.861715958562101,1.5516206897626943,6.594147257066961,1.325194587478057,1.4071021369585806,2.0297774322410125,2148.7723066900007,3.2534727991225845,0.4320184539003983,46.354852029641954,0.876777015137798,0.7334396217047012,2.6504386943271965,0.2158470919453331,580.9283395881066,-0.9149847055578147,0.8875968313629972,0.9187788250207692,1.009901048673271,4.44177926943332,1.009901048673271,2.098840081381898,74.28864128179671
25,2.9480648518127945,0.103537506495875,0.4334124904610794,0.0848926125846937,1896.983072077241,2.9498741009343927,0.0270428420754713,43.55436915026139,0.0577627850303672,0.0382530263949373,1.481572210212463,0.931747837741558,0.1446554075839041,-0.4153038656328348,642.6781376951892,-0.5031822300230027,0.0712433758191406,0.4024538932890005,3.783262473958181,1.5993978877127564,0.1274477002265683,0.50879299969394,0.1050259615999456,561.1847583375558,1.6044444554806916,0.0359206664996456,23.689338495144938,0.0715053834227263,0.0500544447786556,0.7790542126109822,0.9226918789280608,0.2008183375305179,0.441146110465383,348.66873952138087,-0.6328014068517942,0.1000609809955382,0.4276539403734181,3.0995367611446616,1.556387746614118,0.1746782238267456,0.6764374890524865,0.1451428774169207,534.6919428505055,1.566114725739028,0.0264820773887805,23.123406817562707,0.0989853695493623,0.0407031001823195,0.8131332538060541,0.9726781452917304,0.2835416933562853,0.2593843071463609,339.29252876187775,-0.8665319925341102,0.1469151651531507,0.2533622355928246,6.462037894558088,1.0389526881500812,0.2317415605200977,0.9391858996394014,0.1872528453092151,0.1680501365955551,0.5204929779132462,246.96794677,1.0643685873655997,0.0402105222069914,15.715213863323656,0.1252505378436929,0.0614008108559066,0.3080338184031088,0.9681137826384368,226.4916860167177,0.0640467311733585,0.9648741540551442,-0.2234031263201944,0.2896176405978455,4.229732937957994,0.0213642536572792,2.0183486440366973,2.715827065639729,2.0183486440366973,0.0447378446317494,17.84565361386465,0.5319610731065599,0.1669160541305207,0.7368364570009202,0.1359687558256888,0.1203791551824418,0.4088958782051147,67.73603346,0.5574188280068353,0.0382407595277709,8.230190365963598,0.0930457478003064,0.0599978263391493,0.2252673129590998,0.5686548937170309,115.96751393723008,-0.3591765311612884,0.9352416810159906,0.0053158443052916,2.0183486440366973,4.681987229731505,3.027522966055046,0.0242838182313696,32.11279543341027,2051.2892156862745,5.702793488196275,63,2.982122260668963,1.289215686274474,1543.5049019607843,858395241,2051.297103986531,3.768472906403941,29298.382907594063,2.189365401332947,7.607035892770036,27.44064283124064,2.25,0.9053536040696464,418463,12.98830630800337,0.1094928795684297,-0.1211575622214091,0,0,171,0.3529411764705882,1.3672200321097836,1.219187252171554,1.8568425366633088,18.17647220594132,23.338363004721632,20.19608022882369,23.128480674919267,137.7270076129032,1.996542046528376,0.0989984077706853,0.3878570857030761,0.0850076065354298,815.1702882878151,1.99898293782728,0.0260388508244894,28.551187160743687,0.0555073923557229,0.0392678749896363,0.9868728021241072,0.921050007225072,0.1710007416285051,0.275842980189502,407.29457749178863,-1.036521157967111,0.078559392972778,0.4062904008157637,3.549184815923018,0.4413151613909914,0.0944799463803075,0.3885952807311903,0.0813118904518692,41.54292205581481,0.451266855400888,0.0248222466102335,6.445379900038074,0.0532825962404068,0.0363532013507567,0.2036726068678907,0.9256605069861114,0.1645313847061947,0.1229493908176735,90.02829292376225,-1.042844252864057,0.0821955353177034,0.3940527426333856,3.642660064791051,1.5650738843608123,0.1063644470864332,0.4891956257576282,0.0848907196314477,501.985697063294,1.56866637666862,0.0298918707098318,22.405037314481177,0.0580513459437568,0.0545175558604272,0.7878490073153986,0.8680988022701829,0.1355124153338835,-0.6734274502548914,319.27507240960574,-0.3491637006453305,0.0699960947618975,0.5250880874407815,2.966904050907414,1.040164712915111,0.2725436692199455,1.0919841778805852,0.2358626503414962,0.2427464688558026,0.538044139662141,235.795147,1.075108628802453,0.0524720442433311,15.355622651003118,0.1538129680423058,0.0883209671907731,0.4718819279274492,0.367476074448482,212.19360143468265,-0.922462085651282,0.9474328024356208,-0.173215605804855,0.3313161898642144,4.913311342700264,0.0377274819492039,2.0196080228823687,2.857354426590516,2.0196080228823687,0.0729752012665917,37.0831975706673,0.8938437676716044,0.4536910745839797,2.0945855804851736,0.3662683267397146,0.3262876446835134,0.6992984601726281,204.77178793,1.0018898513143382,0.1071849528579869,14.309849332889568,0.2520325564987168,0.1683055694329619,0.6211938626463547,0.5294990031159693,182.3441286050073,-0.2715564405741526,0.9311065937440052,0.0544046743048931,1.0098040114411844,4.055483544435961,3.029412034323553,0.1764659041391063,26.55230104472892,2044.700980392157,6.081045332390552,50,4.03248750480585,2.2990196078430927,1538.6225490196075,852891135,2044.7099787155205,3.8669950738916254,29204.29994024853,2.989181879648411,6.082762530298219,27.40232593396173,4.0,1.05926920068131,417119,4.035628893826251,0.4996583981636267,-0.0435586064612962,0,0,182,0.4313725490196078,1.1125888091506348,1.581397687725815,5.487938921441622,5.284314127098069,11.614320825078106,9.81372623603927,47.35516069468838,82.68334901328289,1.1961299705851434,0.1907069008236735,0.8554057008754768,0.1636489918739349,299.2512207029506,1.211163799221177,0.046179146346246,17.298879174760156,0.106361984758132,0.0704901742251722,0.591363220532904,0.9313252600926308,0.3054291466123049,-0.1080691999295707,244.01051399936924,-0.7560288565925566,0.1479103292322772,0.4021642649133682,2.980163756394459,0.6225874753729892,0.2333836892018032,0.9766824622763224,0.1926290808412277,90.13048667247284,0.6646924936687436,0.0408518200941893,9.493707741050008,0.1309487936247965,0.0635335091468952,0.3366977523567278,0.962622807981188,0.3116329087392375,-0.0872378545704988,127.0078449760898,-0.6614161022272165,0.1507871639868805,0.2929869236730366,4.234463590152025,1.994503930265788,0.2105001073624017,0.8791014349520754,0.1737902152623856,820.5163592060326,2.0055271166742785,0.0302902952019961,28.644656730462536,0.1186539071954364,0.0401374346352156,1.0207904985599296,0.9817193691206862,0.3676581441011846,-0.1336972592099105,406.8788017742206,-0.9075270262019326,0.1848765987397801,0.1988496330254599,4.8360176258473935,0.9022463248129412,0.2862437169035683,1.1161956671323714,0.2359761897255154,0.2216789206925477,0.4231837176747474,182.69877934,0.9463520759562304,0.0455840666510329,13.51661123728873,0.157100446026666,0.0657642816495498,0.3936355732034603,0.7874887448416213,184.05825026184,-0.3751376809658695,0.9735935678187336,-0.0576735754951562,0.2509297449316497,4.5215343196788425,0.0623963185996686,1.509804036313734,2.003363326929802,1.509804036313734,0.1028341998332013,5.735852441573266,1.3641010692315343,0.5435029387350246,2.3315481757768675,0.466038976219719,0.4635427262808392,0.9906294602062692,439.56270754,1.4678961661533976,0.1217320821735899,20.965750822233865,0.3084628094134452,0.1592805760058781,0.9275764548712052,0.0337936244028597,278.27661812323305,-1.0121917744506983,0.9570262701796372,0.1212367659550578,2.264706054470601,3.080309112155976,2.264706054470601,0.2862335498851621,7.336560098260941,2049.0243902439024,52.73346214360373,633,29.45984533016062,16.024390243902417,1534.2170731707315,861259982,2049.699540146811,38.59803921568628,29347.231249301865,21.41324725011956,67.57653612974046,27.42351044602384,32.0,-0.9483214387318488,420050,17.220420406870375,0.1788074916445064,-0.2121762255725405,9,20,203,0.473170731707317,1.3185548501485296,1.182785580790363,174.707497070016,19.000001102000063,22.70257855202251,21.000001218000072,2655.792235157057,101.72645462447394,1.7881870420079855,0.5157691765106607,2.2540880454261805,0.4259552061580398,709.7782839885313,1.8607345572722032,0.2793823775283089,26.64166443727815,0.2902661775682483,0.4248367121476868,0.8696254278354179,0.6597643141376749,0.8178305238409633,0.1776799275251825,366.578343611637,-0.684602836427004,0.4123867584618725,0.8487618719417387,1.806193095720083,2.438721217894167,0.5525140925599128,2.574667166297945,0.4304196890534198,1281.484493399847,2.500228763582076,0.2760374959936368,35.79782805422484,0.2857830854300735,0.4495401421178387,1.2426848608843657,0.6675774040471643,0.62989103048838,-1.243712812289185,499.9378496683042,1.2041847019162568,0.378625686198939,0.8389184286007397,1.9464461044910943,1.4779145368040063,0.3999335902909082,2.512509332606396,0.2781660520919791,480.3965953449704,1.5308161307201549,0.2445372053439146,21.91795144042824,0.2027053910749917,0.3947597942409062,0.7482601526771657,0.5117458477928879,0.3509767005551945,0.7813107091498133,302.97248004482134,2.2263412212638785,0.1950423187221186,1.0171711904575418,1.5412774607832154,1.392620730015897,0.7116636207550001,3.099661793005549,0.5914697576158063,0.5045715703406007,0.6890332739988526,500.89434428,1.5631337259710998,0.3538491586892696,22.38066898642666,0.3969436344681318,0.5584552632808027,0.9856171792564326,0.5081408325216763,285.4872496532589,-0.4807162517077272,0.6918982501082752,0.2281055183201078,0.8087969698577494,1.9073948446439928,0.1619073528754691,2.000000116000007,8.520149467380019,3.0000001740000104,0.5203524544091301,118.57558869417034,2.995610671150564,1.5466955505335518,7.072201836483212,1.325122033974773,1.4076140539798727,2.126592966508281,2327.6275688000005,3.3696113757248978,0.5272142601919434,48.245492730409545,0.8710500425978908,0.9115467195211782,2.805208279658113,0.0186151067766464,614.1001875858656,-0.8710721474636873,0.8248285099045208,0.8520248843720388,1.0000000580000037,5.362832264617151,1.0000000580000037,1.925434804158996,88.48016211034447,2114.860824742268,110.1848010137778,705,84.70331597406738,66.5,1586.5515463917525,870034597,2117.7144324780365,95.90155440414507,29496.348875750708,58.82511617969125,122.91057872573174,27.7904044188302,130.5,-0.0671659235662398,410283,0.9621942855811976,0.3726495899567639,0.1030088471964223,25,85,193,0.4845360824742268,1.096220430709196,1.518683851470251,2263.716379931548,2.103092905484543,13.301207162672425,5.2577322637113575,13472.942001621384,203.133563511529,1.241869287983994,0.4347574014440075,2.322246401133256,0.3342513355650003,335.67413135224405,1.315400709893714,0.2367667943204937,18.321411827483274,0.2375869451645567,0.4323698182253478,0.5671857743744786,0.503012627478326,0.4555759085165481,-0.0235607418021021,240.92264186889489,0.1478965997916286,0.2321285001684221,1.0090961530376836,1.6115535747994465,2.560061080788524,0.4601487024420119,2.384596738518716,0.351793695911463,1312.324278922713,2.600876417436413,0.1880948538601985,36.22601660302596,0.2281747509053718,0.3528014331311066,1.2093203065940596,0.7054146453788717,0.5442674783565833,-1.5486779123270338,496.6518496729737,2.3801071323580048,0.2959478925209113,0.7787365607491582,2.09353348988168,1.4716932602185873,0.281982041567959,2.125653285560801,0.1840772782030013,435.52710137252495,1.4983274203662105,0.1738637404628845,20.869286077212248,0.138974913778037,0.3129137804259952,0.7214352810683,0.3803867886233813,0.1960491036328226,0.0253814481790215,285.5084924824059,3.02991852527476,0.1059210770732136,1.1278443152743227,1.3464759935259616,1.375663412505094,0.5542475975674783,2.488267457117985,0.4446257030071193,0.3559060598245415,0.7045172026552348,426.42301304,1.4825844894128033,0.2446911650060536,20.65001242227229,0.2935326932259688,0.4425308896328983,0.6767087589796985,0.993274150785198,266.8787020259882,0.2555925571774358,0.6801017595064694,0.0386377680358681,0.809114263629502,1.9782275995876468,0.0906909702098912,2.103092905484543,7.417477047675224,2.103092905484543,0.2829943139449694,119.65208878989478,2.412655540334633,1.5334271745233463,6.594147257066961,1.333195599991447,1.303687616335666,1.945926548249448,1583.07589834,2.8566037602351666,0.365109726533635,39.78788632661957,0.8465894720107549,0.6599405976811961,2.419502663679409,0.659005421456757,468.0551748249189,-0.5017515940797028,0.906752535310274,0.7370991745856705,1.0515464527422715,3.131167814984841,1.0515464527422715,1.505168629593308,45.81470407293683
26,2.938927106602371,0.1031757955075215,0.4334124904610794,0.0854588114126516,1885.2397913839943,2.940729323025621,0.0336698170744725,43.41934812251325,0.0579639408650428,0.0497229269128205,1.473366902105152,0.8830902554836567,0.1413558416112268,-0.2346354148816646,640.6861092393169,-0.628356554723585,0.0718709465435336,0.5274477563642385,3.2300601028174603,1.5874014040062625,0.1179236551682672,0.5275091472753992,0.0920317456451943,552.3434208954184,1.5917554513653975,0.0398426186205052,23.501987594572046,0.064859504283981,0.0548171082399849,0.8001402813049512,0.8904092124737842,0.1457925892517191,0.5837182829913269,346.0535060733652,0.0260917558246926,0.0728570038439464,0.5069158541632891,2.6989077332410525,1.6055022466201332,0.1897831610052904,0.6764374890524865,0.161318390690663,569.7407967903521,1.616629176259579,0.0328103696017005,23.86924374148356,0.1079750156603158,0.0509904144082219,0.7689064331993374,0.9637573776047658,0.3353805281780866,-0.0969315151965566,349.99948976318905,-1.119776530706254,0.1626897141261134,0.2935468854721574,5.885399941337053,1.040870778625868,0.2285351180568993,0.9373048712681288,0.1890455267908379,0.1695681383005708,0.5327808821253536,247.5173523,1.0655518282204075,0.0407298232907003,15.732684205182537,0.1252946448785113,0.0609663090397546,0.3099632127327274,0.8208321993029257,226.9098297404392,-0.2506760127393512,0.9643367998869904,-0.2600484922098283,0.2914997262278781,4.485292602342611,0.0194093127013985,1.9816514316330287,2.702084598433317,1.9816514316330287,0.0385192903983671,18.56142477979219,0.5451397057883939,0.1718913503921563,0.8840874588121921,0.1418526165598276,0.1306753507502294,0.4179061515354059,71.19627123000001,0.5714791335977323,0.0455438484743002,8.437788290186,0.0951388304889056,0.0700398517810561,0.2621425188002017,0.3432703978541107,118.84045586186986,-0.340992687126822,0.9164714569885994,0.0053722079924402,1.9816514316330287,5.239375523326024,4.954128579082572,0.0301361555293701,27.338259339390923,2051.1625615763546,5.880676304803939,63,3.0768036108616874,1.162561576354619,1540.9581280788177,854082360,2051.1709499721987,3.732673267326733,29224.68750902223,2.290177047261376,7.0878504331268335,27.43990410143992,3.0,0.9392708790012914,416386,11.799736980302624,0.2716751659948839,-0.1581919036430656,0,0,172,0.354679802955665,1.2287980812165773,1.2453728828134865,1.872115487456508,16.15841677877233,22.27483346420445,18.17821887611888,24.607300831281623,132.49682402012934,1.978004280214377,0.1020391161783349,0.6730400305558986,0.0843104461556106,796.3409095154708,1.980621524478849,0.0314377952379944,28.219512921300943,0.054128961719873,0.0619817476963656,1.0094736562647788,0.8144344360128711,0.1414846954620672,-0.0155273808576353,401.5348688835186,1.0169430648547295,0.068797055136955,0.6166018183966147,2.701613062037693,0.4216112345582692,0.095777738461589,0.5189635585596107,0.0809619774958422,37.93749650779977,0.4323010747734097,0.0294566375090553,6.159342213889383,0.052664413324449,0.0511062428109081,0.2284732161204744,0.8567927592219707,0.1439291965940227,0.1571026965473097,85.58708061532866,-0.455114091085905,0.0734486600865628,0.5420410356526065,3.033251346931356,1.5752445993333586,0.0983521061896469,0.4891956257576282,0.0766956831448627,505.6772698209413,1.5782968775235842,0.0299740420221646,22.487269060980733,0.0531070291316746,0.0537553087961389,0.7801620776837522,0.8489443203444409,0.1128935064104579,-0.7519483217999482,319.7746536646718,-0.0283372789559939,0.0622135418645795,0.5571415645417636,2.757837856773336,1.0362016743930642,0.2666672383787328,1.0909533404917204,0.2308075754485226,0.2330827355054296,0.5424602101826521,232.32842977,1.0698013944174578,0.0514984307195719,15.242323634210107,0.1493398613837477,0.0870914776505299,0.4242872720025589,0.4899092629225515,210.348939901792,-0.8304143552689878,0.9464142733394968,-0.1562586351061988,0.3330207398235828,4.855086206450563,0.0361550612359717,2.0198020973465414,3.099080579117964,2.0198020973465414,0.0686784583050388,39.569471266189176,0.9923926071998788,0.4595254430330335,2.0560673462231454,0.3841988064412894,0.3500160042635637,0.7384991597059679,242.57820045,1.0931452349435564,0.1093737562343837,15.574922165134566,0.2585593916383831,0.1911827319397611,0.6843953962540709,0.2768452475691293,201.4556992615753,-0.6548255553449391,0.9130509126512124,0.0529817445032669,1.009901048673271,4.229606142292675,3.029703146019812,0.182606447725025,27.83927952377693,2045.065420560748,6.139644173197009,50,4.187789326578759,2.934579439252275,1533.7803738317757,895018640,2045.0745936170504,4.169014084507042,29916.862134923176,3.064718529244,6.399823941240356,27.404445955516834,5.0,1.0445403127694664,437644,3.448284755246695,0.4564574124127082,-0.0566411976978002,0,0,188,0.3504672897196261,1.1528579886748185,1.5197018286860022,3.8467354471146,8.67289785540192,17.508937129993548,9.75701008732716,29.61037549012408,223.0702672355166,1.2142714114977855,0.1733828258515696,0.8475722051821255,0.1454459263448616,321.936504723055,1.226530142432158,0.0483833197451252,17.94258913097703,0.0963936108442591,0.0730536886871843,0.6023748083324114,0.9103850467168468,0.2721770424663081,-0.092830855096314,259.8540820605261,-0.515217173386691,0.1280567440592184,0.4596351348488173,2.676099722035472,0.5885870794538767,0.2157877760205885,0.8834596889928026,0.1730078917652734,84.05524611303065,0.6267228445594325,0.0420224269980528,9.168164817073842,0.120475481205934,0.0656709360503851,0.3022334304717311,0.9532315407173124,0.2755162688188252,-0.0704855320750487,125.9576350031296,-0.451702907997098,0.137256488856904,0.3306595374890858,3.837696301297282,1.9747435373048583,0.2010750055661815,0.7738389430487522,0.1706170901825874,843.1288127841558,1.98490661375958,0.0299204852246827,29.03668047115848,0.1138132540349164,0.0389370880241238,0.9922860726876872,0.9811864573216994,0.340244845063286,-0.1260361336745574,422.5951169832397,-1.070588347370573,0.1724767944748246,0.2105212615080408,4.679645271130056,0.9402289999785396,0.2826550100816098,1.1161956671323714,0.2302074433781471,0.2036231772213794,0.4535790264020584,206.19993355,0.981606383106355,0.0498078644337408,14.359663420498409,0.1571096167062366,0.0704284932760266,0.3934268724022838,0.6220793909945871,201.2090059954075,-0.5299751273647808,0.9687913453041476,-0.1204506655728501,0.2700838897234536,4.244657964073934,0.036533256916409,2.16822446385048,2.9266191893437967,2.16822446385048,0.0777750124150998,11.149384514207185,1.3177400126015522,0.5706899720588463,2.436882453280929,0.4992839595251653,0.5230747599850085,0.9812445296610496,440.96923095,1.4354803666173652,0.1302087236935336,20.99926739079247,0.3238537282754481,0.1692953778801439,1.0383641616667636,0.1311724850626779,281.9963626967321,-1.1779420910822225,0.9557821426366968,0.0750371347949399,4.33644892770096,4.551900665385102,4.33644892770096,0.2622000338362444,12.66443411947926,2051.4417475728155,46.596597853976846,584,27.594825148458856,16.55825242718447,1537.8495145631068,867378233,2051.9683103308253,36.863414634146345,29451.28576140607,19.446175704475493,60.97824482111152,27.438423364001096,33.0,-1.5760255244356822,422597,20.00554109791193,0.1195172561976578,-0.0982427652275648,7,22,203,0.4805825242718446,1.3510885048635302,1.189709549206824,153.9962636730962,20.000001780000154,22.990623302102577,22.000001958000173,2879.701078803015,105.43754971043592,1.714351460685066,0.4656396268852171,2.2618933121676585,0.3662648537904568,649.882345470912,1.7761668467051523,0.2469917145560565,25.4927900683882,0.2579102707077136,0.3994864918470874,0.9159249108900932,0.6264524533586616,0.6512697344806306,0.2168977716638153,353.1564009011236,-0.3893320864521223,0.3400580293773052,0.885721392407823,1.728360747134012,2.542043256234353,0.5219256377456799,2.5725630002180697,0.3947046522265611,1387.011992936638,2.5948155862945024,0.2410992027240054,37.242609910378704,0.2588012857814048,0.4232321903823656,1.1824652681212628,0.6677699383002299,0.5780751841941361,-1.5852058489876248,523.6609107842767,2.5267605817094414,0.3401929283145544,0.837167391661874,1.9696732409998456,1.4668338804147376,0.3675974579106471,2.512509332606396,0.2405965499077814,470.93115401069247,1.5119767072143346,0.2125588906253964,21.70094822837685,0.1796633443967107,0.36153283931744,0.7469216262058346,0.5145014312971222,0.2761264878848055,0.8863056229850391,302.16777936543593,3.624431471303002,0.1468969557932441,1.0154650550807869,1.5606725888957476,1.4193137996814382,0.6435955696650957,2.992345687626952,0.5314006552850243,0.4286433600501422,0.7316864916780766,499.89117011,1.5577728221992204,0.3245294109272786,22.35824613224392,0.3514211309020852,0.534371902603658,0.9151903952258486,0.6989356878168387,292.3786427343763,-0.1365628014550677,0.6531309782928658,0.2183230194909061,0.8572137024502235,1.8353513539336657,0.1352155599366001,2.000000178000016,8.610439631434655,3.0000002670000234,0.4549840602183531,116.0517871655936,2.634730109632611,1.5905186025939024,6.112081655052341,1.405611897783312,1.660035673557117,2.05561990418239,1948.60999879,3.0755929247523004,0.4472971943041495,44.14306286145084,0.8975965582157652,0.7791478289529393,3.228887906069623,0.2519012665334414,542.7544025843179,-1.1769228294900933,0.8791334053427629,0.9824816347006644,1.0000000890000078,4.612863805836057,1.0000000890000078,1.9782713475786544,85.13728367437645,2129.1567567567567,117.5935902491504,541,96.16712929145362,79.15675675675675,1597.281081081081,841206470,2132.384111739721,91.22282608695652,29003.559609123844,65.46518801410106,114.6763166861216,27.87010452799694,158.0,0.3397056561167421,393894,-0.5265838216761742,0.5208924898269003,0.1629161982135558,26,74,183,0.427027027027027,0.9248955844779452,1.7318163279424488,1808.903902982809,1.0978260979347827,15.311168695005824,9.880434881413043,13210.105821733729,225.29385507186777,1.206700548672146,0.452840966290471,2.486582109511997,0.3563965136846854,307.1152987188101,1.2884419644583731,0.2414593642809956,17.524705381797723,0.2492187865795926,0.4398552972821315,0.6318205349850649,0.5276859070654664,0.5860699589218217,0.1591317267574869,223.239601504347,0.097564726488716,0.2922681244724947,0.9250476807729672,1.6440444754815304,2.521962519397262,0.4385950240248563,2.119706081153994,0.3433135051241954,1212.0498351085312,2.5596133946977977,0.1915170506530397,34.81450610174631,0.2272179051639556,0.342795654075766,1.2983193429090107,0.6929511358914696,0.549058491167707,-1.2044756692656906,466.5630660884935,1.1875938223100473,0.2896841976989801,0.7325341848788326,2.0489680151446086,1.442919888017419,0.2864110198860073,2.0222473955256595,0.1917814410318544,400.2670477041315,1.4709200057330023,0.1696041391885458,20.006675078686403,0.1433549769312896,0.294003872772717,0.7194752313603968,0.473030770827689,0.2075773146662001,0.3083193927675847,266.9401792832225,2.4857475548968297,0.104341021500856,0.9578730724376202,1.4516588399174666,1.3234889340292604,0.5669983208120938,2.543590453185521,0.4558634368997499,0.3465239448919832,0.6668279925194173,383.20387295,1.4392262804077114,0.2366917219490245,19.57559380836249,0.3083836012543866,0.4145476093826949,0.7065876249522763,0.8000526009564192,244.8454527954132,-0.0655188045538661,0.7324659974538549,0.0565008707237327,0.699054965647644,2.1871454157299257,0.1003437689301802,2.1956521958695654,8.126804334369318,2.1956521958695654,0.3428350429342338,117.73302086124156,2.833431147634029,1.490296347661887,6.210429370463388,1.284298777402553,1.2433263752019807,2.0393507970834768,1893.90234216,3.1995796532703515,0.3092755636208007,43.51898829430666,0.8387059087266756,0.5363803156192396,2.3793840678621256,0.2194624930572899,524.1847623122953,-0.9074104274853814,0.9350136687132984,0.7653550067137967,1.0978260979347827,3.751113316244109,1.0978260979347827,1.5991310899320226,45.22972727301017
27,2.9324813009400774,0.1084693674457538,0.4268746265105876,0.0931102141539831,1885.843702700492,2.9344775446098748,0.030262157519646,43.42630196897373,0.0614313024321961,0.0456659296398876,1.4774738818265265,0.9112301079474616,0.1838163622674802,-0.1056654685705015,642.2134049058769,-0.988674092216665,0.0931346015989889,0.4629696329378662,3.580134295804912,1.6163963881844232,0.1310917126097725,0.5275091472753992,0.108722976232851,575.9358032291691,1.6216793303121004,0.0342663965352476,23.99866253000715,0.0734659113893795,0.0478522359930501,0.7873937171651723,0.933074097348728,0.2080878676851858,0.358530872108843,353.9908090123887,-0.7766671571284194,0.1012247383444855,0.4006321735748434,3.256741713034977,1.5662411305660269,0.1891306214148148,0.6764374890524865,0.1600688752871121,545.0293155643797,1.577567220726397,0.028033555111953,23.34586292181936,0.1071886010177826,0.0425332834495226,0.809982552109382,0.9745749413134208,0.3234752846858368,0.2908757048802446,343.0068075939598,-1.051888293209171,0.1698093827818867,0.2472560907682968,6.731583584193159,1.026281085220655,0.2269840362562707,0.9292716227626971,0.1857825612844389,0.1644099405592269,0.5410872105103922,241.89411972,1.0509706748773036,0.0354708383277629,15.552945692697572,0.1216409363629851,0.0555510353318892,0.2992073077002261,1.0057955270733152,224.75555766332343,-0.0265711158947259,0.9699571819228456,-0.2686593356077528,0.2688168240276975,4.597070518543402,0.0216544705929851,1.9816514316330287,2.903099107688342,1.9816514316330287,0.0490019364554165,13.618558590999738,0.5235093436610924,0.1701045034272386,0.8840874588121921,0.1395213761501165,0.1246025625705724,0.3920466308968611,66.32753338,0.5503321262871579,0.039491966213554,8.144171743031945,0.0935444141270018,0.062372239392878,0.2461594387248169,0.4819019921497908,114.64854626177925,-0.2988129655654346,0.9326700093957394,0.0059573377894054,5.944954294899086,5.466457233926381,4.954128579082572,0.0311680380342758,27.986789633337374,2051.1176470588234,5.895300153047645,63,3.1401384083044688,1.8823529411765776,1543.3063725490197,858252110,2051.12607761554,3.9064039408866993,29295.94016241841,2.341543513957307,7.142118188377225,27.4396429060414,3.0,0.9319403867991292,418428,11.596016442311322,0.264538423320157,-0.1767261639181421,0,0,178,0.3627450980392157,1.236803164941169,1.2532474693552835,2.647563117972876,16.000000928000055,19.591126267119755,16.000000928000055,21.70527204829505,121.43094137317766,2.004491776278408,0.1047036863170924,0.7138884650374262,0.0864747066149595,821.8948663296867,2.007211100900176,0.0321829653021359,28.66870883611061,0.0563619947998671,0.0621987329384338,0.9917315757192082,0.8228012658248378,0.1725597071216391,-0.3188155979644637,408.9163223607951,1.121129614706319,0.0860494737616133,0.6035865622103994,2.7584126777557665,0.4492242377398919,0.0987591940461734,0.5802773434086913,0.0833893690616791,43.14762863464525,0.4598999711928268,0.0300524242164295,6.568685457124983,0.0545541553559091,0.0513866062501909,0.206945176527825,0.8638262328815778,0.1654987544739352,-0.105429829860985,91.64174449893795,-0.2891031181162313,0.085067480031015,0.5292357080615891,3.1010043306980086,1.5739264726463198,0.1051745512589869,0.4891956257576282,0.0852281287820564,507.60340872976855,1.577419412704591,0.0298739669110915,22.530055675247866,0.0574634802927079,0.0535893957912252,0.7913515265171179,0.8700147757858762,0.1384913895080319,-0.6831158566614899,321.08100041984926,-0.3757227139901817,0.0745817920764757,0.5200402235170326,2.954832099961453,1.0117454171934854,0.2709512705061677,1.1179141590006196,0.2339019792449829,0.2160726584091478,0.5432535146906765,223.72343497000003,1.0472265775632807,0.049609885690996,14.957387304272094,0.1516666402540027,0.0859719430476826,0.4241167549814224,0.5123209591784559,206.39606510747103,-0.8188939758654055,0.949200887521754,-0.1406296898564615,0.3239154892073464,5.002424788196326,0.0369647024885107,2.000000116000007,2.249219238215835,2.000000116000007,0.0701942885742295,10.387516976936752,1.0001144226062817,0.4671000862979045,2.0560673462231454,0.3901754706153196,0.3596296640641376,0.7484156732842532,248.33773269,1.1033321471396385,0.1164006553056772,15.758735123416471,0.2636516123001592,0.1946500941035381,0.7136258237069366,0.1765901800754327,204.02334221168144,-0.7006747640053086,0.9129409085487856,0.0538915122461147,1.0000000580000037,4.317677528744161,3.0000001740000104,0.1841480624260947,28.557423769354283,2045.0882352941176,5.690893150531642,38,3.993079584775066,2.911764705882433,1538.8333333333333,853213296,2045.0961145254416,4.12807881773399,29209.81506274903,2.9047136095817634,5.841924239301122,27.40458619736925,6.0,0.5674766827415951,417198,1.813972931134805,0.4731081279540587,-0.0157399135572475,0,0,183,0.3725490196078431,1.0842000009228816,1.5892073920776109,1.662791080237661,7.960784918745144,19.72402574954697,14.784314849098124,21.35546025779968,269.2687464116592,1.193607517628635,0.1750911175127719,0.7737905149362617,0.1508023587409608,296.86192743714673,1.206318998711651,0.0478939522326085,17.22968158258146,0.0986533615552464,0.0732295884648561,0.6179579397996915,0.912393652735248,0.291557007448205,0.2111791535579763,243.4959335962415,-0.8574848525773198,0.1492461644235713,0.438447560352622,2.9035626486674726,0.5984597513551944,0.2337837137304542,0.8834596889928026,0.1945291897844704,84.1583605299301,0.642293533355158,0.0435660099019873,9.173786597143522,0.1323410426238692,0.0648151504026675,0.2880236692964078,0.9615629647283256,0.3187472621556282,0.0085688190520398,122.08578927645964,-0.9044755440067868,0.1609614648089131,0.2935756579834307,4.497443230925923,1.96939523057741,0.2029048654866343,0.715807892698062,0.1750116423327872,799.5751731820387,1.979769214592754,0.0308153261928613,28.276760302093287,0.1153317849323248,0.0390043739094916,0.9931299196745488,0.9815092473175054,0.354519457233408,0.0054767613580933,401.7566270377917,-1.1862074001389082,0.1759747730077772,0.1987816694261408,4.817941963400081,0.9469883908002928,0.2812936648854553,1.0610368281658096,0.2361646524086572,0.2429033497730081,0.465290143683854,199.00715407,0.9876868253900218,0.0482692819189635,14.10698954667508,0.1575003943464457,0.0686805627166634,0.4205622844238937,0.5323875603503909,193.1856317232597,-0.8487658645455194,0.9701808399273568,-0.185217525022833,0.2514085218883629,4.64237611072814,0.0310936666185607,2.274509976784327,2.649080837481231,2.274509976784327,0.0751249635077053,11.467256511501558,1.2225587450927442,0.5526983568264158,2.150620163328348,0.4709073480748854,0.4838075498474167,0.9469889308788492,366.92009773000007,1.3411293487389724,0.1298071098018792,19.15515851487531,0.3125636748943683,0.170234327646339,0.9570603827425974,0.3023135561325006,249.40198399891983,-1.080270311075387,0.9522291049007428,0.0664639303242682,3.4117649651764905,3.774826345348724,3.4117649651764905,0.2965522372178804,11.569497372359644,2052.0686274509803,47.95538973883311,584,27.80594002306805,17.0,1544.4803921568628,859507916,2052.6261466811766,34.29556650246305,29317.365434158644,19.84748382111465,61.20385061455906,27.441887977694456,33.0,-1.3834640394029538,418622,18.3969631916325,0.1850961073295126,-0.1111262024276015,7,19,200,0.4852941176470588,1.3128663448174525,1.2081316126861046,168.2589388573684,19.186276217382503,21.970908924541305,20.19608022882369,2778.2693393375275,99.32938113261748,1.7685332318977822,0.5223896336947086,2.414522715058688,0.4257755736805522,693.4496563011835,1.843709039161069,0.2831111245695338,26.333432292452564,0.2904264945608444,0.4628213442188335,0.8223784276756768,0.6059205487429752,0.8340875790240099,0.214661089648432,360.7807793071476,-0.5542951535557057,0.4068295241300587,0.9032678636334946,1.7611123712977028,2.4674221782062755,0.5518617418518228,2.5725630002180697,0.4414389029848914,1303.8110604931614,2.5280883466943886,0.2725977882644199,36.1083239779024,0.2859343175401479,0.4502780771961309,1.319164260131504,0.6652568226672563,0.7042362895394554,-1.213299018825656,503.3541243540802,1.093464864385841,0.4179716016648123,0.8329943474133044,1.9576808915422168,1.4619625324193322,0.3783425368197141,2.4896064655820207,0.2560240799739928,465.0742712833181,1.5098926583118777,0.216515631266596,21.56558070823316,0.1890244702551727,0.3522549720173048,0.7163888400750003,0.5625878215702451,0.2948791546472864,0.8666318964308592,298.2403566135438,2.623963599553368,0.1702491276685904,0.953826236853898,1.5689732088734123,1.3724784573309543,0.7007117253303675,3.1325034131063485,0.5778624413897612,0.4841264672427118,0.7364925071711809,483.9465868,1.5402230975401188,0.3262323562583136,21.998786030142664,0.387175758689948,0.5280146511752408,0.9786977937980916,0.6089475799964457,279.9856052955147,-0.3092635906101386,0.7159104249742546,0.1468644342918926,0.7732592562172064,1.9655130896926003,0.1606676226309398,2.0196080228823687,9.190688870378342,3.029412034323553,0.5431128788451504,121.38986182331084,2.9321317450771063,1.5238171306739137,6.112081655052341,1.343862979644478,1.4713883982545997,2.1540155410534205,2225.23868587,3.302731108321195,0.4491462356162653,47.17243565759564,0.8569105151227744,0.7867889765758562,3.040739018429856,-0.1069819428856323,598.1548759957296,-1.2809351790489965,0.8658768869312887,0.8572139735089895,1.0098040114411844,5.416719286521772,1.0098040114411844,1.959229240062439,82.34843906507147,2126.230769230769,122.83424031908228,653,99.0224852071006,79.76923076923094,1598.151282051282,884494291,2129.7577700232387,92.9381443298969,29740.44873568656,67.56309807031457,118.92633949972615,27.85160328374215,159.0,0.1641318333654176,414615,-0.2019046097957808,0.5303618989275526,0.1765215496938565,27,75,193,0.4256410256410256,1.0074919574732315,1.7531821640247534,2257.903787392148,2.0824742476288662,14.55304120116627,10.412371238144331,12937.983776947094,199.8552281988217,1.2330187175957328,0.4382073452288946,2.486582109511997,0.3424775514192271,333.7183372166138,1.3081957377588138,0.2312536347462672,18.26795930629948,0.2394370096266417,0.4030318776824397,0.597998602493165,0.5743777852294022,0.5498081407714878,0.101469083297212,240.4386499311679,0.2707108214477021,0.2613337137382672,0.8967728207107256,1.6146750243887489,2.5399338266721894,0.4427576078869514,2.132942947041058,0.3469437796069019,1296.0271036276629,2.5780405037772813,0.1944806715462005,36.000376437304965,0.2302726270265839,0.343092131390997,1.221932126889258,0.6989398510667663,0.5789515380993389,-1.2035871338935185,495.28709620107696,1.3853799125771875,0.3011530032713381,0.7545180048648498,2.108104645891921,1.465522026721148,0.3190394013287654,2.0461291203094247,0.2203529219756156,438.55869918939,1.499672954414395,0.1785210316802546,20.941793122590767,0.1627654480015566,0.3046029799798512,0.7109006813654749,0.5439051027513897,0.2617532967267511,0.4033917886451741,285.77679521062385,2.153862338597963,0.1282596206008714,0.9480898336593212,1.520783618104846,1.3477649392141793,0.5766828204672269,2.7508331753785296,0.4503906645494528,0.3269075544634983,0.729215685967026,418.72895125,1.4653763868468077,0.2409882179706135,20.46286762039964,0.299773062292094,0.4327474037110675,0.6049807901974447,1.1694710631269911,262.81416314676494,0.7758133565695573,0.7174595113771373,0.0175917448750481,0.7665515048262967,2.249687782609444,0.0806451078867385,2.0824742476288662,8.260727272215785,3.1237113714433,0.3668273901889309,126.93624037612835,2.60691515658582,1.652456062504942,6.438500047690076,1.4617090540208215,1.4698423662501905,2.039817144561129,1854.95983503,3.084252671007255,0.3509431262686203,43.06924465358082,0.9205778005963178,0.606020446746237,2.753043096048992,0.4934576331289602,508.34845553423474,-0.9351738972040168,0.9325004375421572,1.0112599903073711,1.0412371238144331,4.142762812990903,1.0412371238144331,2.1736330746725447,52.14779937114299
28,2.933268008910619,0.1062904449880579,0.4268746265105876,0.0914801538213063,1895.3676539160344,2.9351844095048194,0.0325843574191172,43.53582035423284,0.0601038599325457,0.0494009211197276,1.4819869339469367,0.8915181921330841,0.1796488641662366,-0.0996439770332517,645.3189619603362,-0.9533132838830624,0.0892989795005088,0.5123351284596386,3.3468586734544306,1.6276287348146736,0.1243260668373894,0.5275091472753992,0.1012614938110077,586.203642272832,1.6323486178911215,0.0365690115688474,24.211642700833664,0.0694965186617462,0.0506633924178799,0.8185996668002828,0.9167372410282212,0.1733873772232586,0.2847479735991158,358.0783216592282,-0.6271782959070791,0.0869361134221003,0.4492008381241779,3.109883024185791,1.596260168937734,0.1868474361150593,0.6700414743978773,0.1598182283680834,568.2159561259941,1.6071091439515552,0.0317561207586836,23.83728080394226,0.1062333893937033,0.0501177560618677,0.7763457020842399,0.963939670297948,0.3642069573492825,-0.1096525150850891,351.1772371663015,-1.1911706344460036,0.1737559432682185,0.2956531528022892,6.095272896023661,1.0052692231335176,0.2160155379211587,0.9292716227626971,0.1689385298955151,0.1431053839683516,0.5302240223451727,232.54370048,1.028113233240209,0.0371839256313809,15.249383609838135,0.1132360887692405,0.0571098530991696,0.2677762837939306,1.230460858151398,221.15922908937387,0.7134182591122955,0.9648864052968896,-0.2328481747265651,0.29125274990822,4.401312850847136,0.0220430354985225,2.00000002,3.1709330088480003,2.00000002,0.054487030452281,17.7303521445129,0.4925405055955892,0.1526105696394161,0.7598765794342117,0.123978834310684,0.1100422833774984,0.3644362539366864,58.47165985,0.5155388172053144,0.0404018368051053,7.64667639239428,0.0843374062125856,0.0623586158652077,0.2190250591827091,0.3443433323846929,108.35891123102962,-0.2442750523004884,0.9163835457521744,0.0052207536790643,4.00000004,5.99742223582562,5.00000005,0.0279743881929586,38.9475454915404,2051.0975609756097,5.887028271134454,79,2.963712076145127,1.9024390243903329,1535.7439024390244,862442317,2051.1059681749566,3.7205882352941178,29367.36823414724,2.155188904830225,6.240679324510477,27.43952643177053,3.0,1.9325860943164137,420475,23.89444565498233,0.4203309991773961,-0.1142261844939973,0,0,183,0.3609756097560975,1.0928630128980843,1.397168841750687,2.2056629689430305,15.843137413333334,19.3437848211362,15.843137413333334,17.569206082647568,132.7593242471965,1.9980054611376472,0.1047117605690895,0.7138884650374262,0.0891560178513654,820.6020624323535,2.0007340877572712,0.0285042475216931,28.64615266370605,0.0554937384114284,0.0586610123103453,1.0066485442041309,0.8428664964262214,0.1720832909498144,-0.0617109919722743,409.5911195332177,0.9274360607263414,0.08197038893027,0.5704177828411723,2.9157935849222083,0.4404812577749394,0.1000172167377227,0.5802773434086913,0.0868247379104533,41.81556888582146,0.4516396625728139,0.0274693025225458,6.46649587379606,0.0547833214495446,0.0487921357285113,0.2319484988761782,0.8807874633572801,0.1737251988841042,0.1899147190073081,90.2986578438626,-0.51625114272586,0.0808399666926069,0.4980346657731737,3.235023382234296,1.5827697103837006,0.0958941641232467,0.4286439328517122,0.0754603705167062,515.433711907592,1.5856578413368794,0.0265358998849603,22.703165239842484,0.0513147353966639,0.0439745235295871,0.7853035675289696,0.8945395260610499,0.1090591496873061,-0.8985093530075929,324.46779062865863,0.007871144315108,0.0627878362767937,0.4721456188089741,3.046114426841529,0.9995807332206404,0.261096363997255,1.1179141590006196,0.2216452834436926,0.2062688220722243,0.5060253200699953,218.73508416,1.0329571194084417,0.0397360104975926,14.78969520172745,0.1451896773783394,0.0568564894796115,0.4062682154842978,0.6242555108955378,204.9140503102313,-0.5555326579760829,0.9761984014911512,-0.0950094655113755,0.2232576014432198,5.477675899166509,0.0389505704141542,1.9803921766666668,2.3238895372290784,1.9803921766666668,0.0763356931545863,7.6278938753995,0.938732035128342,0.4265230411556482,2.109320214144206,0.355144405740146,0.3352683573362759,0.7275936125222225,217.76172447,1.0306562542806428,0.1100228295159109,14.756751826536895,0.2402342450372867,0.2058934274334863,0.6464636075480449,0.0683321503039371,192.4400672013101,-0.5763828203548766,0.8831746192548293,0.0357870262923271,0.9901960883333334,4.670939265593219,2.970588265,0.159346206706858,27.69287091713801,2045.3556701030927,5.343369705317289,30,3.9584440429376015,2.6443298969072657,1533.9922680412371,811600595,2045.3626137312388,3.808290155440415,28488.60465168485,2.814486405640724,5.06486423716694,27.40614794932622,6.0,0.4941704293016427,396799,0.950309850144566,0.5502023966408169,0.0094870739362811,0,0,172,0.3917525773195876,0.9235054693447706,1.6422661656022797,1.5133509729949068,7.072165386927862,19.37385218738906,15.15464011484542,16.293043339675975,219.49517581871555,1.230271792591906,0.1641074120477768,0.7737905149362617,0.1335597882412108,298.8300544665572,1.241112849622353,0.0423091710712896,17.28670166534256,0.0913864611245363,0.0635571086552311,0.6084702958710753,0.9234539002989196,0.2484733503773391,0.0796409367832518,238.67272776282977,-0.453452641735744,0.1113233540202611,0.3769213244041742,3.024700909345608,0.5796495867709812,0.2217146684154628,0.9308573590739389,0.1848689021300849,74.67014390687291,0.620401200034703,0.0380178105552592,8.641188801714316,0.1242156958182856,0.05422707028494,0.2767907198749849,0.9697236732322386,0.3032144207941508,-0.3065087930455418,112.45201983357036,-0.7045364102314626,0.1693576380067539,0.2381810798843831,4.868498621239866,1.9817116062559053,0.2091699289244201,0.845975201477662,0.1771122784045007,770.3172401507416,1.992663399437404,0.0297547253812072,27.7545895330978,0.1184987014066519,0.037271342014614,0.9678171690164368,0.9840812105106594,0.3467757153325861,-0.0874123869426962,384.4520516136456,-1.0280759515761182,0.1750971881920319,0.1729107067070742,5.06471574007741,0.96107964402725,0.2847172700898571,1.0922066108185071,0.2385866474225,0.2344238316937255,0.4921199579026531,194.83810925,1.0021577474495698,0.049754757438691,13.958442221465832,0.1594567058590399,0.0678342282918927,0.4459621147523761,0.4860482602066157,186.4494509412865,-0.8605902264653911,0.9715284860321912,-0.2067332868445479,0.2319236647544238,4.409826133142068,0.0270281362547371,2.020618681979389,2.157992308451905,2.020618681979389,0.0652748398178293,8.787069005084245,1.2616976478688586,0.5442651041326294,1.9951835329041248,0.466398012638564,0.4541366328279251,0.9031238834467848,365.99623439,1.373527767387141,0.1225770411159485,19.131028053661936,0.3091830210996132,0.161350858619199,0.9092943318135812,0.0933537302722081,244.76934368655856,-1.1546222217944286,0.9560277315701508,0.0805949629970751,3.030928022969084,3.261960311184767,3.030928022969084,0.3211134033037614,6.308892890638548,2053.1625615763546,37.098052807643626,298,24.89378533815428,16.83743842364538,1543.0320197044334,856019736,2053.4960409379373,31.495049504950494,29257.814956007907,17.927595961566603,48.7462615982188,27.449645654797283,33.0,0.6524297077047702,416792,4.308874294090666,0.1339368815882496,0.0383118876458532,3,18,199,0.4630541871921182,1.3360702902599386,1.2464616806345392,84.54346404665368,19.37623934824768,21.21435190067452,19.37623934824768,1490.5954515226013,125.03798832792114,1.744658956528291,0.4886584716189339,2.414522715058688,0.3871549410108367,666.1334741234207,1.811476106753012,0.2708713118284172,25.80956168018784,0.2675233925937091,0.4497111779034403,0.8986170741570929,0.5737627951299266,0.66251670983719,0.3576178699655966,354.1657681752431,-0.2201618734393808,0.3409393303737242,0.9350267458762966,1.697017749353661,2.505742515086066,0.5452917871213692,2.573719840138238,0.4401589445952283,1334.6486599243055,2.564102950451448,0.2628560732452184,36.53284357840634,0.2808314942641124,0.4416237157614057,1.2242280299539203,0.6716529285753877,0.7076583203385356,-1.247617840567029,508.6657305624714,1.238840477085636,0.4112597054537583,0.8249583188878209,1.989110069385527,1.49599383897044,0.419434636005712,2.6470371693048014,0.279441913735846,489.85043955022655,1.5534015425717107,0.2124390693220346,22.13256513715088,0.2061930364003446,0.3387328894989512,0.7101661795192135,0.6728269545024564,0.3125058316582372,1.1551356400646928,303.6867493109993,2.9256767877317578,0.1827217572458426,0.8242164196739391,1.7871904480770602,1.339057867069091,0.6580893448927505,3.1325034131063485,0.5274280349798227,0.3757961238001026,0.7167060455065366,451.4769025300001,1.491316247612856,0.2952042992033178,21.24798584642789,0.3565849251487792,0.4792575465431043,0.7937720188963555,0.7651680001001021,271.82874701502544,0.139802084460443,0.7333403491255559,0.0484504136570587,0.7443588542087344,2.078228664002157,0.1126021298349621,2.039604141920808,9.270640079235916,3.0594062128812123,0.4556069736715228,123.74623089067998,2.667487782596404,1.5613562458579433,6.088219540209908,1.4059615652610828,1.6752690618516015,2.0595445668025807,1936.88701922,3.088901967627941,0.3828074597814276,44.01007860956397,0.8772834655117243,0.661564298130064,3.2938417184145345,0.1774287745650629,541.5000198670699,-1.4128944675665862,0.9099213470268588,1.0226798950857046,1.019802070960404,4.733839574855785,1.019802070960404,2.148714372130548,61.18451318940272,2118.170731707317,125.6443202759251,642,101.45175490779296,86.82926829268308,1583.470731707317,922983131,2121.875758989052,87.37745098039215,30380.637435708948,69.17780966044954,117.74317764674495,27.80467686126675,173.0,0.2388957437882905,434225,-0.350311584968324,0.5597297084152334,0.1421319541441841,27,71,202,0.424390243902439,1.0310015185473067,1.852841743779409,2609.000591854397,1.6470589487058918,12.191581067232171,8.235294743529458,14259.150125348666,149.26519349497207,1.2486478939596677,0.4467932801069787,2.5466970123429737,0.3552251886777788,360.3432644037779,1.3258099492317303,0.2316256511527422,18.98270961701142,0.2454780528189261,0.4124775781089022,0.6710583043306694,0.5717777314358947,0.576330671896809,0.0192695753766419,255.97281826173185,0.2321739496211714,0.2905721322238357,0.9995678476696302,1.66961694174511,2.537962132542808,0.437278197836977,2.132942947041058,0.3557804902835655,1359.4639095252787,2.575175967963543,0.1849781808004548,36.87090871575148,0.2332469671508314,0.3201235366364704,1.3063055757782989,0.7307334479056008,0.668299135188422,-0.9499325555543104,520.2822371712756,0.5893465837523135,0.3358300800301532,0.7600225303819802,2.3507258795680426,1.4782217418979482,0.3579024286255369,2.076708069975846,0.2432146174688639,474.0848075119356,1.520726411006067,0.1948175553621205,21.77348863898332,0.1829131605323023,0.3395029025754597,0.7389458708139572,0.5430037978538922,0.2681416204570066,0.2327068468157617,303.0354570890794,1.632575352657304,0.1323157527118279,1.0403589056592768,1.5818993144754652,1.318192195247687,0.5738711455235362,2.799952031725353,0.4553791846292462,0.3291902033386716,0.6757962727546701,423.39721674,1.4371333538612512,0.2271453643839746,20.57661820465161,0.3065791759883093,0.4098370728593143,0.6517145527750446,0.982774679594531,270.2294000257758,0.488630859043524,0.742793043883305,-0.0778530686291495,0.7893082108321215,2.274061774872137,0.1200927924968531,1.6470589487058918,6.726745242400274,2.470588423058837,0.3641590694132186,81.186517059465,2.7827815036810235,1.5349536569743332,6.521515514772226,1.327236657171892,1.3471603489190855,2.071729184850645,2068.1348206600005,3.176234018425733,0.3619359306182266,45.47675033091085,0.861592557956791,0.6207285783747967,2.603702669415324,0.2448934021888895,570.4702082546098,-0.83599944169237,0.9178734013268678,1.0908806374978413,0.8235294743529459,3.791223917873621,0.8235294743529459,1.856281809385348,43.65801370405201
29,2.9189708079590613,0.1183251841962335,0.4987141980901581,0.0998158694441506,1877.5521130758784,2.921357182322719,0.0334796012109139,43.3307294316156,0.0657015088303852,0.0503793355426404,1.4883287780726489,0.9087605926358108,0.1840395644179393,-0.4247450696941208,642.1735777509934,-0.3899693807776039,0.0924073002199254,0.4692435200835663,3.420601090294701,1.6402613198661982,0.1447399404306872,0.5956984976035016,0.118851164056898,596.4885568667621,1.6466060919727117,0.0377642126007612,24.423115216261053,0.0810624569705852,0.0535010548790498,0.8179706190613569,0.9314010886459316,0.2266780456932002,0.3729454249139654,360.8574903705636,-0.6828818271904828,0.1063523690304276,0.4075250952716851,3.580262373057966,1.5752391899000315,0.1920968553788931,0.7071259967001187,0.1652055863294391,553.9846343916944,1.5868560030789505,0.0321924326104697,23.536878178545564,0.1093205536355613,0.0497162034561097,0.8311461650712336,0.9663140766130106,0.3557088176293923,0.0624967601522412,346.55262177800694,-1.1769813682572197,0.178030150087761,0.2851346721140007,5.930227174189168,0.997360098555176,0.2083537094861296,0.9292716227626971,0.1640749280051165,0.1421111406075461,0.5053754147307277,228.34704431,1.018793948990668,0.0375915750565379,15.111156286333618,0.1092165781901488,0.0566906566070875,0.2565708241354389,1.2112120854408188,219.41922168213875,0.6023715867757642,0.9629397968018428,-0.3252029610571393,0.2999584741944627,4.97065965428159,0.02280092622157,2.00000002,3.0922770382660545,2.00000002,0.0556167263876425,22.968375860487622,0.5242199416806692,0.1925064713820553,0.9668482121753784,0.1519217743574173,0.1256251999524841,0.3812697417983178,68.57330479000001,0.5582981640257699,0.0470474889727139,8.280899998792401,0.1048465316624476,0.0702868896954871,0.2409466367585878,0.7127658800544246,115.32838716974724,0.3527268839892081,0.9331626009324172,0.0070459607337444,1.00000001,5.410025573797221,4.00000004,0.035550931850877,37.85104583264116,2050.808823529412,5.92878264348841,79,2.9894752018454427,1.8088235294117112,1543.2475490196075,857993769,2050.817351404929,3.852216748768473,29291.530670144228,2.2054959915000483,6.407354149110086,27.43784808412319,3.0,1.742666201532343,418365,23.4384304073432,0.415938229041439,0.0017162650932123,0,0,179,0.4852941176470588,1.113558025356966,1.3154310469822768,4.763158818663834,15.843137413333334,17.75316053516287,15.843137413333334,52.48897929649364,94.475725310633,2.0073793948574785,0.1117353542515606,0.7368149809740867,0.0909813577574016,824.5671073653828,2.010471493043388,0.0321245948803663,28.715276550390087,0.0593297126899829,0.0615358241418586,1.0013091550239348,0.8474173773043286,0.1505115980822353,0.1215223752484935,409.5053965509256,0.8569156912761668,0.0778951786852942,0.5591559653854445,2.9873697493766898,0.4521898775296893,0.1094056599895279,0.5863829512029894,0.0910982466417994,44.14286829228642,0.4651737409569824,0.0310473041831793,6.644009955763645,0.0599910942815443,0.0519833986180747,0.2144783834798372,0.8864934267581929,0.1511352313721785,0.3274925408222287,92.24673501605662,-0.4147504676847391,0.0856549624488337,0.4830952631683786,3.386806111564182,1.5790162354990724,0.1072885363494229,0.4286439328517122,0.08883331264484,510.96832197830736,1.5826391491316811,0.0277669824896483,22.60460842346771,0.0584654970271099,0.0451306855820861,0.8048434273075491,0.9112196515495904,0.1565109792370929,-0.7498166465795066,322.1193120418108,-0.4796808369555845,0.0806691171302204,0.4325822958490207,3.34029168987026,0.9801093441638886,0.2548680641052803,0.9868576189649754,0.220303184065521,0.2183091076544812,0.4992744479259661,209.15174182,1.0125480908937357,0.0358855784648029,14.462079443150628,0.1435238924171607,0.0498164902294758,0.44199788107813,0.4118383085183927,199.94230620943327,-0.9633968598588392,0.9808803734178276,-0.1952380676133274,0.2010549045108991,6.532989956346936,0.0372676322431988,1.9803921766666668,2.2136048483433584,1.9803921766666668,0.0735274222210419,9.806173612337348,1.0411540759998008,0.419920882625063,2.053356512386139,0.3503818011951235,0.3426648818992279,0.7457967141278755,256.9320794099999,1.122261545941943,0.1141890200452952,16.029101016900476,0.2361032090393725,0.2087553547875442,0.6819517090803617,-0.133441349872037,212.39543150395937,-0.6940941874504962,0.8764133773993994,0.0471625693765389,3.9607843533333336,6.712811643807823,3.9607843533333336,0.1799352732411635,70.19389438708083,2045.3686868686868,5.216182287631078,37,3.799357208448112,2.6313131313131635,1534.010101010101,828344907,2045.3753045257088,3.979695431472081,28780.98168930309,2.7051222888786337,5.341153319436345,27.406225601239303,6.0,0.6517558952470967,404983,2.328159532433444,0.4748721627845245,-0.0138521110374689,0,0,178,0.4090909090909091,1.0286934435141135,1.6122316016066178,1.3918055381481422,0.9898990512727308,15.63208109388948,11.878788615272772,18.08273109826328,178.45694686678365,1.1793576577825935,0.1722100824397806,0.8201688239807986,0.1425667045130531,281.2374215854495,1.1918015850418773,0.0418151547395909,16.770134811188893,0.0959854753345622,0.0661613821039398,0.6218210975002298,0.9259953246168378,0.2531744964059437,0.2489434979652419,233.5128162409535,-0.3187958759066949,0.1333696921807229,0.3862074654447923,3.1293239675567257,0.6287272849303507,0.2267617683051614,0.9308573590739389,0.1839387954577331,88.39892097982839,0.668176022368223,0.0380552589742152,9.402070036956138,0.1260071733153396,0.0582443623780683,0.275892963426911,0.9669289840446736,0.3086965481454837,-0.4730411980596548,124.48800241620944,-0.5399050986137097,0.1619506477537486,0.2610971233879424,4.915664744371027,1.996528362850994,0.2028248949955152,0.845975201477662,0.1735217591022307,797.3570235182556,2.0067525194539124,0.0308295214794054,28.237510929936008,0.1142288965966781,0.0385970157546205,0.9766835424317188,0.9818553341790384,0.3182520890199634,-0.2492064993853272,395.3126158444968,-0.9048818485643504,0.1586915119121432,0.1906554899851464,4.899072653661395,0.9349624583455838,0.2792910584852039,1.0540014668518336,0.2322483798726144,0.2396040923519456,0.4842656544780146,188.44933869,0.9755841003307616,0.0479941257651824,13.7276851176737,0.154831150295617,0.0662825354612746,0.4716555262136188,0.6201360187561521,185.1225667524256,-0.7762764307148275,0.9716910137011364,-0.2875037061036576,0.2356103741909668,4.750520253289578,0.0374724017142594,1.9797981025454616,2.0313629200210133,1.9797981025454616,0.0780029795807834,6.63567770951664,1.1311295053564188,0.4877357182469103,1.8916234164319927,0.4182195537142931,0.4191960938970767,0.8655087606294916,300.19545144000006,1.2313158179916166,0.1303947650511951,17.326149354083267,0.2764545795978727,0.1723313246465455,0.8273579317468005,0.2171829914291176,223.9636420605709,-1.031972268743174,0.9375341592634032,0.0594316815700675,2.969697153818193,3.3435985647023863,2.969697153818193,0.2242699633208894,9.541820632627669,2052.901477832512,50.041271558497954,547,30.210439467106696,18.901477832512228,1542.076354679803,856029943,2053.50828362974,37.50990099009901,29257.98938751602,22.15851338828464,65.1160046333153,27.44654417483671,35.5,0.4954965543924369,416739,10.122500068395349,0.1530506176366514,-0.0566475729335884,6,20,200,0.4482758620689655,1.332135023047676,1.2081813361849727,160.99359397693053,15.29703106440606,23.156418917152664,21.415843490168484,2971.7171140082,128.126066614466,1.7521289903322568,0.5222756305534271,2.550058731758804,0.4179307569068405,678.3009782713709,1.8279453299854511,0.2798142238706786,26.044211991753,0.2858317632210702,0.4812913022242067,0.8507431523269912,0.5741515245619884,0.7721159026248174,0.4556284859843509,355.6821850374481,-0.2552606628776392,0.3854789013148949,0.938258047576783,1.783863405766453,2.497652221917118,0.5344758733303097,2.342878063483756,0.4431177295263214,1324.07234494723,2.553923230391846,0.2371270925110248,36.38780489322254,0.2808484835178815,0.3659802888652065,1.282900434829941,0.7653490436509198,0.8095971372353663,-1.026937355131436,507.023401049175,0.2063184480783175,0.423695320224033,0.6931111189405608,2.1941965887002577,1.4963475785393188,0.4100532817808095,2.728785099916623,0.2793730176819841,488.493409555139,1.551248360399159,0.2114225043132562,22.10188701344613,0.2042515791866444,0.3470312617584689,0.7602452794282516,0.6408721474742909,0.3289816660368636,1.0138944307337991,303.7585584434817,2.6735193651920546,0.1994693215364784,0.864238928674909,1.6620038562254011,1.3079177052282318,0.6567650314084661,3.114367966508348,0.5242760448668644,0.3727334346162844,0.6643641154434681,434.39243281,1.4628274679655433,0.2868498163195112,20.84208321665567,0.3570877407128323,0.485586994262805,0.7734640366387537,0.7001249835805791,265.50729416133106,0.1142444129946467,0.7255636342186578,0.0108970297324078,0.7559153298429891,1.921372255894637,0.1227842072010532,2.039604141920808,9.262073527881688,3.0594062128812123,0.4754092134157546,106.04288452081664,2.7804596930700067,1.5350690230687951,7.229504787664922,1.3691292698637512,1.6099351263055817,2.0474086417620216,2045.3843442,3.174237695384205,0.4036317295190607,45.22592557593487,0.8599089056715862,0.7846073303360591,3.267509846210267,0.031973845348378,564.4333176932114,-1.1978845952999535,0.8687230274139875,0.8892844366733894,1.019802070960404,6.309309415850573,2.039604141920808,1.907247717108285,95.17361621636374,2108.349056603773,128.78315235642953,642,101.69179423282306,85.0,1586.1933962264152,945868234,2112.260072341365,88.74881516587678,30754.970882769503,70.4277027631226,118.23368298192014,27.74730703868596,169.75,0.2123464203061215,446970,-0.1608543447351249,0.5768459110704118,0.1631231305199904,26,74,209,0.3867924528301887,1.0324984297963171,1.8384853518675413,4015.4772351676456,1.5849057808301978,10.586399072237043,5.5471702329056924,17932.709806751864,129.8725951609375,1.208775409981948,0.46209308084544,2.5466970123429737,0.3662057135210298,354.81608749879325,1.2937004251713946,0.2608091595823849,18.836562518113364,0.2529183744637989,0.4438848858283433,0.620939633782404,0.5377519645208118,0.5897387148928811,0.0895420030443396,256.260386916173,0.3701801372561935,0.2866169797626368,1.0300991514415274,1.5932644868608374,2.4927391641210974,0.4553764623714332,2.132942947041058,0.3672167214409909,1361.069279996433,2.533799146181623,0.2065898856066022,36.89267244313473,0.2446247733401577,0.3430122325754071,1.2786745289934942,0.7156831552205246,0.6565325155388217,-0.888370737463881,528.4607027936727,0.4277692046685599,0.3305788342977316,0.7798937361446466,2.200733904765088,1.4837985603249482,0.3677526242922683,2.076708069975846,0.2550962581027924,495.2875919901288,1.5284836362776448,0.2167575525275183,22.25505767213665,0.191000628812125,0.3571665682397912,0.7655102404912524,0.5283373462833105,0.2994038797244736,0.2595194209550204,314.565294788889,1.254729244454511,0.1471481071034132,1.0596675303659435,1.537295330989272,1.316722051428106,0.5949066950139782,2.799952031725353,0.4681571260332126,0.336613925306928,0.6400996093512394,442.23232456,1.444299667985628,0.2420125639548571,21.029320591973484,0.3147577735600738,0.4202613106682758,0.6585180268667243,1.0680511279071696,279.14507490275844,0.6091011720356887,0.7503821488793552,-0.1059854265105933,0.7804132887539638,2.2895975234390136,0.1246119446363343,1.5849057808301978,7.4792978766252896,4.7547173424905935,0.420052865721811,91.67541250550146,2.756966084224812,1.6079015244362798,6.521515514772226,1.4064278564910335,1.4683148063663245,2.040919126386522,2156.89102468,3.1896730659047945,0.3965890781820054,46.44234086133041,0.9026885187921366,0.6498730124138583,2.6643936877880314,0.3507503248914841,584.4768098556601,-0.8712661817113281,0.9182185000505464,1.367292206904996,0.7924528904150989,4.002276249449089,1.5849057808301978,2.5142501015998886,39.0333024886105
30,2.921562862098518,0.1242754290720259,0.508823069366132,0.1064277324782827,1881.19882229988,2.9241928352498787,0.0306899172159353,43.372788961512256,0.0693331410353163,0.0445739649326912,1.462662939013048,0.9355853896830356,0.1904759007891412,-0.3227466033654987,642.743829661674,-0.621839396173312,0.1004174842233509,0.3954235912800569,4.086827776631889,1.649388969944401,0.1362238926143306,0.5716805802860669,0.1121614435316278,602.5704461315968,1.6549793271595388,0.0359281158966943,24.54731036451034,0.0757492115812102,0.0518258147102949,0.8438755520911305,0.9272427776223492,0.2138887189088727,0.4797614373448943,362.8655733877683,-0.6118303121140087,0.106744736158535,0.4194443582893609,3.649500513868265,1.590437402145654,0.1946131772579394,0.7178467460255527,0.1657957881169293,564.7825178706121,1.6022463178451172,0.0289213783621889,23.76515343671511,0.1107107375238441,0.0432674270434044,0.7685338581365586,0.9752354646639338,0.3396755466611378,-0.0096236793232183,349.8962284720439,-1.1348364468543994,0.1705256429124486,0.2451061316012273,7.080528284922389,1.0006689361062258,0.2042234003587692,0.8860202824011072,0.1645095326157625,0.1513757510533637,0.4865594256237034,229.42830653,1.0212031819245018,0.0393859553128918,15.146890985611536,0.1092590813180489,0.0597691322312416,0.2747751335985751,1.0565147972516418,220.14716594336969,0.3935999296808425,0.9571649315753358,-0.2190257730064039,0.3226614250387153,4.708117799495102,0.0214763026243701,2.00000002,3.342022200067553,2.00000002,0.054361995348157,23.357610063959417,0.5590564385875051,0.1929762489732862,0.8774710283053482,0.1501982795182186,0.1145439942669456,0.4259674438181392,76.91522569,0.5912822187646714,0.0447766129489517,8.770132592498246,0.1055504323058529,0.0651188111946853,0.2209856297922228,0.72793900845055,122.99241648925111,0.1223746534370122,0.942972357304832,0.0077375984289484,1.00000001,4.5845521514455125,4.00000004,0.0335121786820438,29.49377836110837,2050.768472906404,5.158919137410621,79,2.491834308039507,1.7684729064039857,1540.6083743842364,853752596,2050.7749298272306,3.222772277227723,29219.045090488496,1.769765400185339,5.675638403486317,27.437625638442487,3.0,2.287973845319566,416306,39.10809967851457,0.3939902198598465,0.0317002547686229,0,0,169,0.4876847290640394,1.1379984093001148,1.3202694664867929,3.291020597681459,17.50495161536641,18.11286211964924,16.475248579168383,42.55324308223023,100.94435645850432,2.019073316969096,0.1024683484746871,0.4203656996699294,0.0852547386413865,829.6823350499117,2.021658996657952,0.0247781889024057,28.80420689847078,0.05684003083915,0.0360074881263467,1.0200113143260108,0.9379664506779184,0.1436268971558429,0.5089345585695498,409.8718833447265,-0.7074579887004968,0.07492167141366,0.3578870735339683,3.9733312303740673,0.462621282224821,0.1028633134961546,0.4157339823572121,0.0852506905290442,45.58307948097797,0.4738641045294187,0.0249649908896786,6.751524233902887,0.0574270783955818,0.0361691400240252,0.2386294671587844,0.9379467324266836,0.1484878679280961,0.4180788883686838,93.91212029163869,-0.7161945220762682,0.076366011044571,0.3581225092102723,3.977705185081208,1.5736221231593286,0.10646805215801,0.4199417016704763,0.0881335760498125,504.9759371771088,1.577202014007934,0.0248465097174065,22.47166965708398,0.0581021363921604,0.0397690345428504,0.7949237383489737,0.9294351955192784,0.1518388258231908,-0.7245550000178731,319.4452910013437,-0.5354952883273305,0.0783892261894141,0.3846447121546344,3.61583437599723,0.9984092410144472,0.2797308723741753,1.0452269845952804,0.2411385753214662,0.2330921890680007,0.4699236570677477,218.16103646,1.036670105998022,0.0380900771959962,14.770275436158936,0.1571636949949154,0.0518746209977093,0.4644098312857404,0.4827086824418976,202.6770759259328,-0.890728007264098,0.9827779144992624,-0.0873651025844385,0.1891880262329878,5.696074147455053,0.0432348071625127,2.059406072396048,2.313882637260749,2.059406072396048,0.0896119120628192,7.605531983829746,1.0530968822556408,0.4394794124783072,2.053356512386139,0.3691666748327117,0.3665234226146439,0.7898974946715042,264.14436291999994,1.1407031858580043,0.1024704349495416,16.252518663887145,0.2480472538755722,0.1789601606463041,0.7221338750011141,-0.1306547957287976,213.7786670978951,-0.8478289551036706,0.9169025000323024,0.0425872645422965,4.118812144792096,6.267485095824132,4.118812144792096,0.164952689284305,67.16344530015225,2045.221674876848,5.096603717980048,37,3.576791477589864,2.221674876847373,1536.512315270936,849140382,2045.2279938427475,3.495049504950495,29140.013417979066,2.570038530946691,4.744981715997282,27.405371840748064,4.0,0.8809167935231715,415180,3.402557470852728,0.5496081124596928,-0.0581845327453152,0,0,184,0.3990147783251231,0.952939122621584,1.744108586405786,3.0665318184941897,4.7524755516831885,12.980297070967158,7.603960882693101,27.12650060811486,162.9546488841574,1.1983721189721792,0.1790745289780777,0.8201688239807986,0.1537254554817343,298.00510707216534,1.2116127490074808,0.0364931217571046,17.2628244233719,0.1000080775220409,0.0606672185524855,0.5786806796622322,0.9424703040494996,0.2969650757669522,-0.0130575618577795,243.2695401513524,-0.7116462776242654,0.1504408443438452,0.3460542116180317,3.491300448147144,0.6326506051166053,0.2123643417255141,0.9308573590739389,0.1701614129213718,90.3600179499198,0.66717556994588,0.0326715782633809,9.505788654810278,0.1172431150862271,0.0523865278204031,0.3221627566773577,0.9692935416794896,0.2630727114743534,-0.5037721468072636,128.4280728386709,-0.3206903927565157,0.1323163584829074,0.2556937049653502,5.084767603981804,2.0174454552692374,0.191217501766979,0.845975201477662,0.1580882889457534,833.6134463546246,2.02644274014511,0.029419356926851,28.872364751689886,0.1064976926147378,0.0374799421023199,0.9974075618251772,0.9806673736877028,0.2853104682626184,-0.4252949145694544,409.5414274196552,-0.5368065862115787,0.1430806173208179,0.2001391417330001,4.8693834566521215,0.9402897989374016,0.2868375026823107,1.0597009652753393,0.2436753415167721,0.2459588807246665,0.4836864325990163,196.10111801,0.9828608038044718,0.0465147565345457,14.003610891837862,0.1597309303597445,0.0637149135184579,0.4857516061568721,0.5716656711830024,190.87882918429253,-0.8986736181087016,0.975207981227186,-0.2419315969935834,0.2253142158702626,4.702509021958166,0.0406705238727103,1.900990220673276,2.5048771574481634,1.900990220673276,0.0783543939117353,8.939868971455525,1.2458921436776726,0.4784893005695029,1.9977521213329088,0.4060856972944555,0.3918589240978913,0.9133334024145352,361.35449461,1.3341931651825023,0.1131909981819628,19.00932651647606,0.2711149888932984,0.1552522874177681,0.7590066982375228,-0.0495043609732167,252.91610516656755,-0.9685524263985248,0.9466244860562748,0.0372166054249198,3.801980441346551,4.498599524480985,3.801980441346551,0.2028735594723493,15.24154031111082,2052.320197044335,48.795805451533965,547,30.30367152806428,20.320197044335146,1541.384236453202,855520661,2052.8973409819687,38.34158415841584,29249.28479467489,21.84719309369361,64.57910185222154,27.443345894876863,39.0,0.6309320371992337,416621,10.772759131540042,0.113219622655484,-0.066590463603022,6,21,200,0.4334975369458128,1.3546159521893997,1.1842250835475072,142.67030269058515,14.85148514851485,23.2969693073594,21.78217821782178,2441.027887289285,134.40668554475175,1.7975863285145155,0.5337666876757076,2.657709420860587,0.4360138848266086,713.5084606460499,1.8747853218922192,0.3138190077667804,26.71157914923881,0.2938099427606447,0.5012578405808772,0.8957095002024268,0.5581772252812413,0.7419781212644945,0.3143012770184299,364.9100246884467,-0.3791721556166836,0.3675531782337582,0.9572146944137088,1.7436252679177304,2.4576368183768458,0.5457507537040883,2.342878063483756,0.4584188899424786,1286.2801472054712,2.517211831561472,0.2644865168124233,35.86474797353902,0.2910008629640538,0.3977950261711716,1.245759052565032,0.7334927249342521,0.8582962983002296,-0.9192805560981748,498.9002741304997,0.0131178877773709,0.4490534136425066,0.7400511319712771,2.087071590003998,1.525882821257046,0.4275120714797865,2.728785099916623,0.2988564123772246,509.5674793888038,1.5843562186361542,0.2244618569198181,22.57360138278347,0.2166278905198171,0.3560198158474335,0.7628075054428057,0.6509256882960492,0.3854377249432974,0.9181601090051644,309.7542127151803,2.0035847980539576,0.1971565598649229,0.8508408126054778,1.698444012629447,1.329276356668896,0.6797064806347761,3.114367966508348,0.5478485627990424,0.3849931946883383,0.6302174536847277,452.02023514,1.4922133445705026,0.2977288224887192,21.260767510605067,0.3704550782742336,0.4883413127837777,0.8156086667085222,0.7010627068738658,269.84310040378585,0.0321410688108168,0.7366739228586388,0.0359014907503449,0.7344956297055565,1.9911826249736173,0.1323439453053364,1.98019801980198,9.863520217141977,2.9702970297029703,0.5021163510582198,119.6474447597696,2.740617441411424,1.576778762892214,7.229504787664922,1.4031119654195474,1.6335796191126544,2.0324472257645128,2026.9484598700003,3.1598999640195635,0.4358374025369281,45.02164434880184,0.8847890957051239,0.7942298884432061,3.2649607545589614,0.1021223267875607,556.3453406065189,-1.1514361631698948,0.8728821308076278,1.0326505772393584,0.99009900990099,6.203024094309509,1.98019801980198,2.112101921773134,95.5730465377628,2105.339366515837,123.1783176668412,634,95.98910751213116,80.3393665158369,1576.4117647058824,982910338,2108.923443489056,89.82727272727273,31351.40089373998,67.19380913204442,119.8242273271372,27.73191269940577,161.0,0.1909998169052426,465280,-0.0170636754773747,0.5248996637908192,0.1287395230094579,27,84,219,0.3981900452488687,1.100170985499754,1.728003452290276,1911.7911817789047,2.200000215600021,16.76096034451814,8.800000862400085,14525.062457237207,306.79698990780724,1.2498699305426515,0.4609966778585471,2.6092268150008486,0.3628896209104252,391.994586502963,1.3318149873938538,0.2361388931247516,19.79885316130616,0.2520978387936751,0.4182842808095897,0.601487690526898,0.587950326666396,0.5749052069676269,-0.1080631622169267,276.221254649926,0.2655700224340549,0.2893500956408517,1.019521457441247,1.6235296708481597,2.535141692207863,0.4514843080041725,2.00370708098602,0.3692612857039754,1465.1988689873724,2.574851284188947,0.1855845227497184,38.27791620487422,0.241679874286035,0.3129251544158465,1.2651946554756353,0.7592450193628408,0.6153502553594192,-0.9456782229272004,560.2663139779377,0.3171876779599611,0.3420328247999387,0.7672112534392697,2.300256813293492,1.4843084181966588,0.3574420862698924,2.002877091348682,0.2388847022431747,515.0091630609465,1.5265510813253795,0.1897405574753932,22.693813321276497,0.1820230755744108,0.3239201127964232,0.7445222923415131,0.580610286585039,0.2460843703624815,0.0864030437981722,328.0321604214616,1.560986305662555,0.1233226862966039,1.042528328855392,1.5790367296485253,1.322473392556248,0.5850507655197333,2.799952031725353,0.463834455089633,0.3336137881199386,0.6450625486967067,461.8173957700001,1.44556960194672,0.231635525882408,21.489937081573785,0.3109082436033925,0.4145952354043463,0.6658927100705472,1.0263496423021028,292.2666197549308,0.6256129312696728,0.7480346450134551,-0.0806613212736675,0.8055845861431391,2.186734727664002,0.0771514914659261,2.200000215600021,9.617904166304069,3.300000323400032,0.268129319441558,155.1458465242578,2.7497118922902795,1.5786680615558468,6.521515514772226,1.3713833147336834,1.443980022955761,2.0719710795714,2219.2447501100005,3.168884890377298,0.3682510137854558,47.10886063268778,0.8866143823460558,0.6197721408657775,2.633323376212277,0.3615448559198407,607.6863281961517,-0.7901235581869672,0.9221240203209023,0.9521007543741078,1.1000001078000106,3.615876060220845,1.1000001078000106,2.0798536190588663,50.00673729130292
31,2.9090749633833424,0.1231687728979829,0.508823069366132,0.1037568918344277,1865.1201210776003,2.9116694064008897,0.0318480526544102,43.187036493346014,0.0691370608509861,0.0472426658211239,1.4656241025437833,0.9261243733221666,0.1946045457059848,-0.31054145957141,639.9964919443353,-0.690663086899332,0.1004135414101354,0.422807260443302,3.783303273985992,1.64482023936978,0.1441242192832857,0.623611987620069,0.1183164746584286,599.7444185028006,1.6510938777654491,0.0371523162874813,24.48967983667407,0.080396285749243,0.055737644897705,0.8314265114797813,0.9248537874476832,0.2272708495989059,0.312280152482897,361.8604526613516,-0.6062761569804276,0.1099302486951002,0.4262507832442547,3.526026842674231,1.5794186138514517,0.2047496459430321,0.7178467460255527,0.1746050195274988,557.9849041472187,1.592574964907773,0.0293071797180799,23.621704090670907,0.1165914513336566,0.0442948938335718,0.8290188614837485,0.9764937039510592,0.3758794767778504,-0.0294446163764327,347.4720950473194,-1.206025556801233,0.1919899398296387,0.2381810317388444,6.917370218974779,1.0064192023516214,0.2086078047715734,0.8860202824011072,0.1685889995819797,0.1523078235194804,0.4968107594824702,232.36378474000003,1.027715438020396,0.0399934878342896,15.243483353223438,0.1135133489292965,0.0610300866652113,0.2887441729018976,0.9144136594509408,221.41222451735672,0.1375830311692789,0.9570550259464476,-0.17547495757425,0.3223993520354798,4.676178804263191,0.0238109489618077,2.00000002,3.35201053610527,2.00000002,0.0538108685969887,23.341673160026662,0.593236099934771,0.1942980877464271,0.8774710283053482,0.150895863068619,0.1148174975900776,0.4611120812016368,85.69202803000002,0.6241067363185419,0.0489442621530704,9.256998867343563,0.1074533002307424,0.0686415523481334,0.2150687646005057,0.4073575637954575,130.51194198564963,-0.1940398609542994,0.9374242503155766,0.0076978337851626,1.00000001,4.408088141591899,4.00000004,0.0330688498647699,25.99352567182212,2050.990147783252,5.696090502068503,79,2.81846198645926,1.9901477832513592,1540.6083743842364,853938353,2050.998018507376,3.435643564356436,29222.22361491336,2.088767497439399,6.129784451817419,27.438905441678127,4.0,1.8106601217657552,416351,26.45209679613579,0.4208754971840342,-0.0415001692528171,0,0,172,0.5369458128078818,1.1168889803621376,1.3164807681126114,3.864828079449046,17.50495161536641,17.881273157708677,16.475248579168383,50.33578763347942,94.18643644081467,2.011597985595738,0.1071800778631536,0.4338194627577609,0.0876103981473534,823.7653594538566,2.014437250383661,0.0277029904272819,28.701312852443817,0.0587830938832475,0.0429838691741739,1.0093701388655594,0.9188843879071772,0.1356960641808309,0.6304351941214112,408.3543910759348,-0.535779925713264,0.0714577534522891,0.4124176910684175,3.796293119568086,0.456951876789398,0.1079538101845586,0.4273515212745248,0.0895909910895941,44.74153167031416,0.4694695238712648,0.0271195763567516,6.688911097504149,0.0598720089247347,0.0396801069605562,0.2265501148605501,0.9319077932001726,0.1491748365942709,0.528919303155548,92.7612309882478,-0.7000708148339907,0.0781218034848007,0.3763790912646172,4.036098636989552,1.5652456812568671,0.1125155339195709,0.4406169477022752,0.0933191556252985,499.9060592321222,1.5692646127370549,0.0288230009060436,22.35857909689528,0.0615720072390785,0.0479115777958898,0.8020464454271995,0.9089767351698768,0.172260560634297,-0.7113231557890533,317.74487329514403,-0.5510859978611014,0.0876638677775312,0.4419733134217896,3.3013344569753587,1.0069563420018182,0.2727082086429374,1.0452269845952804,0.2358986413332824,0.2346342783522031,0.4860432525413441,220.85679111,1.043055362014213,0.0428755571937378,14.861251330557597,0.1540513301713159,0.0623085822349565,0.4632098580070798,0.36737977082056,204.4121374263691,-0.9393784450583008,0.9737240919366776,-0.3276944995467309,0.2354358984915565,5.838003614114937,0.0434771418991627,2.059406072396048,2.5563196992513992,2.059406072396048,0.0837474485366901,15.12057324428874,1.1855701338785098,0.43625119038122,2.6962621530847724,0.3487059160783639,0.2902728997805579,0.8993577552457876,323.77568852,1.2629149340475765,0.1114419770479178,17.993768046743295,0.2410514532203292,0.217191687201058,0.5697496332724061,0.1466392536079699,240.67073717733751,0.4438786698621113,0.8755858132388855,0.0473140904126067,4.118812144792096,7.244430326525574,4.118812144792096,0.1863831487028845,95.3495777130944,2045.1761904761904,4.778581075249415,36,3.319546485260757,2.1761904761904134,1533.954761904762,878381359,2045.1817464935668,3.200956937799043,29637.499202867977,2.3909318751424014,4.450149183027033,27.405111589572712,4.0,1.1484279900854215,429487,4.122663177853072,0.565852223240436,-0.1264845735085629,0,0,186,0.3904761904761905,0.9846440785874138,1.7475785444426482,3.729306871833628,4.571428864000019,12.811473014967266,6.400000409600026,28.09959766253996,173.58919060063317,1.1878886814767478,0.1698880429548355,0.7948433276302828,0.1457748582559587,302.358846063975,1.1999183425867244,0.0363257697390118,17.388468767087428,0.095241098691927,0.0592965297914926,0.606959379191808,0.9388368112550812,0.2936999796966755,-0.0577914296095265,249.45662311011705,-0.7481785061692272,0.1448044558796999,0.3712252033176553,3.428746802733564,0.6554924054838149,0.2262731853698253,1.016091932161061,0.1767662183251664,100.93146853909934,0.693271981737599,0.0350595059195187,10.04646547493691,0.1245606503049199,0.0561706642123059,0.2993823336401073,0.9689386207698,0.2827788415406288,-0.4332313690436009,137.6534051516011,-0.1516476322502473,0.1351959412758754,0.2656972762435712,4.757287904873776,2.0357124095768984,0.2050633500296654,0.845975201477662,0.1698740223947922,879.0549073489367,2.045965725343573,0.0310747046290213,29.648860135744457,0.1143444171025246,0.0397701850098096,0.9986913717321444,0.981103396720681,0.3037421773564031,-0.4673582201325025,427.4996060111487,-0.6359729967791923,0.1587721866204126,0.2074892595204333,4.510387976393569,0.9121566473279932,0.2871716280286323,1.1209438088340236,0.2304991830890815,0.2177439201696537,0.4958971663404429,191.96196403,0.9560881709440022,0.0455354695929029,13.855033887724709,0.1569222432335409,0.0633929440665848,0.4154750360928168,0.8337502725490901,191.5528959388785,-0.2723065191174227,0.975454867831864,-0.1660412971856889,0.232947406461419,4.347994412484527,0.0387923351787856,1.828571545600008,2.6864934110609204,1.828571545600008,0.0744456644365455,10.202727562547205,1.2622167018584518,0.4815993571335371,2.0365962577952947,0.4152367972947183,0.4027302039220255,0.9560022322942484,383.04514014,1.3505645030346174,0.119195558628726,19.57153903350475,0.2722604849834092,0.1639631483505645,0.8115564520334878,-0.1268794751882374,265.0655073902749,-1.0396854821132426,0.94170445351945,0.050867052303518,4.571428864000019,5.296746340791272,4.571428864000019,0.1912980863383765,16.80387273007232,2051.233009708738,55.10437172396206,547,32.55820529738901,18.5,1538.6456310679612,867379194,2051.9694470558,42.34146341463415,29451.302076478725,24.16736916883732,74.28317604883651,27.43610133481585,35.5,0.4913986437058004,422554,9.929383691799936,0.0879633839709036,-0.1022797815482896,8,27,202,0.4271844660194174,1.3914304867626377,1.1800361029357755,207.24797481939183,14.563106796116504,23.71327838699054,21.359223300970875,3225.410059811341,132.95262218987068,1.7611933344944717,0.510595114988054,2.799576278306304,0.4090447128917964,692.4162152095387,1.8333695108060184,0.2591623791206545,26.31380275082905,0.2783018229611713,0.4445266179370482,0.8883005941497747,0.6209622701540405,0.7424931541948501,0.3261021852996505,362.8058269058611,-0.091336467956375,0.3764619083377962,0.8987587566885914,1.82851213364356,2.528131480051429,0.5010918149163618,2.17627172640573,0.403652512632669,1368.1125151980837,2.5770764228697383,0.2056954388613256,36.98800501781738,0.2609929191745628,0.3264270160880931,1.2728920658661014,0.7838513650956611,0.6797475214235278,-1.1524099088168531,520.7950848905944,0.68002156040022,0.368020140367959,0.6724596645804717,2.31591202314771,1.5029240951125988,0.3830045554300751,2.728785099916623,0.260670217878113,495.380812491464,1.5507292560878312,0.1912854270615778,22.25715194025201,0.1893587563033305,0.3267452276321272,0.7602359230046266,0.6279812250186116,0.2952982116551417,1.1385521531707117,309.6023635931954,3.248179070984785,0.1742069676019991,0.8794170009815373,1.6760174537148629,1.2946906604854491,0.6456930055195595,3.22867347323454,0.5080135546006819,0.3514123683658032,0.6508908053053479,430.77061347,1.4460703588913222,0.2780763445299518,20.75501417657912,0.3484173363577697,0.4931071284558407,0.7105494904040788,0.8534983248866417,266.7062760600025,0.5688121987473069,0.7074139508040275,0.0139075582541048,0.788853546039831,1.9278368203740912,0.1614308341269753,1.941747572815534,10.099890295511152,2.912621359223301,0.5140859391491068,119.6168159967303,2.6787730071952462,1.5364967934057476,7.229504787664922,1.3564826756677966,1.5656811740669916,2.049144886034712,1962.18850497,3.086290154429764,0.4029224995560505,44.29659699085247,0.8643959677008135,0.7876639525879717,3.0761486187872373,0.1624215587452475,551.8272394822208,-1.0403761799583564,0.8679601614861285,1.011695853848079,0.970873786407767,6.428026707210371,1.941747572815534,2.1076368285659206,100.97466914954018,2110.809523809524,123.67093203495384,628,98.54285714285714,82.30952380952385,1581.2904761904765,938855088,2114.412096608822,91.60765550239236,30640.74228865874,67.8498974709501,121.39626284024952,27.76323909712425,164.0,0.3151736607788646,443270,-0.2543609173787864,0.5158727489044312,0.0753817879222753,26,83,208,0.3904761904761905,1.0368811519323018,1.7642528083406943,2698.359899967313,2.304762130628593,13.540793913583274,4.609524261257187,15715.049653548736,240.2340171434912,1.204417020254426,0.4752539322850513,2.6092268150008486,0.3754172879399925,351.836332054348,1.294376724536062,0.2764094520422292,18.757300766750745,0.2613685562803591,0.4665387903246431,0.6060197075472566,0.5167232700679428,0.6003960410951931,-0.0002124867771404,252.92757425342947,0.094054039273224,0.296951408700746,1.0611339112256002,1.5681403002580394,2.489312499041548,0.4692750611825663,2.35774132333364,0.3763550160971451,1347.3278991127513,2.5329522574719303,0.2208454025948711,36.705965443136776,0.2473329708871124,0.3655580608825902,1.2789515892737833,0.6957267879788129,0.6251701154192486,-1.0564715655114558,522.7556247987251,0.7340179133041,0.3424883703049441,0.8173300553298001,2.070510765929736,1.4547116422085944,0.3345469818990471,2.002877091348682,0.2212105401612819,467.7906837826495,1.4925061757591769,0.2108698196258568,21.628469288940664,0.1677450257617629,0.3528522214236938,0.7447187408574397,0.443489456602066,0.2441909111677866,0.1013744142359264,305.4894448638048,1.8830397553379647,0.1169297216767497,1.1574876889519008,1.440402446991987,1.3566313846455185,0.5939957497105384,2.605764722612751,0.4849578549407312,0.3891887842901521,0.5826413997754228,460.23589859,1.4804051867969248,0.2470670628004097,21.45310929888719,0.3252868727956222,0.4256292950283663,0.7903821190512328,0.763501115529394,284.89259077555886,-0.0569359809054899,0.7430119802230042,0.0052548471716339,0.7751757200873676,2.2142318396772995,0.0845475046693686,2.304762130628593,10.034404349682443,4.609524261257187,0.3358641781336272,160.30215492844462,2.8135871326757167,1.568324396410631,6.372731488489568,1.3496436267530234,1.3943666975235118,2.066448143192988,2176.48229135,3.2193479755038834,0.3889798878403075,46.65278439010903,0.8851653224113853,0.6451041873745381,2.702228582857865,0.2338663414739841,590.8532978619005,-0.8258938828217639,0.9151036929763692,0.8965266216010632,1.1523810653142967,4.502806264830209,1.1523810653142967,2.227088419901033,58.55633377316543
32,2.9009653647948115,0.1232074462909229,0.508823069366132,0.1037893365214882,1854.756446888516,2.9035686873605258,0.0358910862539281,43.06688341276294,0.0694117874451063,0.0527274791981135,1.455621120071319,0.9081068548134128,0.2025138915954047,-0.2005451208584135,638.2123802548585,-0.7601778015007215,0.0988040951645858,0.471735797898484,3.529385597137396,1.6321659360785026,0.1584627227782602,0.6417845854823436,0.1316606036065614,591.5716265946589,1.6398054576890002,0.0421185176961193,24.32224550888875,0.0891098965054955,0.0664062200440603,0.8534101274868874,0.9119002033252132,0.2548242940553411,0.213453577856013,359.0765059372705,-0.8146988413173379,0.1292009580399467,0.4620033286906841,3.274588252829778,1.561650243800787,0.2076104393508367,0.7178467460255527,0.1750345136405546,545.9646851733842,1.57532779442217,0.0328580688873128,23.36588721134689,0.1180538333370537,0.0476794899018545,0.7732486631139854,0.9734975869192491,0.3714557342280504,0.1717383891243768,343.5630536361732,-1.1314438150383654,0.1844990930611393,0.253059768549664,6.576603057818763,1.02506357939966,0.248491656295696,1.0401893025228717,0.2127402222338693,0.2012958478381391,0.4956990613292402,244.68900981,1.0546197285579464,0.0485616493841509,15.64253847078536,0.1379707780515303,0.0772111481581776,0.3977359420618098,0.6398542457238603,225.51398746792515,-0.6626107424250902,0.951389648257876,-0.2901828455121217,0.3423201707942172,4.659884875396504,0.0281067204914574,2.00000002,3.3354647592338904,2.00000002,0.0602654513133888,21.92335370486221,0.6218766233375981,0.19140253377855,0.827124384601934,0.1549024509940412,0.124926097896514,0.4635233869422209,93.10376728,0.6505374256580617,0.0525005294935493,9.649029343928849,0.1067701474487527,0.0800962957928491,0.2396085863413584,0.3716946010637416,136.81285713427158,-0.4070184658597502,0.9121606278561962,0.0077367878159712,2.00000002,4.5025137117500815,4.00000004,0.0268446859789746,28.558770554204123,2050.774509803922,3.845301304586702,34,2.4282006920415165,1.7745098039217737,1543.1985294117646,857960924,2050.778097191788,2.8078817733990147,29290.970007836888,1.78450690621076,4.279634439524081,27.43767726246965,3.0,0.430558236718668,418358,6.725905591302739,0.376353763399063,-0.1620508522580337,0,0,169,0.5147058823529411,1.152168770849894,1.341751463153286,1.1697287288294884,13.58823543,17.75425994455909,14.558823675,13.52305290264415,114.79626327817594,2.0190135833482863,0.1183180078094606,0.5183504730907025,0.0965410015569932,834.430660995273,2.0224604761101785,0.0282168124947465,28.88651347939507,0.0657460118518575,0.0437273433493042,1.0340937815683136,0.931338284490336,0.1550301567957848,0.2840401443873692,411.8787710030504,-0.7113979751368396,0.0773279925177854,0.3815827139691142,4.247292329071764,0.465529969698929,0.1156012007542895,0.5266960176286961,0.0955245325651484,46.92332158434291,0.4796001274772461,0.0271868566045356,6.85005996939756,0.0642834991584313,0.0400890512355392,0.2484187121291923,0.9395496983595732,0.1625359001291083,0.2450987526475467,94.96811381858151,-0.746342788112246,0.0821638236038603,0.3566994030393156,4.404297534072195,1.551682571496984,0.1134478346867339,0.4837789521083624,0.0933004537932245,493.78732922085567,1.5558040119602614,0.0273163733067257,22.221326000508064,0.0621328743001144,0.0409761270270727,0.7944167589207062,0.9344657096739388,0.1666644854100927,-0.6774636131664636,316.54324458538474,-0.4636856743479689,0.0878344614116447,0.3751931007641075,3.5192099888381327,1.0226206409164411,0.3093263277853384,1.0984941998315847,0.2735884024666171,0.2652457998857454,0.4806119546282429,232.75721069,1.0681604369515971,0.0443961765339047,15.25638262138178,0.1744089381466226,0.0639337047105046,0.5254098744209557,0.372867650949225,208.614610746954,-1.119906806074458,0.9785765437185698,-0.3675525591132508,0.2138004899464036,5.64377807286072,0.0530422456178495,1.94117649,2.3841975840291063,1.94117649,0.0969850001441683,9.86313693832168,1.2698874308495165,0.5073511732856333,2.7128677196297883,0.4207788459375035,0.3942788076177038,0.967486497408756,381.226532,1.3670250582209245,0.0942811111524949,19.525023226618707,0.2852573635848405,0.1646897830431694,0.8033941597520452,0.1190638950311655,259.0570358933013,-0.4895613349871408,0.9470016373142688,0.0739697895546741,0.970588245,3.618203024758522,1.94117649,0.2220782673893517,39.00533647703508,2045.05504587156,14.86736125353277,229,5.727716522178292,2.055045871559741,1533.5045871559632,911778496,2045.108839435597,6.15668202764977,30195.67015318587,4.276455417917389,19.26578591473606,27.40412814974992,4.75,1.7920955249212849,445822,38.90010444909522,0.1600996329860713,-0.027470775605292,2,2,198,0.3899082568807339,1.440034156510824,1.2913686268482985,2.7680955027279284,3.9266056695045934,13.89578371270862,7.853211339009189,31.57038485999476,202.80923780707684,1.2009225654415905,0.173711721942787,0.7946868189998274,0.1513071351102318,320.951012212576,1.213364063090288,0.0364780502284331,17.915105699173978,0.0978922585834779,0.058187345094277,0.5742918959744575,0.9436213233363032,0.3003275719730842,-0.1955230867460819,261.8011192662667,-1.0161918419240026,0.1542525353634822,0.365222700867646,3.417313391874992,0.6433178577789224,0.2199098201976106,0.9199956899995664,0.1715202086809504,100.715206215121,0.6797031401905973,0.0354430138855934,10.035696598399188,0.1219555463813128,0.0555942337533499,0.3471290432771799,0.9677989854573568,0.2372844855772122,-0.2309454532994756,140.24329299580506,-0.3440905122515252,0.1215004769900199,0.275399171846694,4.3941668542958,2.0272340617248616,0.2067323533839878,0.9220167603482314,0.1656403596082692,905.1839948498535,2.0376997226926528,0.0331119523268469,30.086275855443684,0.1132489950445423,0.042799976258545,1.0272796299610327,0.978176241459462,0.2815918167742499,-0.6891101040048478,441.9370254560199,-0.0653291221739631,0.1483526204734726,0.2270750462515122,3.8967095749187934,0.9261513765116476,0.2857811179217915,1.1343048381705838,0.2321926604777085,0.2177139042363895,0.4709207293070778,204.71346302,0.969047255122551,0.0440812455459097,14.30781125888932,0.1575277480641812,0.0629286216013931,0.4203863288022049,0.7659241037043473,201.9010000795392,-0.3312321986726387,0.97565651398636,-0.192113659091623,0.2406323125127397,4.26278399844852,0.0423371871474704,1.9633028347522967,2.7795325426390742,1.9633028347522967,0.0785281610682857,11.333998716858188,1.3937605145798786,0.5525470911956802,2.313573871343153,0.4614352756652338,0.4528719182374026,1.034142210193694,489.73180359,1.4988249274871568,0.1138481023445288,22.129884852615028,0.3122879312395649,0.1554259169112164,0.8758682541873279,0.1579819088643311,303.8397921784135,-0.88814344047581,0.9601877913073974,0.0711391672522002,4.908257086880743,5.524143084936277,4.908257086880743,0.2214524725174123,18.56759457215503,2053.207729468599,54.112076592653295,547,31.46789890079117,17.792270531400845,1542.159420289855,873245222,2053.917221236245,38.45631067961165,29550.72286763896,23.39583040195113,71.5404699100548,27.44772099075327,35.5,0.393226509167347,425014,10.617051923241096,0.1260136337781465,-0.1337877351258586,9,21,203,0.4202898550724637,1.3708985920717387,1.183957166258128,127.9086809229745,21.000001869000165,24.491046468325823,23.00000204700018,1899.5155417486485,145.2646218510866,1.807027527289255,0.5175122979724712,2.799576278306304,0.4175338918238904,731.0978458487575,1.879327978678356,0.2843621503139868,27.03882108836769,0.2853224276156499,0.4582074794744938,0.9116128211643436,0.6069102399065106,0.6847112260980994,0.1031951744501846,374.0546981488758,-0.2115960001293886,0.3459191996988089,0.9172572960030226,1.7666806143678115,2.5056915112783376,0.4992193522668655,2.2899097577637684,0.3946414256206471,1350.9867316919267,2.554702712685479,0.2357082583569826,36.75577140656861,0.2588056320914502,0.3799659269027092,1.2610765862406192,0.7098543908279922,0.6458872340122408,-1.2298563017640336,518.6781428346159,1.1633077986537677,0.3491474018292742,0.7900064721581646,1.999289816810036,1.4952662912907846,0.3475600812519747,2.382978732817389,0.2485058838690299,487.699395423648,1.5349383462159938,0.2176941486912941,22.08391712137247,0.1793014130148452,0.3546840634376363,0.7357793381399756,0.4786438032021697,0.3219292400764098,0.4816554591733016,309.5201222971924,1.7577730059890824,0.1647848542266863,1.057453975149238,1.4565606545914866,1.3618540965996464,0.6869032986943373,3.22867347323454,0.5589047743212476,0.4390453515175465,0.5953652436848236,481.11008735,1.5245338043255718,0.322788362257513,21.93422183142133,0.3784346067554028,0.543691897033187,0.8796672272157693,0.6652895588754165,281.9037979961268,-0.0197422300363787,0.6865127560794735,0.0989427711724173,0.8209965375431555,1.90020561974184,0.1722945933690907,2.000000178000016,9.701733699026851,3.0000002670000234,0.5001335771086199,143.7266843305296,2.853023180852807,1.6262441652021364,7.350833905626645,1.4154379811811946,1.5520170902457453,2.106192266382711,2229.72848047,3.28201693648169,0.493263788446654,47.22000085207539,0.9119785513403588,0.9052609255490898,3.2628999426712912,0.0686097968125506,590.575798436531,-0.909830068152326,0.8445495403608292,1.0045173894808468,1.0000000890000078,5.294021716842185,1.0000000890000078,2.224793824552239,74.16792137240276,2101.540404040404,112.93183732707718,628,88.67033976124887,71.54040404040416,1579.6792929292928,876973929,2104.557259277057,100.41116751269035,29613.745609091733,61.83007742398605,125.35681054190306,27.713393261557265,140.5,0.2108093888762337,416105,0.049310546369961,0.3795217180887043,0.0982063701255128,32,94,197,0.4393939393939394,1.1001514549548714,1.5149391629895033,3036.237938414719,2.0202020202020203,13.55064333891706,4.040404040404041,13489.154924154454,233.32024960856447,1.226612778735822,0.4755598962416346,2.703637690120587,0.3635321563347855,342.4595953116177,1.3151402646543984,0.2533565548354269,18.50566387114004,0.2577762384178672,0.4477168052449091,0.5952655987516717,0.5490636970835389,0.5181810286033453,0.0063520820403307,242.8693301896928,0.3395671810019398,0.2502525066463869,0.9331807192149896,1.5638459727298075,2.5198091492182018,0.4749233851406689,2.35774132333364,0.3776657310210273,1301.622541085217,2.5639522650786826,0.2038054376019968,36.0780063346801,0.2436087123486526,0.3510010868220439,1.253613740330744,0.7263300322384972,0.5990803916348622,-1.2451622386374368,498.922211545204,1.069615559334831,0.3507614060161039,0.7339226355007792,2.0594956319100093,1.462173213312964,0.300186041757115,1.9882845799117528,0.1959031029663244,441.0661970886954,1.4925170203396383,0.1746526588557321,21.00157606201724,0.1480821256181699,0.2964656188656482,0.7178370775036154,0.5118132023377516,0.2159387548868474,0.2407824345873843,289.51029623596685,2.453773440127633,0.0998635083417248,0.9814435465392288,1.4602271721898312,1.3358768980826154,0.5888353757921153,2.61903625820834,0.474577312845666,0.3746534594794036,0.6623390216935567,421.64952185,1.4592953914977134,0.2286092739540646,20.534106307555728,0.319474100603778,0.4032716276869096,0.7430239610201228,0.8193716803175408,264.50362582035785,0.0646255187398958,0.7608152987088089,0.1109393897793908,0.6805338685117044,2.347948510300729,0.1311368631490601,2.0202020202020203,9.110868359660415,3.0303030303030303,0.3694844597523488,162.9639890370771,2.5800236249705395,1.5338550635697352,6.244264116952139,1.3344116135593025,1.3818268531574562,2.0049820416839523,1781.4754744100003,2.9995584476483512,0.3578410284556461,42.20752864608399,0.8610434948610458,0.6097510956700306,2.710748353966,0.4450949270872872,510.8446777441668,-0.766290975309353,0.9205641592130124,1.0024643035957987,1.0101010101010102,4.306286519309122,1.0101010101010102,2.0764952592122934,67.34370647810641
33,2.915982419394222,0.1066257705978594,0.4066974747388099,0.0915791146343209,1873.1395864828328,2.9179223512028627,0.0378594157545275,43.27978265290658,0.0605650604512349,0.0561418814924811,1.4538234213149976,0.8602882501973218,0.1851100477843745,0.1461571837944205,641.5161322667288,-1.1045799715406484,0.0926229032448535,0.5803613599766908,2.9230435897468467,1.611736967414091,0.1383229120306023,0.5524406465571738,0.112250602831311,575.6833083988024,1.6176347890990868,0.0479273082911229,23.99340135117992,0.0775894290504623,0.0738654363040388,0.8171456186485158,0.8566468806328069,0.1947179869956845,0.0506744872676855,354.58213283109995,-0.7206631239272983,0.0987221553455812,0.5886941571928219,2.616492932290566,1.597531251153436,0.2008445956004707,0.7144378718364361,0.168766137557071,570.2974844470494,1.6100500901963062,0.036879672852076,23.880902086124163,0.1142484667458054,0.0537971362882434,0.8086376261792063,0.9640508861982012,0.3622170835199239,0.0156088379794798,351.4568752537559,-1.1479528513087285,0.1825610418555567,0.29526961122891,5.754480971826702,1.0342099978413204,0.2573859288969003,1.0521054838305863,0.217274024259234,0.2111462930228332,0.4956696949733097,249.81807641,1.0656156487939474,0.0502896778271812,15.805634324822272,0.1430656622946916,0.0786343388414581,0.4018818768599542,0.6515243133192455,227.5261995250905,-0.4745114076657351,0.953256037865828,-0.2964073706268544,0.3367767706421181,4.495478301996555,0.0337017958069963,2.00000002,3.3441673205145226,2.00000002,0.0672458311439649,25.7331673010967,0.6062559471505208,0.1948766737966198,0.8692325250055373,0.1598886303472303,0.1415064487344502,0.4516672605967226,89.1771252,0.6366714765802761,0.0536754381537819,9.443364082783212,0.1089286165606705,0.0853887950570366,0.2750556562466081,0.2626041564546004,133.37630837311457,-0.5252433578284785,0.903859552181797,0.0092322297590815,2.00000002,5.074311899462191,3.00000003,0.0328812725233602,38.330485492292766,2051.533980582524,8.76057190914103,106,3.886888490903941,1.5339805825242363,1538.5776699029127,867026818,2051.5525946325847,4.160975609756098,29445.319118664684,2.9503670376509588,9.0,27.44200385292763,4.0,4.869063195113048,422616,41.52189147364885,0.4722520333259489,-0.1646661674129292,0,0,176,0.3786407766990291,1.0547677710599193,1.2710016379941218,1.6340782316031768,14.417475872330098,17.73369324483199,15.378640930485435,17.338537352643055,101.69664670104332,1.9967564728384528,0.1332703785414262,1.269577489416308,0.0957403224986669,824.9705045636829,2.0011774502033406,0.0431457627141263,28.72229977845929,0.065615112491647,0.1145599912117211,1.0004393534649725,0.6254714469458685,0.132557722413859,-0.5244272035164477,411.3318334047213,6.710655520165089,0.0674852918970457,0.8810281737261703,1.870448106288007,0.4498477340548183,0.1208025261739671,0.7476208525904258,0.0928708415727633,44.678390987508905,0.465709558784493,0.0346267954895035,6.684189628332585,0.0641453299649874,0.0644794762999652,0.2186808356847375,0.8551587396751076,0.138133473359401,0.8756843091555334,92.66863321529256,1.3458999135198488,0.0717394116779038,0.5485803905540938,2.477369100204989,1.556882148728718,0.122608973562625,0.6789804619987707,0.0982346584315441,502.4014540378174,1.5616792275919908,0.0340683492218431,22.414313597293525,0.0671443371546258,0.0597674780854486,0.7682507291536284,0.8801438643618914,0.169601342091177,-0.4211440721509549,320.7177226381159,-0.2125341692667159,0.08633631009729,0.5029581938063378,2.7126522893100486,1.051645492067571,0.3141840533041261,1.5782606549800473,0.2734404022912273,0.2656675059334116,0.4934140380039692,248.06327961,1.0973562218889756,0.0586396448912415,15.750024749504364,0.1765537657191061,0.1285146241128559,0.509262224647466,0.4176491704229987,216.63897136591964,-0.5899791916271289,0.9158576625320226,-0.1258762050856939,0.4197379665183581,3.851135342620616,0.0488828765634728,1.92233011631068,2.507387387071675,1.92233011631068,0.0851302187682455,14.140673590475592,1.4095242057015822,0.6380087262936851,4.868107943424894,0.4888071921683138,0.4149429307331941,1.036127749927805,492.71855085,1.5465566997318387,0.1567018670116832,22.19726449024744,0.3423818421715281,0.4497759700598154,0.8536452108633772,1.020552966364442,290.36198637452594,4.389125042838298,0.7502438275844675,0.0994664255843346,0.9611650581553398,3.599895369408285,1.92233011631068,0.263042268579162,46.47828838543098,2045.1141552511413,14.855905155048156,229,5.908258793603122,2.114155251141483,1536.157534246575,916013840,2045.167865524372,6.36697247706422,30265.720543215222,4.3759792216497,19.229421265390044,27.40447259492123,4.0,1.7680554373579866,447880,38.785111365794606,0.1603290103318628,-0.0332284516874428,2,2,205,0.4018264840182648,1.4389578245450771,1.2900152305614394,16.20794165598082,20.61467976489912,23.963180607803537,20.61467976489912,372.741751234862,214.6369808874062,1.2338736808444224,0.1582305497149825,0.7308219434000822,0.1350869480082806,338.8733386976004,1.243932009141994,0.0391345808292696,18.40851266934948,0.0891879213846285,0.0596546440149253,0.6174275837747955,0.9287727027582916,0.2669247961250973,-0.2243241885130587,270.2183361049285,-0.989998818799882,0.1340131138410432,0.4143291023565894,2.7622358165218275,0.6154969687806212,0.2386438132094546,0.9850809584947092,0.1898043945506738,95.38048713773766,0.659944951134928,0.0384356121155396,9.766293418576858,0.1330510296184831,0.0554047906809749,0.3147923857886411,0.9728752573368264,0.2617493063231908,-0.1994641987942698,134.79383616295604,-0.5198570342242865,0.1341910337527103,0.2552149661429655,4.363717166283688,2.01765458909853,0.239751772785284,0.93134507354451,0.2001446075505497,904.0645178960716,2.0317845563798604,0.0344686232811674,30.06766565425509,0.1330273735480513,0.0447608462235327,1.0184781634473163,0.9824501348819928,0.3835149007600862,-0.5737366177721878,441.866355012578,-0.7127591639416084,0.1985019158021743,0.2052544523049515,4.040307642737018,0.9361467720567128,0.3007749089469609,1.2159164472119224,0.240603666500917,0.2154077511856735,0.4839622557082752,211.64668956,0.9830682784018616,0.047632277215581,14.54808198904584,0.1647931288834017,0.0658250796917177,0.4225480458315482,0.8392567998752339,205.0161430804201,-0.0790613519495098,0.97566110142201,-0.0301529360889171,0.2402917999651255,4.023088658672099,0.0435729119640989,1.9633028347522967,3.0514856875549445,1.9633028347522967,0.0876454066898988,10.45283821509631,1.430011046717327,0.5620540937691708,2.439920916139912,0.4751849087294313,0.474610931582312,1.0897459787209298,516.7072663700001,1.5360318715330412,0.112586236545017,22.73119588517067,0.3174139865421916,0.1554345980938701,0.9452026444974332,0.2315024988914899,313.17241923109464,-0.9929350962623188,0.9616444383335722,0.0676566536730213,4.908257086880743,4.29670639585303,3.9266056695045934,0.3199202663651235,11.69318454361122,2053.6747572815534,50.20976528951916,573,29.177632199076257,16.67475728155341,1540.4587378640776,869338291,2054.2854697588004,36.88780487804878,29484.54325574673,21.27866445654748,66.60271729606467,27.450937305853323,31.0,-0.7399831214437946,423057,13.096374747860253,0.1201739682539303,-0.0995951926882563,9,19,201,0.4174757281553398,1.3680734284949692,1.1841015802513597,162.08813655122077,28.00000249200022,24.89157581959783,24.000002136000187,2226.153665062181,149.30319900082077,1.789401547083672,0.5119619871528177,2.615790031404236,0.4190861060104311,713.3348673606602,1.8608574954186128,0.2393854472611925,26.708329550173296,0.2825405573555954,0.3887793459427346,0.9087088680288332,0.7093694144080772,0.6882729627165114,0.1598635617007575,368.6167186992364,-0.3962163278610506,0.3545949783090373,0.7847268094838161,1.792952647442834,2.5185672000375003,0.5002612223016941,2.2899097577637684,0.387984802351796,1357.9987972280262,2.5675332852778823,0.2167583906839731,36.85103522600181,0.2565395853721535,0.3651695196246721,1.305909117018336,0.7325351180374814,0.6609247409661152,-1.3340272619113802,518.824843207725,1.5682452476779516,0.3433667780269271,0.7552147394834023,2.0568333864746875,1.4742825232027008,0.3248832764193592,1.986635434804409,0.2345394832208467,469.3804197693905,1.5094852523412994,0.1832770626140454,21.66518912378543,0.1701633701043936,0.3010439356482042,0.7550553799748548,0.5643078437615503,0.2838667132776646,0.7577493906605361,303.7021997797564,1.6944210888524336,0.1532380490763163,0.9564767563025244,1.5273579460165052,1.3614614929237363,0.6605801725567231,3.18941959898089,0.528260905452819,0.4098293839448121,0.644866767807232,471.29200742,1.5125558762365985,0.2782330733718977,21.709260867657378,0.361389952124319,0.4753174535198627,0.8456071321035848,0.7262946499841011,280.4610675422897,0.2827075159617616,0.739214960966193,0.0049230694152361,0.7444416709512881,2.1435102225327487,0.1502393950417313,2.000000178000016,9.335215643876444,3.0000002670000234,0.4123755739550859,148.09617166417038,2.696868041856499,1.628501202185463,7.350833905626645,1.416423651569071,1.6100116421920243,2.061160533242382,2041.9213443800004,3.148370933645724,0.4537980736093612,45.18762379656625,0.9147569884760384,0.855391002571623,3.17929135620736,0.2816795513673781,555.5548166224388,-0.8406746303772143,0.8615597739816617,1.0776513867512874,1.0000000890000078,4.955702079352629,1.0000000890000078,2.2842999046297807,68.34496053877845,2117.064356435644,123.11140777042392,627,99.57214978923638,86.06435643564373,1582.8118811881188,908402661,2120.623228260414,95.81094527363184,30139.71899338148,68.04083542682626,120.89693814047274,27.79923647239861,175.0,0.2937154536841778,427647,-0.4627956126939523,0.5178125120828106,0.0722308181884945,32,87,201,0.3910891089108911,0.9871431593356456,1.7113372908944406,3275.260978904383,1.98019801980198,14.446072757986684,7.920792079207921,15556.90200599875,231.86389073820044,1.1930133666010247,0.4829664436644719,2.703637690120587,0.3791203279411239,334.387314090407,1.2866167817271066,0.2796710542925138,18.28626025436604,0.2658149119412573,0.4736474481208118,0.6047907171475105,0.5185459268675406,0.5945911033265454,0.2402224213075432,240.988700053407,0.1273652077733671,0.290359530429802,0.9936431122819164,1.5423259130475415,2.460574053623905,0.4796590994336077,2.35774132333364,0.3830240597970207,1269.2384272057309,2.506662831440124,0.2264764114865882,35.62637263609264,0.2530966102909604,0.3721010229627878,1.2553174109283387,0.6973367770184025,0.6330366388948261,-1.0597410732651915,497.0359588320288,0.7988571022603672,0.3339619807956764,0.7869439487212387,1.9732396854039955,1.4588504064607444,0.3356046113611028,2.3554998661513453,0.2256944074719511,452.5441121915316,1.4967689825376491,0.2009791819293347,21.27308421906733,0.1693237804791804,0.3360000230222462,0.7140502886445538,0.4986920939324373,0.239851007568993,0.491687715055121,294.6877821050704,2.493294161552209,0.1195890078326958,1.0238222409613016,1.4271026940503095,1.3758727459653426,0.6187157872174628,2.703789136933919,0.5018886222731542,0.4076677432588936,0.619932108586745,459.33586854,1.5079588665700825,0.2763195769258382,21.432122352674263,0.339745363096629,0.4703408285174965,0.8252604997653152,0.7328841200151732,277.9262946849992,-0.1493849319979361,0.7106708029912093,0.0559192363751319,0.7780531879788926,2.09129246609996,0.1304343110399088,1.98019801980198,8.99073217216594,1.98019801980198,0.3632253159281536,165.51813495018507,2.8575179506240524,1.5565739999573458,6.392661154098699,1.3453983006831245,1.386130082791026,2.055868260566015,2136.4200313900005,3.252128040077668,0.3956350608468712,46.22142394377309,0.8806771919445526,0.6439465575274532,2.7935038889240973,0.1564475792673768,577.2186260260586,-0.9570773611794654,0.9139823991211882,1.0991438957471742,0.99009900990099,3.9037811273523024,0.99009900990099,2.2045173477050106,58.99146661571837
34,2.912503127014818,0.1042793593957753,0.4110278421475359,0.0894112208048276,1868.5698287419625,2.914360859872088,0.0357051885401774,43.226957199668384,0.0592555890876733,0.0539273993930178,1.4642430433365736,0.8661129944949942,0.1849512152819512,-0.0226796973802058,640.7506879432599,-1.0748298148199502,0.0922194486810639,0.5701310007167294,2.931635674754444,1.6265389777465222,0.1483936658348921,0.5992817172235647,0.1251201348912822,586.8609190814364,1.6332634913535375,0.0471216887916334,24.22521246720937,0.0838248570670236,0.0725734035055506,0.8068185631760327,0.8801059604122718,0.2511132877553923,-0.0279100611479417,357.8385751042349,-0.9366299073982552,0.122980728316824,0.5391416346350382,2.7877952904214034,1.5577192623242628,0.1936078913328681,0.7091856051293295,0.1654405425835887,542.0366454609427,1.569650577011768,0.0354341455995087,23.28168046900701,0.1101064005526567,0.0521748486285375,0.793520544183223,0.9635110551354,0.3247965634415031,0.1896249846110196,342.6982377113378,-1.1226868530232037,0.1686508065567541,0.2971006683267164,5.7423429886830455,1.0350151763879096,0.2623671329082194,1.0521054838305863,0.2197793732326387,0.2203229656023893,0.5077332816588862,250.7516076,1.0676048119718524,0.0473491456166302,15.835138382723404,0.1452696206574699,0.0758015786063813,0.4142264428483473,0.6873736855732343,227.7033388053401,-0.5671987962403917,0.9581238669020772,-0.3191847848154861,0.3185002488097095,4.705584108346769,0.0341890164064417,2.00000002,3.105196509200421,2.00000002,0.0690334376846582,23.76967181064249,0.5883546172236084,0.2013783386546189,0.8692325250055373,0.1696159345986534,0.1577179915148233,0.4474907455946812,85.03661276,0.6217154156042779,0.0521262967878436,9.221529849216994,0.1136900706337799,0.0838259357567337,0.3161846103819409,0.155809499163765,129.43801578919386,-0.7835897542442449,0.9129929112010922,0.0101494429941752,2.00000002,4.853920175943408,3.00000003,0.0383426718422133,38.241670858575816,2051.5024154589373,8.78926662068391,106,3.935354383999656,2.497584541062679,1541.2053140096618,871208981,2051.5211523762905,4.359223300970874,29516.24943992716,3.002392007879555,9.081080300133666,27.44181976387726,4.0,4.812313650877814,424661,40.80479379886869,0.4662062612509147,-0.1446524845744825,0,0,182,0.3816425120772946,1.0612837660142276,1.2773238062930403,7.043157068900734,17.330098040534033,17.242154685561186,16.310680508737914,86.50041445549874,75.95485805261768,2.0096806059663765,0.1395564366190974,1.269577489416308,0.1073146105605474,840.0469963598331,2.0144969719628527,0.0419316247499636,28.983564245272408,0.0709433830531171,0.113882507709086,0.9982148833129448,0.6654288538784762,0.1750858961049051,-0.5926497112642968,416.00388543503993,5.370797848816516,0.0945914204628564,0.8367321421817753,1.967544361174092,0.4623656679756557,0.1264995891793582,0.7476208525904258,0.1018344138819897,47.54931834985746,0.4792774268956118,0.0331600410207708,6.895601376954548,0.0689176261294807,0.0634210542872427,0.2261759825400521,0.8735247234477818,0.1712269709196191,0.6372064479030548,95.70969327096074,0.5032222780451021,0.0934155467031054,0.5161512177335108,2.613504939457156,1.558128643593091,0.122013180434869,0.6789804619987707,0.0960952626600208,505.6140946241113,1.5628756083790667,0.0330392999362928,22.48586432904262,0.0669931597382466,0.0589394568105523,0.7741737852547648,0.8831062462267889,0.1561925276974092,-0.3230422034290414,322.53262922376985,-0.1121556689308196,0.0779710731302436,0.4992632169854747,2.737722095081719,1.0541598293968844,0.3104881595368203,1.5782606549800473,0.2701765233703166,0.270975521586775,0.5235914434704861,249.88835663,1.0987220433973932,0.0565953240331894,15.80785743325135,0.1748581642865387,0.1269356627174919,0.527050089332467,0.3662029619421564,218.21108468515507,-0.595469480876214,0.9161791830886096,-0.1137295933662745,0.4202381595957734,3.865065535307642,0.0540825323125027,2.038835063592239,4.075231702530303,2.038835063592239,0.1084303746399148,64.01279791097342,1.3161217039464033,0.6935985173129319,4.868107943424894,0.5631582526233705,0.5648423095317918,1.032907663505205,457.66275636,1.486920034885847,0.1513531501699155,21.39305392785237,0.3773626573454663,0.4477803351535971,1.1290553263833896,0.9814397870564124,272.4371927169055,2.970865314881668,0.7913734824218533,0.162804315384467,1.0194175317961196,8.494864162540365,2.038835063592239,0.4492850967800534,143.01426985646287,2045.040909090909,15.920841832303733,229,6.593801652892555,2.9590909090909463,1538.5068181818183,920137821,2045.1025991155288,7.529680365296803,30333.773603031983,4.994188459941885,20.90869474600782,27.40399911235919,6.0,1.032530888627603,449909,30.72804260155484,0.1367606325547784,-0.0596995089128977,3,3,206,0.4090909090909091,1.4562272158531782,1.2715836964500733,15.571787427526203,21.1909091121,25.219342074230312,22.2000000222,364.4417028612447,229.4758769047638,1.262920037267366,0.1788813579141581,1.0295415144180606,0.1498046599390258,357.9004248227269,1.2754685855914198,0.0454692083446684,18.918256389602263,0.0987156648599151,0.0804899922053275,0.5971098593515317,0.898093936136037,0.2776707749477609,-0.4071696686763223,277.8424081988205,-0.2692084712646103,0.1451196377378719,0.4938907145359468,2.909352210261647,0.5797804222110425,0.2548358898332693,0.9850809584947092,0.2082179908718114,88.17412578904526,0.6330809433708273,0.0448114630499585,9.390107868871649,0.1441363738507373,0.0791043442959846,0.3384485428194377,0.951267280853527,0.3986114861227483,0.083860092357726,127.55169288642936,-0.8669063149599361,0.1954160255809696,0.3405835996705845,4.319043233936718,1.9883794552163987,0.2504644185905543,1.0529003015772975,0.2110258644193833,883.5420298144647,2.004020991786337,0.0378402315533723,29.724434894787567,0.1396591138271036,0.0507907504434001,1.0338137788252566,0.9793206585646358,0.3995186785647351,-0.4666428593517356,437.4434801476077,-0.701512313652608,0.2009968155061751,0.2232829335929783,4.321464773867677,0.9287593727299358,0.3067128784264302,1.3099631973578978,0.2455173704906307,0.2069584869359287,0.4896122466894191,210.3726149,0.9778748174671252,0.0514550417537837,14.504227483737283,0.168622865984487,0.0737509073826868,0.4268299436410745,0.768665048156652,204.32706200058587,-0.1240974099751466,0.9709265269148432,-0.2208245752838573,0.2645761328948993,4.014465374969937,0.0517558990980808,2.0181818202,3.199996630350457,2.0181818202,0.1089513562645596,11.265846924327883,1.4467652391827055,0.5923777620563391,2.55234346690713,0.5019259087527278,0.4985152929021321,1.103692438881899,537.33812405,1.562832690472365,0.1212497099493621,23.1805548693296,0.3344941614306093,0.1706034582185233,1.0098104778487038,0.2849830616210804,318.2883526201952,-0.9690381693266784,0.9584890872278644,0.0558338268014881,3.0272727303,3.8093838436854752,3.0272727303,0.2932102602231809,10.896881124265173,2053.0048780487805,48.483623428884506,573,26.600832837596663,13.004878048780483,1537.760975609756,864519486,2053.574499352347,33.46078431372549,29402.71222183423,19.637661406025824,63.713974826840726,27.447285930506258,28.0,-0.8205241835310709,420866,15.321178394607296,0.1364898209621599,-0.1337244308192675,8,17,201,0.4146341463414634,1.352909167148381,1.1879787753900943,103.62979966643464,15.294118625882415,22.67898084423491,21.41176607623538,1859.034163545797,126.8207273654246,1.789742127811844,0.5201546745898039,2.6914507116473705,0.4281460258522056,711.8456818747311,1.8634425025646864,0.2621843345536009,26.68043631342507,0.2884730246788826,0.4263875163595892,0.9449336431952168,0.663812610152995,0.7682415074450288,0.1087108995788074,366.897136201428,-0.4515788563213783,0.3917561119551191,0.8400217721403199,1.8293170480655483,2.4789812460734675,0.518955563162125,2.477383400126917,0.4046836278067928,1314.7365785822435,2.532459113947513,0.2572757605016585,36.25929644356388,0.2667459353105272,0.4368231242661342,1.2335234791871472,0.6444017010188381,0.6331673929220973,-1.3076931990586629,508.1911554450609,1.511818008024401,0.3568589892538414,0.8628342781168022,1.8788608955830663,1.479596026134939,0.3566756013644914,2.481289644727406,0.2596720699349911,474.7392689738112,1.5217757101713023,0.2102839070411538,21.788512316673003,0.1860681015485492,0.3262320412385109,0.7345070953849756,0.5815534912882133,0.366560836588238,0.7012031888711893,303.3171853576625,1.7833256133000872,0.1887062733713966,0.9383015269248888,1.5877764468991324,1.3989069403447183,0.690618708230954,3.18941959898089,0.5649150241660872,0.4545910027475602,0.6370169241488703,498.47148552,1.5593486531397591,0.3345994510033604,22.32647499091605,0.3827561373146099,0.5319217188384296,1.004574047014291,0.5931799100917636,286.7759227706673,-0.0897623542857024,0.703072440134449,0.0147846362549172,0.7914856039426679,2.013267122744839,0.1898152945248288,2.039215816784322,8.07286902330794,2.039215816784322,0.5153372451245861,127.993839979944,2.971994079000434,1.582904113874743,7.350833905626645,1.365400547850294,1.433046192098118,2.155408374372127,2321.8529336300003,3.365428928289209,0.5030195163340103,48.1856091964188,0.8877521331414223,0.9175742583122748,2.824884596292337,0.0139508533764376,609.258786195089,-0.8365405138465278,0.830877650387557,0.9233123708832522,1.019607908392161,5.461699136467634,1.019607908392161,2.2516005872627494,84.01039312157654,2110.4048780487806,114.4357297813834,627,90.72742415229033,75.40487804878057,1582.2853658536585,915702283,2113.490100492086,100.03921568627452,30260.573077851648,62.79316116690579,123.3951090650536,27.76385674213561,151.0,0.3203596143713413,432633,-0.0827540145694887,0.4077059619446601,0.0463543084484529,29,96,204,0.4341463414634146,1.1020290432818358,1.5818489776974611,3027.4886490977715,1.9215687465882425,13.86022877903478,8.647059359647091,13594.170615501229,208.2296767245465,1.2061675497710758,0.4826387158317581,2.576515594801448,0.3764344096372275,345.7620189387805,1.2987085873371746,0.2724789901015929,18.594677166834074,0.2653557768437795,0.4706547978683765,0.568690939738121,0.5219488825502445,0.5673692782790472,0.1175075305966089,247.2643477030705,0.1289908802788404,0.2853180310911265,1.0040577222531109,1.5381593428436953,2.480021913018571,0.5044536352565484,2.3208685017080115,0.4078091016415809,1312.7668691609235,2.5305613656213195,0.2197950685209764,36.2321248226063,0.2646332618620324,0.3670386034771042,1.2067116638489996,0.729565476639818,0.7272490297275773,-1.114351331319447,508.4044921688071,0.7977798925626503,0.3763791332019668,0.7534784009615245,2.128980372018593,1.4871964624732654,0.3319558023708778,2.184424249807259,0.2176009052795803,475.8891397530133,1.5236175497215754,0.1891242038958965,21.81488344578108,0.1658929041711365,0.3166423149159604,0.737655471974633,0.5391833332581683,0.2218152640594815,0.9082844166972812,304.8752748070194,3.027144802118828,0.1200248288328329,0.991852679330471,1.4328756375546998,1.3823247233632905,0.6018044797287855,2.750363438482009,0.481463982743574,0.3838178681038987,0.6723594650024777,465.6008372600001,1.507057927350586,0.2541061736313939,21.577785735797825,0.3271196599673814,0.422945023436924,0.7455674348818934,0.7612889146731951,283.37656828947456,0.0142029829648135,0.7491653791015707,-0.0726368906738721,0.7305310457605535,2.204719016964319,0.1007057336962564,1.9215687465882425,7.856393396662925,1.9215687465882425,0.2878411250639835,117.01407212586676,2.5837248023409307,1.5064973739141798,6.392661154098699,1.2991820780080587,1.315647336252995,2.005883964125892,1831.4899449900004,2.988996034228575,0.4013332099335994,42.795910376927374,0.8472344873866499,0.6632517977479033,2.579728057575312,0.4363385547796646,529.6635844798908,-0.7882250764468499,0.9025465735943118,1.098531299246634,0.9607843732941213,2.431331600292032,0.9607843732941213,1.9743475261957133,25.74377917156249
35,2.9328675236013777,0.097358859776853,0.4110278421475359,0.085294200769321,1894.452466138423,2.934475689685718,0.0339199872117486,43.52530834053244,0.0549459207745208,0.050505966489222,1.4706203244195548,0.8640066518795987,0.1579249619355662,-0.1621103387486229,645.2308551923031,-1.030718403252425,0.0800420816702138,0.5717779906487738,2.9473772635842965,1.607053053150745,0.1229198550107061,0.5992817172235647,0.0952548527405452,571.4852281165806,1.6117258227758962,0.04432554017088,23.905757216967228,0.0676452721242089,0.0685806660530827,0.8235800447945347,0.843106341485097,0.1430026440284508,0.216788865138941,353.5516716931639,-0.0931360170073087,0.0758098439622265,0.6150881077658149,2.4905525490769107,1.6056742008296447,0.1874761190462308,0.7091856051293295,0.1620029110649754,574.8989782777494,1.616532453738486,0.0345747604324525,23.9770510755128,0.1065528271574922,0.0510935290049104,0.8005728248688797,0.9625236162542344,0.3414372578523124,0.0137307436701504,353.24832418252186,-1.199982107480428,0.1742200957595066,0.3004221420623309,5.622432976734888,1.0426812439826556,0.2538082833466967,1.0521054838305863,0.2139255256420043,0.2110000079638762,0.5203987874666481,253.28820203,1.072991150581995,0.0463227119218608,15.915030695226449,0.1411454396737596,0.0739210465945459,0.4072750037445529,0.6360594163700777,229.38987367618424,-0.5289908601434599,0.9574502247897676,-0.3288486265637189,0.3210866944020573,4.68622477253277,0.0324282293100732,2.00000002,2.8265810932334023,2.00000002,0.0606227568023031,18.79565253673997,0.5765259018994779,0.1902827021627764,0.8692325250055373,0.1588014130042979,0.1485915369977659,0.4349740976449411,81.0535094,0.6069802655171523,0.0495004540195154,9.002972253650457,0.1062670693728692,0.0810738904635565,0.2873071129005647,0.3219614342260924,126.83569841788515,-0.5424257025703123,0.9090759405248352,0.0106413319939915,2.00000002,4.58731167127604,3.00000003,0.0384572655888922,32.07549008380361,2051.359223300971,10.849169345685256,125,4.856913940993485,2.359223300970825,1538.628640776699,866887510,2051.3877732199985,5.46829268292683,29442.953486360704,3.742694766753493,11.037187694114923,27.440931105387406,4.0,2.9730726117616384,422580,23.049703994203472,0.4825139114300629,-0.0657930745019563,0,0,183,0.3883495145631068,1.0452607949113568,1.261615469270128,10.683682100375956,17.330098040534033,17.15515046204851,16.310680508737914,131.34451546559933,73.04387478772873,1.987554943985556,0.1416678366555586,1.269577489416308,0.1013790493164628,817.8914830727003,1.9925729610750225,0.0525585264385701,28.59880212653496,0.070075884233313,0.1332605304810869,1.0014792181903205,0.5542912532874815,0.1469635653321783,-0.2970117325533796,409.4363184610245,5.414132207578101,0.0789429091529452,0.9655723219268466,1.708227592247832,0.4419291951552456,0.1295549632325453,0.7476208525904258,0.0966631038508576,43.67291132942418,0.4604393813839598,0.0428750618784336,6.60854835265841,0.0683474629544323,0.0855938719117623,0.229378775566952,0.7801553241847906,0.1433875599516121,0.931083066984597,91.0374142019806,1.5555698258501702,0.076003388148102,0.6803208352275182,2.122949192862145,1.562697307597517,0.1249682072269547,0.6789804619987707,0.0986544466811575,506.2582081131322,1.56766199068997,0.0366805224988951,22.50018240177471,0.0690185429564928,0.0642959513648718,0.7798335713932817,0.8673619793647871,0.1569076678749497,-0.1612074528250828,321.9156453650885,-0.1967947889766881,0.0796250007660273,0.5294947493468533,2.527249002810944,1.0612884459348626,0.3083722748774468,1.5782606549800473,0.2711472361670091,0.2766150000303612,0.5474091172551978,251.51879137,1.104972853354545,0.0568126074902375,15.85934397665931,0.173312163896224,0.1259822123555632,0.5491852297252178,0.3123937592365585,218.62541986258168,-0.6511401223648887,0.9163308373427478,-0.0865865553870764,0.4189510880171185,3.885523386341516,0.0554050279690894,2.038835063592239,5.029952643050934,2.038835063592239,0.1123943009293374,90.67240885492684,1.4163008053377442,0.7657609175152528,4.868107943424894,0.63908441525762,0.6252678942617782,1.0382879336432944,533.42694754,1.609177181559099,0.185436940745697,23.0960374856814,0.4205965678656123,0.5103374800302931,1.232279269407898,0.7071758742071379,291.7579658995753,1.4532439828713168,0.7771650424378674,0.1705607067628238,1.0194175317961196,10.39695437309437,3.0582525953883586,0.5467684724620311,165.25449898118012,2044.8277511961724,16.97166743132028,229,7.638515601749049,2.8277511961723576,1531.2870813397128,873955903,2044.8978437534624,8.365384615384615,29562.745187143904,5.835687338976812,20.68839325285111,27.40270977877097,6.0,0.9282289535649344,427369,24.75223994411389,0.1766132815757693,-0.0470077025006905,2,2,200,0.4784688995215311,1.3327972101195913,1.0530500176235684,7.440892137526369,13.875000013875,23.891521985832693,21.3461538675,114.49005656772094,177.57186413072714,1.298226224603825,0.1680681539552974,1.0787505359191931,0.1382889148102488,358.1221441318419,1.3090084346445348,0.0459816246521875,18.92411541213596,0.0911173788255588,0.0803662666301344,0.6295451434566994,0.8850797981532921,0.2548314850888671,-0.5803222821967472,271.32928094219943,0.6020655234931507,0.1286070081846535,0.5154009194766234,2.8121930431439672,0.525522764853103,0.2402063780673492,0.9937912639057902,0.2006514557688694,69.72181650854037,0.5775787462977099,0.0465713438551567,8.349959072267383,0.1355949333119921,0.0802646265650254,0.3100442763248261,0.9438878934341104,0.3624122123463805,0.0181190439254152,109.83425785429851,-0.7974282102881491,0.1779154304647537,0.3580550433893585,4.1423047521783145,1.9478242035666584,0.2583669917845984,1.042056996609737,0.216471180864171,806.8347262603334,1.964803612500592,0.0396589785857759,28.404836318140145,0.1451715489485045,0.0533151299606862,1.01619313032238,0.9786099344275933,0.4145215531559838,-0.3146687272539482,407.0952585454316,-0.8968355805462886,0.2197065916697207,0.2162576909825586,4.394583675102795,0.897419251561718,0.2960414671579196,1.3099631973578978,0.2366539460398026,0.2145313318726359,0.449620756196407,186.54974889,0.9447658601866192,0.0512346607703392,13.658321598571328,0.1624155634083093,0.0717804424387897,0.4165847757818818,0.8035210968873768,187.56062357639905,0.115355353876577,0.9703313884803788,-0.2171142980095964,0.2615359059503141,4.039495462421994,0.0432956037454625,2.13461538675,3.377884675348262,2.13461538675,0.0981895282385599,14.448700085416112,1.4492408158846832,0.5971480521344783,2.263101874404998,0.5150920119275507,0.5143214596747143,1.0647263144279104,513.13232457,1.5669009497920825,0.1172461962331124,22.65242425370848,0.3349924043369787,0.1660001762720149,1.0170478065733182,0.4572655140228104,302.8913305198988,-1.0461605231136186,0.9612822476943192,0.0874349450935899,2.13461538675,4.678124941834756,3.201923080125,0.3338000339182056,15.381179238946997,2054.460784313725,51.77531442317153,534,29.09717416378317,14.460784313725526,1545.1911764705883,861589238,2055.1098892426035,37.62068965517241,29352.84037363335,21.573939920795908,70.82925420496483,27.45526470190584,30.0,-0.8584286654048626,419110,12.742872488909256,0.0631342617708706,-0.1150429953247544,9,18,202,0.4166666666666667,1.4037808173154562,1.194784250545887,80.31751572357773,15.294118625882415,27.202262780970777,26.509805618196182,1826.5144302766244,192.09548106092595,1.7312646374313714,0.5139690236097052,2.5460753829993794,0.4121999642051797,665.0698818611107,1.8055875718755177,0.2606325624588653,25.78894883203096,0.2835969017885581,0.4246577371996058,0.920115228273481,0.6578357711666887,0.6870842412705487,0.3136480624894383,353.17798603599977,-0.3091472680623064,0.3651593295968364,0.8445243112281877,1.710464279889239,2.5041059837832145,0.5408753358871592,2.486138335161624,0.4171315859134395,1338.5784068969783,2.5615735119918246,0.2455316542127572,36.58658780068153,0.2732166056810395,0.4239388572298715,1.2089625714704832,0.6854222056996206,0.6532893845851033,-1.4235032464522983,510.8376206917758,1.6667653599325851,0.3721725833842269,0.8014752395988605,2.0344191135905585,1.4821947415788952,0.3490734089391421,2.481289644727406,0.2461024779136398,472.903861100846,1.5225492379121577,0.2034802224407866,21.74635282296427,0.1787775946293415,0.3237293702072696,0.7584552609885327,0.564333347193647,0.318231677983209,0.8145975484959505,302.3677272820946,2.1899795799688104,0.1714038726776795,0.9497062986954874,1.548469870724158,1.438517178706468,0.655908087132807,3.282309591110296,0.5311404662126537,0.4405373563715127,0.7256479729954458,509.4773913899999,1.5803285079654277,0.32704150424314,22.571605866442024,0.3573249295487698,0.522343049024527,0.8812879625065859,0.6716651655911767,293.45750445611947,0.2160028852605786,0.6794984760424824,0.0463306054193324,0.816046848625962,1.87132303567495,0.1329432325241009,2.039215816784322,7.476985692596788,2.039215816784322,0.3748539107216252,112.86520464266113,2.6326955103017653,1.607904014988588,7.350833905626645,1.3876603648221584,1.5896319356276454,2.089832507003833,1938.76860284,3.082818136215692,0.4960952914947011,44.03145015599645,0.9014255828850912,0.8995430198757519,3.138755108971496,0.3718499885865505,537.0698841015601,-0.7364188119205597,0.8426589467009403,1.0220117631475756,1.019607908392161,3.882765745510478,1.019607908392161,2.147973204946949,62.31228624577306,2125.352657004831,118.26548331561892,627,94.6720343531938,77.64734299516886,1595.1014492753625,937925916,2128.6246903725814,89.24757281553399,30625.57617417181,65.15480043149945,111.81666253031108,27.848112331133784,156.5,0.244792857241727,439948,-0.3435213436054249,0.5525036455885448,0.0064607384268467,23,84,205,0.429951690821256,0.9812184378418556,1.7661982509299847,4203.090403842656,1.902912739339813,10.67642234786623,2.85436910900972,16190.192128912691,173.51530447516024,1.1734565567426238,0.4876139809978529,2.606105387102182,0.3854161721780979,334.01914340608903,1.2702830591135823,0.2644725492027462,18.276190615281102,0.2698517380976954,0.457971741281185,0.6166698465905351,0.5589029775622694,0.6646215615268106,0.2366112528272534,242.9055072457232,0.0162072695284907,0.3127722579726717,0.9786908567860172,1.610429422168369,2.4520201164865942,0.482678471042351,2.189871404631861,0.3911740583458906,1292.5609212125737,2.498850867505253,0.2170781587515544,35.95220328731708,0.2579608483907946,0.3598039994347861,1.2474615736012415,0.7215935015578392,0.6773791019301636,-0.9633021214643552,507.568164112725,0.5473320548426588,0.3410456808399633,0.7838637775742056,2.1364064347778173,1.474283801252602,0.3366478399631218,2.184424249807259,0.225448420573884,473.2634786528936,1.5120505938371105,0.1930191002301876,21.75461970830319,0.169853165918659,0.328707160413423,0.7762410420202236,0.523143661329801,0.2425437926571192,0.954794664333434,305.17674685928864,2.902578220965773,0.1360244417971754,1.024929707400703,1.4650897890289445,1.368772589111948,0.6133726420225121,2.750363438482009,0.4907418137957715,0.3768602895612266,0.6633146890107312,465.32500453,1.4993154710691945,0.2713581482345182,21.571393198632304,0.3362843067878091,0.4432900363366451,0.7474401502671661,0.706580534643071,283.33592594617323,-0.1239032360314174,0.7384231627577291,-0.0145198595655662,0.7557300586338954,2.1463987086135323,0.1491529008196719,1.902912739339813,7.67800324251904,2.85436910900972,0.4087468643951157,112.87620637092348,2.886329435871333,1.5443695754489255,7.010069583353813,1.3419876867870604,1.40267631138525,2.109507158722095,2215.82174719,3.2717660192892533,0.4125383963618165,47.07251583663231,0.8719723784215035,0.6787830806718359,2.820730931680283,0.2347398745196263,597.470193225366,-0.9176293149122792,0.902529798683932,1.0407390156862195,0.9514563696699064,3.762004612537421,0.9514563696699064,2.1400062656531498,53.9319373518947
36,2.936081523446072,0.1097176761818411,0.4474107716264011,0.094792663707024,1899.1627518049263,2.938121502380333,0.0284789165978892,43.57938448171252,0.0615150651913058,0.0421153183050919,1.490434582843333,0.9260960491729868,0.1665168378076464,-0.3676245518104412,645.9379351581358,-0.8090622519100465,0.0862412024112224,0.4231948111555895,3.712256558291665,1.6362235056323036,0.1266801137510476,0.5992817172235647,0.1027206130081364,592.5044987015814,1.6410978845959707,0.0370504920405393,24.341415297833063,0.0702243037940833,0.0567868577086707,0.8135768964937891,0.8992597591881064,0.158807557351716,0.3575838560940578,359.9691712391068,-0.4923468435164149,0.0798110269872292,0.4942199174181603,2.9227412822090364,1.5600460266675162,0.1824613396943074,0.7091856051293295,0.1547741184510593,542.7145719364289,1.5706318530746977,0.0262393842144675,23.29623514511366,0.1033748856852432,0.0394099287097543,0.8152410138811326,0.9763763405568742,0.2874211589358424,0.260476406382428,343.2101258668536,-1.0480764422209736,0.142973560652989,0.238127744091676,6.759285522787991,1.0404087086171403,0.2509248887724308,0.9825364176888388,0.2107826578140413,0.2093697885769239,0.5374165759951789,251.92802447000005,1.0701062489092126,0.0372695111595052,15.872240688384236,0.1393629438039175,0.0591740199921705,0.4027829783257264,0.6859990920984953,228.8899158957709,-0.4750487523092168,0.9721551830469338,-0.250029052617063,0.2599705456971301,4.983081534188713,0.0279333681769066,2.00000002,2.2970023568876115,2.00000002,0.0519728013044875,10.61006776571666,0.6045188615192527,0.2450793527707563,1.2557388598690566,0.1855412105228852,0.1614539989357514,0.4394664969399195,93.55146359,0.6520996284380868,0.0437964715106655,9.672200555716367,0.1288285828149015,0.0677741511230064,0.2976090892825675,1.2268138906974126,132.9941495342356,1.8646321894376583,0.961264871257726,0.0074324459374445,2.00000002,3.7065504783225096,2.00000002,0.028577295381581,25.349637750941657,2051.448780487805,10.809561897110374,125,4.675121951219522,2.4487804878049246,1535.9243902439025,862754467,2051.4771204207364,5.2745098039215685,29372.682325589536,3.628766140602583,10.998663020353616,27.44145260832748,4.0,3.000498790513459,420547,23.461924761582416,0.4821253662518123,-0.0720163724383358,0,0,180,0.4,1.0446574515205862,1.26113821883572,6.398749243354703,14.00000081200005,17.250731501702855,15.000000870000052,51.80142995906147,79.5561711274271,2.006800233199669,0.1422439089307117,1.269577489416308,0.1056832451757347,829.7132703179899,2.011810579162268,0.0494664905608091,28.80474388565172,0.0716400750255792,0.1319668517483495,0.98367595076445,0.5682685572794628,0.1724882931092288,-0.6040442200093302,411.3940478059322,5.4830966738493565,0.0891645733229133,0.9515958427049224,1.7284611065422528,0.4594853603886666,0.1287468925944862,0.7476208525904258,0.1002281474061988,46.66244878431627,0.4770971613695774,0.0397139714607512,6.830991786286694,0.0695282701907069,0.0832375941456396,0.2143597523840504,0.7900399981422958,0.1695191714738333,0.6739967724350822,94.19449887967666,1.0451609621107596,0.0902719358449253,0.6646195876025602,2.139790677516273,1.574124851408767,0.1210691835327172,0.6170981822697852,0.0974947098396226,510.95333523270847,1.578751181731336,0.0337125105246482,22.60427692346536,0.0673408504054221,0.0622356572607381,0.7737483498192099,0.8674773372150023,0.1679313404270106,-0.1996681556322181,322.6955945387972,-0.2885018878038838,0.0845357109888504,0.5277741376018903,2.553637050175916,1.0521331804395917,0.3103325577592738,1.5611750690906951,0.2754057321474214,0.2842675476626063,0.5449058492009551,246.57825149,1.096731844607245,0.0545378317798344,15.702810305483538,0.1742226115628307,0.1252276451271967,0.56470694953959,0.3355647079179936,215.68730199011628,-0.7373890156097129,0.9181517690189598,-0.0688180275795896,0.4130625045925295,3.968762390933213,0.045588583411152,2.000000116000007,2.0245441926869203,2.000000116000007,0.0820906375613264,8.593282643404565,1.2809299800851377,0.7861319643449,4.984578618390317,0.6543585919914856,0.6430036442124131,0.9738405383303405,462.43293778,1.5019222443905418,0.1867135448842186,21.504253946138192,0.4274104559272904,0.5128824074540396,1.2158345577409009,0.9643963440832176,262.5906459174532,1.7142990147911656,0.7861513289970794,0.2027955845101525,1.0000000580000037,3.930293214053724,2.000000116000007,0.4436749547073496,53.96451243111536,2044.751269035533,9.03304934804351,103,4.955603081759384,2.751269035532914,1530.8934010152284,823674520,2044.7711202015128,6.076530612244898,28699.73031232176,3.5506578265824094,11.362532413909449,27.402554536346813,5.0,-2.337431717920121,402816,22.9515108813146,0.2085989891465908,-0.1420210405359552,1,1,187,0.4923857868020304,1.3025735773078972,1.3112408573167016,7.317930602739835,13.346940123551157,24.161199337863103,21.132655195622668,111.7477501772614,183.4056340404371,1.336651124191382,0.1902016164706227,1.1485829034042871,0.1554694571739956,359.0579612389863,1.3500478676209784,0.0458462454293335,18.948824798361144,0.1034171321152532,0.0806752648697192,0.6612386768768742,0.9092058176029044,0.2783917792657506,-0.402187194828651,263.32027146570226,0.3798977548830007,0.1403192089087943,0.4491491970578784,3.232735359657635,0.4802891408110595,0.241640975594037,0.9937912639057902,0.2025066851655247,56.88800955272552,0.5373747501465373,0.0471530500295593,7.542414040128367,0.1349625666358678,0.081154459083893,0.2537769362304744,0.9435505874324313,0.3349681979224472,0.4944668793985174,94.61696073977872,-0.5884416722788268,0.1745837346668439,0.3550984810148058,4.159006667903586,1.9179438414539207,0.2394204802370687,1.042056996609737,0.1950943123461564,735.9013346632537,1.9327544515184103,0.0391981158275233,27.127501445272355,0.1339445622397367,0.0525672255556782,0.9668378808399394,0.9758033193862292,0.3636533750570958,-0.015382559186332,377.8349367664225,-0.7050694418959198,0.1731814704554688,0.2226827185808863,4.296528596633383,0.8969649199148705,0.3005877592750547,1.3099631973578978,0.2446914224040565,0.2194075761633874,0.4170366618149244,176.20476350999996,0.9457486050260022,0.0509401122316157,13.27421423324183,0.1661984640116407,0.0704870835004856,0.4237335614932872,0.7053352248212514,176.70208922322948,-0.1400157410099822,0.9724160930567696,-0.1949940729138592,0.2454964199724402,4.280457276360333,0.0470033303790367,2.22449002059186,2.849512981010448,2.22449002059186,0.1123582132109585,10.15907524420492,1.3330029467664948,0.5351749932223803,2.369913117058057,0.445608303285489,0.3801148473550265,1.0161389395824354,406.18548623,1.435916174451267,0.1155187623028349,20.154043917536747,0.2959736518039443,0.164965828479678,0.7298430417609919,0.6673605500933104,262.6015805129995,-0.3022005191765187,0.952152646367271,0.0618414428518486,2.22449002059186,4.135611119540467,2.22449002059186,0.2781639495703505,16.199336931176706,2051.970588235294,51.697672839231146,534,29.20415224913495,15.970588235294144,1544.406862745098,859501540,2052.618533273354,38.72413793103448,29317.25669294452,21.646237805467017,71.59440355704945,27.440814022811736,31.0,-0.7877704228240013,418602,12.634900551048744,0.0387680809699554,-0.1214844467642062,9,22,202,0.446078431372549,1.4203075668503615,1.1808306001639075,143.51790104073902,25.74509829666667,25.195953237473965,24.75490220833333,2924.8502514744405,142.1727564711492,1.7706372895576374,0.5584727588118086,2.5526951318830755,0.4655378863176989,702.8859478130707,1.8562110203381663,0.2996350915813398,26.511996300035023,0.3122432534885943,0.4726744442671371,0.843643108147775,0.6417407273741151,0.8516207548954731,0.178223846645127,361.210007069758,-0.6861015789725817,0.4276640398357259,0.865684851116046,1.71919692472988,2.429721286744801,0.5363843277501675,2.486138335161624,0.425144011526682,1262.728042229574,2.487939578097229,0.2628706515046816,35.53488486304091,0.2811988353139778,0.4395296572676361,1.2492610750979436,0.6630603446515678,0.6876999369137957,-1.138413092232728,495.6631424959395,0.9245169126577616,0.3804130165462467,0.8365917383482586,1.9624018976043764,1.4887473439038823,0.3862078089148478,2.6572525982820747,0.276372150034908,482.4179691604585,1.5377886611861968,0.2122264160677331,21.96401532417191,0.1983529304164274,0.3305296236775127,0.7323388238342962,0.6337186502018223,0.3819331494041635,0.9758979311495368,303.70445815639204,2.1247295140915177,0.2027948534091779,0.8743390742808207,1.6940625010362174,1.4307697320584742,0.7224825626285342,3.282309591110296,0.6006029371116303,0.5004735707779029,0.7332649330451249,523.57096716,1.6020375616144364,0.3471721496552247,22.88167317221361,0.402781168111436,0.5337305333346772,1.052696530649285,0.4861410983104783,291.8770253399288,-0.330890448537342,0.7266996904055585,-0.0033760662211408,0.7554233902333956,2.003585406200955,0.1662236048428284,1.9803921766666668,8.2630536616595,2.970588265,0.5288705819632443,103.38661872052144,3.0499040214390063,1.5198787187842266,7.10822772211943,1.304671186099594,1.38982963643152,2.1782979202122608,2366.5269240800003,3.4059686106690337,0.4915534358349228,48.64696212591286,0.8522761982406194,0.858409478768521,2.793368822213056,-0.0785501033576655,622.1804203735572,-0.8906007766242179,0.8386988657754934,0.7793255753403451,0.9901960883333334,5.095052085121168,0.9901960883333334,1.838749088823555,79.6114939361658,2128.209523809524,116.1111656115658,639,91.17233560090703,72.20952380952394,1597.3142857142857,953965610,2131.359514711768,85.59808612440192,30886.333709263712,63.226611984506725,110.0678346732826,27.865003513631773,143.25,0.1458816744554101,446924,0.0505442052718567,0.544848322186276,0.1282149684687711,20,82,208,0.4380952380952381,0.99881016133829,1.7699822111854275,2266.625877848632,2.038095323695242,14.290745822868663,5.095238309238105,12369.04362247948,241.89891545407968,1.2020224165421374,0.4793083420655113,2.7210064524521136,0.3753778292855188,351.435082608338,1.2936384322418062,0.2634690034009911,18.74660189496587,0.2639330416358906,0.47604301204124,0.5597354199551309,0.5044641870570106,0.6069984542810227,0.150160951886812,252.42470747384883,0.1997823305521318,0.2888741929013316,1.0450890255854115,1.6013777479983649,2.496579867905252,0.494136993273892,2.221345850204046,0.400116559769044,1359.9431336717066,2.544782836343994,0.21894640246267,36.87740681869736,0.2605531061170726,0.3630114990119095,1.184720527471923,0.728637339517658,0.6556919918858051,-1.0857376888306194,524.2817722601028,0.6945203620652065,0.3678503877474735,0.77565457929925,2.203396310674228,1.4692086181588917,0.3122806242956309,2.1747896554138624,0.1979544820502036,473.6820427280836,1.5018750863156485,0.1752524924288255,21.76423770151584,0.1522815278367745,0.313880848072978,0.7316169878347334,0.488776204580475,0.2181500003799299,0.9259695779640896,308.53380981336727,4.111686182755564,0.1003820900286547,1.0630185035515445,1.429359972713603,1.396396908399761,0.5822982628440231,2.750363438482009,0.4678585251089192,0.3643042084911684,0.7109437258462509,480.3500032,1.5124089948221835,0.2531368938052167,21.91688853829393,0.3145002445961319,0.4229576027003693,0.7056212050554518,0.8109607014158814,293.2433507639498,0.0795418889671668,0.7354164613671575,-0.0470823690340483,0.7678224974929044,2.16501919788801,0.1136708318737356,2.038095323695242,7.285717209557686,3.057142985542863,0.3467825729716059,110.50881600218946,2.666558588264384,1.615246234423489,7.010069583353813,1.4046107333286006,1.4164321743460764,2.0590291854446376,2038.49755112,3.115626934632824,0.3966103189292161,45.14972371033958,0.9089514252821618,0.6741546030649369,2.739651550803209,0.4138874526476466,559.9773035355206,-0.8838329334703308,0.9125961076779444,1.03184228516972,1.019047661847621,4.109977982529418,1.019047661847621,2.145330352956464,69.99181882620455
37,2.9314949802922703,0.1122845476225307,0.465222110969127,0.096477820879862,1893.3669327853509,2.9336348325656525,0.0312644731668805,43.51283641392906,0.0629524601048909,0.0504104412552434,1.4940976982942025,0.898763942095697,0.1789078750630133,-0.3768193615922675,644.9288956642995,-0.8367887720199683,0.0918953957411998,0.4948634096746256,3.439023966927791,1.6185516417586343,0.1176162699801748,0.5151863600974493,0.090716205913953,579.3656272938324,1.622800087522451,0.0357982071636736,24.07001510788542,0.0639351983347131,0.057009981929187,0.82992175843718,0.8812937706909488,0.129494598929615,0.6770152046179554,356.0813611868995,0.1527728426672658,0.0676548499160509,0.5341797146002378,2.7380542966449486,1.597370167710576,0.1986311325001182,0.789661422622012,0.1701181129183747,569.9906171610002,1.609616861753414,0.0282326534478353,23.87447626987868,0.1128932462122709,0.0500630214137433,0.7740343486168546,0.9681621853411512,0.3554208019928233,0.0186495049399816,351.4214368963267,-1.1578079733279232,0.1790957876149239,0.2778554269535461,6.370211322921036,1.0385112685479052,0.2478900615411765,1.0071825451455396,0.2107034690514077,0.2118821113981042,0.5383839555046879,250.72868077,1.0675560040025152,0.041204783565507,15.83441444354669,0.1392159262687668,0.0669151172623546,0.4203444133208205,0.4862716368657404,228.4724790805392,-0.853492651322552,0.963499236386679,-0.2559189247052424,0.2975972683794488,5.0601664304691525,0.0321915790409096,2.00000002,2.7582187789156105,2.00000002,0.0566473063296597,22.02625530454944,0.5903896001466977,0.2477572338677038,1.306318689326205,0.1804565477463623,0.1491142559743188,0.4557934523083551,90.12619227,0.6400503967018393,0.0425431627413727,9.49348156737032,0.1285491896856485,0.0640691505017732,0.2764032092208913,1.2895002826126,129.8857120322735,2.1862844984879595,0.9663818410401156,0.0226889512563354,2.00000002,2.8165413638928336,2.00000002,0.0668588894166619,11.544842881163486,2050.9268292682927,9.25719180914474,104,4.194170136823316,1.9268292682927493,1535.729268292683,862309158,2050.94761917153,4.936274509803922,29365.101021450617,3.2252510760401725,9.693589958034629,27.438462888683965,4.0,1.6112909885449989,420440,19.97803613578765,0.4515539028770106,-0.1391770769109079,0,0,182,0.526829268292683,1.0808035683419288,1.242802496107153,6.679425782251831,14.00000081200005,17.52875079772533,15.000000870000052,52.80413046182049,77.8610208861969,1.99194588733622,0.1237007475875438,0.8255946270372965,0.0974134952798365,816.5305081960728,1.995764427415456,0.0427393317792804,28.57499795618668,0.0666519300665372,0.0948438942926085,1.0000444056964537,0.7030144651427553,0.1626457116082107,0.2964322332391957,408.348906903925,0.7095253607133043,0.0815206268688144,0.7914486713458144,2.0637206205120937,0.4395181722339229,0.1197438557193756,0.7374605718501077,0.0941992484726658,42.52619842382761,0.4554611622961223,0.0397339685547832,6.52121142302775,0.0650584887065552,0.0830288250746028,0.226074702356778,0.7566973070621764,0.1594175576092728,0.4888463628152931,90.1012253079542,0.5722696284227728,0.0807732679210099,0.7157033015020078,2.166432851822836,1.572468006505827,0.113980876458746,0.5737179045335179,0.0919258843624488,509.5446990547581,1.5765734673107017,0.0331704828938044,22.5730967980638,0.0634541727338518,0.0573648210025351,0.7738100462160526,0.8718437695736173,0.1536593767990905,-0.0994667389653847,322.35594133369455,-0.2962935212866893,0.0769121449249414,0.5192309069043097,2.6173240413365177,1.0383950153846124,0.3030401689464588,1.088821634012434,0.2697640401333649,0.2896875224342613,0.5469222117678523,239.77816481,1.0815033908587732,0.0524756794425166,15.484772029642542,0.1714213836706861,0.0765386925967391,0.5733961929928107,0.2454895742663846,212.8709781538456,-1.2883577218109696,0.9679858747249468,-0.1585782643393675,0.2603379118101764,5.300602793600613,0.0545167869899854,2.000000116000007,2.2885071056399418,2.000000116000007,0.0926446342846033,9.76588589156585,1.3099852602654989,0.7446076221507617,3.688979808726853,0.6611530965924887,0.6903002192971048,0.9648990805840544,464.89844757,1.5059207499797298,0.1537322285628469,21.5615038336847,0.416462718137623,0.3551706345283477,1.3354397484580511,0.3337784493904917,268.5469783544272,-0.8094721585939886,0.8859180360798947,0.1924144806120315,1.0000000580000037,4.05506416533718,2.000000116000007,0.4903896478099756,53.0206312695833,2044.3403141361257,12.641385579693514,120,6.35278638195225,2.3403141361256985,1536.109947643979,798281881,2044.3791937794008,7.747368421052632,28253.88258275312,4.795921741526591,15.191410315320336,27.40005032240426,5.0,-2.381279986480187,390469,17.139420217555276,0.2763570492006612,-0.1554038998658522,1,2,178,0.4816753926701571,1.2067927912256968,1.3008940741953463,12.439299954159177,13.768422443242248,23.365138770172827,21.800002201800226,177.16744259834735,149.03795803345326,1.3877556379508893,0.1669903824671975,1.1485829034042871,0.1299106845615041,373.1386504258583,1.3977143841328328,0.0452817563441545,19.31679710577968,0.0884071399493562,0.0804881581688493,0.693276064838614,0.8836083585385115,0.2167745034214581,-0.6356442768186026,265.06132684861984,1.9277031056857223,0.1060883871235836,0.4979185218108717,3.0405683423633723,0.4171930850040681,0.2041168743400035,0.9986198417005516,0.1684282239979096,41.15966609762864,0.4642150730200368,0.0457508655868929,6.415579950217178,0.1134106366777657,0.0822406112484558,0.2206745593509625,0.9180722835101616,0.3009113959726321,0.4849918269581876,79.68387923577701,-0.1390230692602694,0.148075027853967,0.4162114310353827,3.653603490218481,1.8801191732626088,0.2247955154647373,1.042056996609737,0.1810007557311017,684.7572626997888,1.8934404027160816,0.0438876105710782,26.16786698796424,0.125593151458642,0.0644869646184052,0.9546351681576676,0.9581090453763808,0.3319507069940255,0.0578989892670545,359.1027620931583,-0.5871798238820705,0.1702958546586186,0.2804663118881718,4.439268832529225,0.8888871645788724,0.2888868009187587,1.2336492332913356,0.2327316060859179,0.2063119451724092,0.4321911303270144,166.76955565999998,0.9344190895252033,0.0482387346620693,12.913928746125247,0.1604789512604477,0.0656708834558892,0.3804708909896173,0.614758521985453,169.77744843456463,-0.3180867911148985,0.9739809536899248,-0.123469562267157,0.22634356744427,4.686635962957043,0.0382622846726611,2.294737073873708,2.6968519888186364,2.294737073873708,0.0953632823415061,10.08596939243289,1.4507671215277982,0.5879316592353945,2.8251016088766248,0.4762984858764499,0.4109974835790841,1.0509166129147058,467.67861184,1.5647936348225449,0.1293609949231216,21.6258782906036,0.3251583981718178,0.1799807576262127,0.7602576178884821,0.6085002099216574,277.09652021180943,-0.0488434910749964,0.9528346644273488,0.0890270750011159,3.442105610810562,4.223327053954044,3.442105610810562,0.3599958815925145,14.260805214370158,2053.747572815534,52.57481887221192,495,31.861532660948257,18.74757281553412,1539.9344660194174,869449736,2054.417140312008,41.14634146341464,29486.433083708176,23.524887520719865,74.18266841171815,27.45105054939562,35.75,-0.2098224849321031,423072,7.937606393043865,-0.0292102334002321,-0.0672857780938884,10,23,205,0.4514563106796116,1.4596652350907886,1.1269691522808165,169.01774647582604,25.49514588601942,26.206580474037168,25.49514588601942,3285.994872727305,151.6991691168892,1.693661177613242,0.5159186479136733,2.660772356598598,0.4020402459965559,645.4738365275202,1.7701322375695856,0.2962994431166184,25.40617713327844,0.2820197706715349,0.4816646521206648,0.90639715532746,0.556485307947324,0.6328657557226236,0.3852693043573132,348.89420258832786,-0.0201140394136882,0.339542077163194,0.9592207741932284,1.595016877866566,2.528920337864715,0.5055266531324297,2.4895974957990408,0.3937798991146457,1369.8494688953433,2.578711830231415,0.2409787602220825,37.01147752921171,0.2545146819362675,0.4198245942692049,1.1822466097724853,0.6523860255025038,0.6238744779054959,-1.4581779420638803,520.9575896001313,2.016139580130249,0.3417209425062131,0.8500020255929197,1.967993495710571,1.496572639955782,0.3628249832434649,2.6572525982820747,0.2556685782862434,488.37091486828126,1.5397183497146376,0.1921995514013502,22.09911570330997,0.1819648256092427,0.3108710472652812,0.7671367429664547,0.6324321676070176,0.3151890152508547,1.0926147147035352,308.2939638308911,2.951070082574924,0.170010889732846,0.8797575978962141,1.721245435355896,1.451369729979887,0.674606302281635,3.282309591110296,0.5524510497918168,0.4490549278681268,0.7475152932805559,527.2278641099999,1.5997995385799986,0.3456874088869455,22.96144298840994,0.3683082135266312,0.5487871954342334,0.9420406592643962,0.6757233263877649,298.98216437585666,0.0938397663011691,0.6673653085233527,0.04829478445247,0.8365741060721497,1.801543261562643,0.1223924584665686,1.96116506815534,8.657386979562267,2.9417476022330096,0.4402399402968244,95.89925384793864,2.7313068619487537,1.5700992442604138,6.045903437513001,1.393515473672727,1.6541580988506626,2.1119758783854623,2042.13604342,3.148536447966699,0.4437491516378252,45.18999937397654,0.887536832044744,0.7473472632196746,3.3647921436337827,0.0928556457844129,562.6492135614433,-1.281443719038416,0.8861733291535498,0.9333611944205368,0.98058253407767,3.931076242363635,0.98058253407767,1.9497595841654525,58.07599390349606,2126.879807692308,114.21337762691527,612,90.97633136094674,74.87980769230762,1600.295673076923,943612737,2129.9295051985605,89.42512077294685,30718.28017646821,62.74289297658863,113.83671245011108,27.8580013770707,144.5,0.1344722607112609,442391,-0.2030774034962923,0.5016740896722657,0.122278901752047,24,87,206,0.4567307692307692,1.0375136429703238,1.6877461511307583,2759.3319882945566,2.0576923941153886,13.905627153623394,4.115384788230777,13753.598482026346,247.1792434713633,1.1799100528784998,0.4938925953748504,2.7210064524521136,0.3942977446884171,340.0685368634028,1.278649634875152,0.2695546114671533,18.44094728758268,0.2740560983734212,0.4702485107166848,0.6234528004017238,0.5462477620814387,0.6960955261398488,0.1646597169122063,245.421290998728,-0.0647899413132688,0.3407876751057361,0.9896083148868964,1.6575826088661705,2.4668612220603743,0.4900842344355542,2.1882641382997505,0.4016908722565761,1315.4818813586353,2.514842365222225,0.2305326636052922,36.26957239007148,0.2619531795127153,0.3808656450699499,1.2649328016043655,0.69717965277948,0.6898004346230913,-0.95956694475535,513.1071341885579,0.4103335124810421,0.3822444266979123,0.8084832565794454,2.137104413615581,1.4697641150523353,0.3186496657895882,2.15735345633278,0.2090121486004698,470.3412483783975,1.5037473198045006,0.1826434991367136,21.68735226758669,0.1580934281807662,0.3155505408261685,0.7248983148844629,0.5081592113970091,0.2326304301486894,0.7259972903455252,305.71093593088574,2.798192968238718,0.1269544490090326,1.0270433152798772,1.493936327743958,1.3600849817942111,0.6066965349310526,2.583205879599885,0.4894545043050877,0.3668038753758122,0.73886005089625,460.9575827000001,1.4886712949873222,0.2485447399988545,21.469922745552672,0.3355405975282784,0.4045521813690103,0.7267749030799785,0.5879710772824275,282.89767621319595,-0.3221074165482944,0.7774955059036791,-0.0966402887877821,0.6908789082541236,2.349512658517834,0.1331054487350041,2.0576923941153886,7.240118948839329,3.086538591173083,0.3851894918628155,116.44474066212756,2.9158540927463457,1.5967317765330218,6.796370208481814,1.393950766291147,1.506623006053367,2.123319714703548,2296.21599856,3.3225743021152927,0.4062717707123218,47.91884805126267,0.9052145280835612,0.680841912963643,2.997705284241788,0.1609039575464449,606.4976512912399,-1.068141110694942,0.9084661876631952,1.0792522791491306,1.0288461970576943,4.21159925154848,1.0288461970576943,2.1942141285354926,68.78282664097661
38,2.931047761775769,0.1139510152762882,0.465222110969127,0.0973987417716965,1892.872694618632,2.933251914466443,0.0315933151629953,43.50715682067298,0.0640464265905421,0.0513058462468177,1.483012403596567,0.898609923395338,0.1918819264820612,-0.3551380148271342,644.8305075906692,-0.9051554468554452,0.0965633942085437,0.4963933599591804,3.4293821357226806,1.6294828935221268,0.1228505224009954,0.513156779847386,0.0963095673490961,587.4523929989427,1.6340863349270118,0.0396584348004426,24.237417209738805,0.067791336643392,0.0625400619562904,0.7967617374780014,0.8700254853336065,0.1396356567436933,0.4865924757310169,358.4862365748679,-0.2787383866427766,0.07391155419851,0.5612503584950196,2.7141569986383693,1.5701847764179333,0.1955965107989123,0.789661422622012,0.1653933847113567,550.784151973859,1.58226556783427,0.0309895249336408,23.468791020712143,0.1105704235153512,0.0537860099827552,0.8123278092811671,0.962081109681023,0.2996404467311191,0.2842468461126447,345.4406508119453,-1.0095247884956406,0.1519103963222812,0.303143515571573,5.803862471500767,1.0256654968719257,0.2441392761218652,1.0071825451455396,0.2093024597418071,0.2060851023942975,0.5427456366489889,244.49100949,1.054192947429023,0.0406471179066004,15.636208283660077,0.1362132697638703,0.0667938224236468,0.4124113578923687,0.56999410488894,225.64640931182365,-0.7875180111528914,0.9624493911092662,-0.2324474340331883,0.3014976183889229,5.010762145731353,0.0306979972558222,2.00000002,3.0526798100283297,2.00000002,0.0567067037440667,29.16356475850589,0.5787408825515655,0.2426051026762349,1.306318689326205,0.1754078330632948,0.1363052375137814,0.4492996036742448,86.57675666,0.627320262777243,0.0434252464774841,9.304663167466083,0.1222054396578735,0.0658739766956316,0.2419124264861465,1.5332119739419097,127.32299416134444,2.8238077076600594,0.9630365121172736,0.0215808882023339,2.00000002,3.175311501138433,2.00000002,0.0730461513537111,14.878365274463052,2051.053398058252,9.214096470231253,104,4.14039966066544,1.9466019417477585,1538.2888349514562,866622333,2051.0739940641374,4.795121951219512,29438.44990824076,3.1903859815297184,9.592425873903924,27.439199387191035,4.0,1.5842861878575982,422517,20.198705693333466,0.4580240312754676,-0.1320930694971238,0,0,184,0.4126213592233009,1.0749037621691002,1.2412683764046972,4.650463092524036,14.00000124600011,17.58865889922659,15.000001335000118,35.99683504312561,74.44922300984872,2.002825793956675,0.1233524184241849,0.8255946270372965,0.0978683834900777,829.4493420751412,2.006602381357507,0.0424710992247426,28.80016218834785,0.0668989478395693,0.0946279295978927,0.9833120417261028,0.7045632272701409,0.1593642201043006,0.0834406880343918,412.5821135550751,0.6327049182664419,0.0792841154364961,0.7920712925564827,2.0610200374763226,0.4513763377472305,0.1175547029485258,0.7374605718501077,0.0925840123462843,44.803480423278806,0.4663610440570425,0.0395308412004938,6.693540201065413,0.064114416409332,0.0828399455600634,0.2095808937129391,0.7509772217446955,0.1504964381423115,0.2680932088870247,92.98352557592948,0.5162525794157657,0.0756528554582031,0.7276013215001063,2.1306652612539367,1.574648378000542,0.1172307443792077,0.5737179045335179,0.0978795832697929,513.5979326766649,1.578985068943014,0.0330081669814679,22.662699148086155,0.0653580868217864,0.0574234827818434,0.7788597980316746,0.8789904467920845,0.1692749761994831,-0.2501988202733701,324.3775658681117,-0.5038761678713444,0.0847434457857995,0.5057127706043817,2.698651055912351,1.013871018528956,0.3100339887278603,1.1119640072826655,0.2742435150373571,0.2872843550187277,0.5407997813216208,231.4593153,1.0599947684886473,0.0518105646534375,15.213787013758278,0.1739095719996366,0.076806916894115,0.5562505044512485,0.4330797366167816,208.8574298169649,-1.141680863507144,0.9692009683340548,-0.1862400768518279,0.2555822887545475,5.3946520749119244,0.0575789710819797,2.000000178000016,2.299405285734401,2.000000178000016,0.0975978228541912,7.974997060033649,1.2359857977936,0.7513677230563095,3.688979808726853,0.6548479621862185,0.6622090025900444,0.9380487327716563,430.43160215,1.4455012268568506,0.1560716648604964,20.74684559517422,0.4182019441930899,0.3543668591516454,1.334682950229871,0.5209841877996667,254.6130743454816,-0.6376453759841656,0.8885464109279959,0.254158794972892,1.0000000890000078,2.831732844839565,2.000000178000016,0.557742439125453,24.861587967403665,2044.4864864864865,11.191567141742553,120,5.753688823959093,2.513513513513544,1530.572972972973,773309170,2044.5169521350435,6.760869565217392,27808.437029074463,4.223237367802585,12.638364643796493,27.40095088205875,5.0,-2.306718056367273,378230,20.69761162229556,0.3574602892277664,-0.1499891609555295,0,1,173,0.4864864864864865,1.073497792490245,1.2714201551591024,8.49632269606957,11.478261236869576,16.81939459856978,15.304348315826102,107.55219177175202,79.50323653578607,1.3593570908008474,0.1814841241607543,0.9534171330721176,0.1465530443745835,347.91287822477136,1.371353401777358,0.0464134067962304,18.65242285132876,0.1000163931111963,0.0668599815231922,0.713386828556844,0.9318266563300556,0.2589376644866532,-0.2284340938605332,251.4810617981568,-0.2058107911978455,0.1331283319682663,0.3494592430850881,3.185070654615628,0.4406516077856781,0.2332933652019983,0.924031829524174,0.1928948125400456,45.93650643865728,0.4983025589026794,0.0424918336866838,6.777647559342199,0.129890367362826,0.0594327373012237,0.1862162958911793,0.9673811429493556,0.3479673955576779,0.5324637585022207,81.52054744035044,-0.5582781198908826,0.1715335506355769,0.2395726477156028,4.377898400868378,1.893902028195999,0.2287392719469017,0.9526897509037277,0.1835850160579919,673.1971895285769,1.9075910796555684,0.0418469115480239,25.94604381266201,0.1276748369054323,0.0606679664916804,0.9262053439592948,0.9647317221935952,0.293126072351868,0.3773606320771102,350.3718752162598,-0.5714347879501691,0.1615266657347893,0.2505702850918589,4.8887886520020425,0.8968301303634545,0.2960176375966711,1.227207977085203,0.2391786417321844,0.2133119236098197,0.4401548066207869,164.91955759,0.9441700419172672,0.0464037202620109,12.842100980369215,0.1640817276814335,0.0629710435244934,0.4041495137656575,0.6409294587201452,165.91357411723908,-0.3901060446006861,0.9773422237408356,-0.1385540180936727,0.2010688816635574,4.8189045972917866,0.0461536376121692,1.9130435394782628,1.9386097764656915,1.9130435394782628,0.1010357693314117,4.804284252521739,1.341752805404739,0.5495036946500924,2.8251016088766248,0.4358401947734842,0.3489021116949545,1.048261839140606,388.61520242000006,1.449352516051145,0.120279462894955,19.71332550383116,0.296013539796973,0.1644345306001355,0.6568658367584885,0.9629959576939268,248.2242689998768,0.8584094876316035,0.9551818532855068,0.0925189836999596,2.869565309217394,3.092963637406411,2.869565309217394,0.2880897811564127,9.127660206649018,2054.381642512077,52.99280269144934,495,31.802002380452272,18.38164251207718,1543.0821256038648,874218671,2055.061703176996,40.092233009708735,29567.18909534689,23.506191079217675,73.65931152785289,27.454677058605217,35.0,-0.1136740570085888,425257,7.863533209449943,0.0339191339388734,-0.0701288672650246,9,23,206,0.4347826086956521,1.440636258539166,1.1722428986302402,187.7083674085295,16.000001424000125,23.50118141791808,23.00000204700018,3473.0702140636754,105.82942972821893,1.7611633405473364,0.5377201614672056,2.660772356598598,0.431010639064695,701.614588844139,1.8410438501524744,0.2944249013715975,26.48800839708677,0.2969920628299328,0.4729651498522808,0.817553466767,0.6111001676684379,0.8034053841907995,0.2827931036979328,364.5608114932986,-0.3664636069775033,0.3945022359386421,0.9124706681969612,1.7096582758555088,2.476602500798448,0.5346036724488188,2.438256173722253,0.4280594501826923,1328.5219328596804,2.533373314768104,0.2411572687541459,36.448894809852334,0.2771933534381245,0.3870708204516759,1.2927743968857686,0.7375472123500012,0.6675454361782971,-1.1981570200488456,512.6567176652786,0.9021324726155288,0.3689358491429311,0.7509425499906804,2.116191609294297,1.5104670474240045,0.3800519566152323,2.6263415706979387,0.2700373871189844,502.0272500640101,1.5573221939496542,0.2121880779886449,22.40596460909483,0.1912224246096201,0.3300367633267398,0.7413466681556479,0.6227958303496428,0.3272041137868828,1.168705678543388,312.6666788167689,2.5452450798004174,0.1817056181505481,0.9014185177975562,1.7115410944625329,1.3889842001991148,0.7066374402027116,3.282309591110296,0.5809573621315465,0.452397268836094,0.7748444662125449,502.22367465,1.5576268252734975,0.3372275364042923,22.41034749061245,0.3912254486076419,0.5427938046423584,0.9547939531275872,0.5859108765930638,287.5197294412168,-0.0996267274790181,0.7031485995455746,0.1219284775713537,0.7970630735292014,1.9572339398820509,0.1683850158504903,2.000000178000016,9.021924415584316,3.0000002670000234,0.5544625977311174,110.90267064148216,2.9363614594288863,1.5252750221581026,6.045903437513001,1.337361913155638,1.5167452014211105,2.1922057206236456,2264.0508164300004,3.3071806055359074,0.4519435809902052,47.58204300395266,0.8596894013788159,0.7593983506638324,3.110387037447583,-0.0920814996574079,607.8268221017795,-1.2264012050697104,0.8751586530568286,0.9194204024665756,1.0000000890000078,5.013903354964217,1.0000000890000078,2.094535940209569,70.730795683445,2127.3756097560977,112.0844411647732,612,88.4128494943486,71.62439024390233,1591.7878048780487,930336868,2130.3118608293585,83.02941176470588,30501.42403233004,61.32498804399809,106.64279757447196,27.861471002022,140.0,0.1370233790135952,436112,-0.0826215578457545,0.5457153142508152,0.1403444846459236,23,74,203,0.4536585365853658,0.9778568614803294,1.7280495090745849,1721.840469489851,2.0196080228823687,15.899779952102122,11.107844125853028,11033.872711680631,233.7187701593469,1.2153448597307908,0.4622331326348046,2.7210064524521136,0.3649349686866641,346.3844729118798,1.2998770540584623,0.2306507151181629,18.611407064267866,0.2546951838610323,0.4180864473749905,0.5613782030496144,0.5884163293648977,0.6108037447291687,0.0901119629706426,249.1456962448121,0.110276796563776,0.2957239554876476,0.930947602013092,1.7698090558617048,2.545201541442158,0.4544991225758392,2.0810467269612545,0.3652545910405854,1370.1406000388358,2.58526839672717,0.1929915313465784,37.01541030488296,0.2378453622337126,0.3290307560835421,1.177445344164793,0.7363061176865716,0.6021007129273563,-1.152624726132458,521.7663159956423,0.96983973100182,0.3164079467018323,0.7441544356257523,2.21677856195102,1.4653276451452928,0.2743803729563422,1.986218080481457,0.1828979070615659,455.5310032325321,1.4906718132415462,0.1610766001809648,21.343172286062167,0.1364136894917575,0.2846603309639106,0.7248982926371749,0.4599699272510615,0.2278124253652831,0.4141981991913457,300.392167254785,2.9046320306535818,0.1211735494840287,1.0657323985004097,1.466501507254681,1.3507404876605011,0.5735961309071954,2.5593647988009574,0.4544915233098031,0.3397848555974516,0.7205283096062515,441.14102669,1.4669381197815716,0.2167193319939135,21.0033575099316,0.3103873154977282,0.3725173403194814,0.6713045602737828,0.779007331964206,276.90179997040275,0.0434940268273171,0.7876322982115956,-0.0804152071837514,0.6674315958043261,2.419980736587037,0.0926213673011204,2.0196080228823687,7.398528959090807,3.029412034323553,0.3155353682036914,106.51304554471542,2.6830195853024543,1.642424750255099,6.924699167235702,1.4473468156846283,1.47960666365004,2.075606614420394,2026.0138377900005,3.143723004764085,0.3416411194047669,45.01126345471764,0.9252893031047548,0.5847960623519429,3.0196199403759008,0.3603632666577206,550.0190149870032,-1.0531183244083615,0.9364832776558192,1.2710893632293838,1.0098040114411844,3.2140073561110274,1.0098040114411844,2.4067913135198595,34.393999855103694
39,2.9182746650730462,0.1158700996274128,0.465222110969127,0.0984128545321459,1876.532212294882,2.920563622670741,0.0393643291067626,43.318959039834766,0.0656455198064406,0.061904689401077,1.4817033200816492,0.8570130309768319,0.2108805800558886,-0.1359810799893043,642.0204263160701,-1.04258406241635,0.1035701027390798,0.5889880695719815,2.9546462160065885,1.627852972099065,0.1279509019855964,0.5261104261946361,0.1018912416922403,586.5645096266323,1.632850978039543,0.0486355141869165,24.219093905979065,0.0711132104222365,0.0727231555872311,0.8237077777830942,0.8376508401707756,0.1625843079581692,0.4285094865416632,358.1276538617944,-0.4725131730342147,0.0862615546534766,0.6266016316303318,2.4895673932335654,1.600678925705361,0.2054673502830406,0.789661422622012,0.1754426580540715,572.9235513184803,1.6137527569421988,0.0389977127783438,23.935821509162377,0.1169605439098048,0.0654633209179302,0.7739143983913125,0.9490610528116904,0.3668047849567861,-0.0004346863902017,352.14936365517946,-1.1686770388337762,0.189943010781697,0.3512640072606203,5.159466280149353,1.0179554535413486,0.2455728544001504,1.0071825451455396,0.2094488991840558,0.2031785855155297,0.5368763269222883,241.17834706,1.0470268448846434,0.0474026056323884,15.529917805964075,0.1364366253516707,0.0751905362120306,0.382008831449227,0.629916356155575,223.9501997790967,-0.7049096515148405,0.953086022788842,-0.2886748386707916,0.3375370036916906,4.695250219544478,0.0307093810132387,2.00000002,3.6073255759441647,2.00000002,0.0591568176197398,42.790948217804576,0.6025802907813399,0.2545777227500591,1.306318689326205,0.1970431696409416,0.1678067094086328,0.4350989054218451,94.07601141,0.6539252508366826,0.0475976361702219,9.699278911857316,0.1344720597660975,0.0738355696865607,0.3230034249961103,1.127423649874346,132.56766397189477,1.4698191669735627,0.9578115404457572,0.0222025132451588,2.00000002,3.795195420010502,2.00000002,0.0752422871003,22.658743188957786,2051.131067961165,8.161617834912624,96,3.790131020831396,1.868932038834828,1538.3155339805826,866684219,2051.1472269444585,4.53170731707317,29439.50099780905,2.92090930618044,9.144103791315006,27.439676303743173,4.0,1.726769554150018,422533,21.514592273497406,0.3718319311075825,-0.2861714502749999,0,0,183,0.3932038834951456,1.1515516106602757,1.2271968378254692,5.488655121411026,16.000001424000125,18.14948426185064,16.000001424000125,58.642966639012606,60.96629916965238,1.9891494682672752,0.1252415820705764,0.8111717466073805,0.1014182750010294,818.2989331095507,1.993069220576026,0.0408753444376229,28.60592479032186,0.0677340276764122,0.0869328073312951,1.0125182967995183,0.7588648060367496,0.1757035379000655,-0.1301477613105659,409.7647904630587,0.4899358112707763,0.0884182598913496,0.7130159833545825,2.2275998711983056,0.4374734222299402,0.1168247482491611,0.6249585299526059,0.0947939456297722,42.22274147217394,0.4527303440548565,0.0367670819739807,6.497902851857201,0.0647036801252552,0.0702231701744438,0.2366151594886766,0.8191920033205828,0.1641346363758368,0.1328132851846946,90.11952497936768,-0.2742089817593505,0.0813586612030637,0.6185288368465617,2.41653743743186,1.5891944972123198,0.1114087376335504,0.6330480945311951,0.0911395309355411,522.8055057921288,1.5930758942423802,0.0337010448979129,22.86494053769064,0.0615010352379168,0.0596983984455732,0.7833262055281802,0.8558794234866247,0.16095016214223,-0.229144892926516,327.37406642573785,-0.167609984383557,0.0808659986971866,0.550591889043055,2.5923977315178885,1.0116642781456957,0.3126557500240309,1.181430138726682,0.2741667191639188,0.2687014948140931,0.5271134125886007,230.8732017,1.0586518301938628,0.0572663998395338,15.194512223167942,0.174794769322743,0.1050990515056109,0.5169716270279622,0.5075287264714117,208.40284129801333,-1.0347003262236063,0.9433592470285608,-0.1938849158055444,0.3450145794926178,4.470990112010606,0.0581499840832777,2.000000178000016,2.638531982478952,2.000000178000016,0.0995440387519078,15.319166387770409,1.177244523794862,0.6935933209448992,2.8809059601359808,0.5948243088655973,0.5741234622714273,0.8917822188011006,384.11605922,1.365518606308518,0.1363435633468748,19.598879029679225,0.3882897412578912,0.2974732382196459,1.2273363972472433,0.4896579890312419,242.5123719017416,-0.8349165642821545,0.9071178093161298,0.1812058118605478,1.0000000890000078,3.765586867701741,2.000000178000016,0.4886050918703331,37.21307496652136,2044.3517587939696,11.37012230516696,120,5.569051286583673,2.6482412060302067,1535.8693467336684,831721046,2044.383218410529,6.707070707070707,28839.574303376947,4.1191056291558805,13.579173001105016,27.400160434133884,5.0,-2.8444131674170023,406826,22.10258920721707,0.2859950592085266,-0.1928253990118449,0,2,182,0.5125628140703518,1.2524867809619369,1.3036180581268333,9.707626332694632,11.555555925333346,17.348757046465764,16.000000512000017,125.88434614017572,76.0071878330163,1.3885593482924314,0.1703011443851749,0.9534171330721176,0.1326872265085904,389.4338066785522,1.3989116492490814,0.0503544718051191,19.73407729483576,0.0914613577223451,0.0790675550230473,0.6987131260002073,0.8914596285294216,0.2176415951378423,-0.6101602814420362,276.32331031019385,0.9515211287519548,0.1098345567320746,0.4895836121449746,3.0559313288392285,0.4145944727539158,0.2127579358549853,0.9245545301410132,0.1714896224455845,43.16848276609765,0.4657542797182518,0.0425144253615477,6.570272655384832,0.11708591314604,0.0694787074516112,0.2119478267605629,0.9465601913578198,0.3062999735676477,0.6800197503908985,82.50430007802925,-0.1753084283715362,0.1513646078845204,0.3487620937261754,4.38787231987024,1.8847732642942707,0.216472413343068,0.9994623446534504,0.1753220494206324,716.2000218381351,1.897101759161523,0.0404996001225055,26.76191364305129,0.1204137053907216,0.0581362279135408,0.9517472351378028,0.9639313229323514,0.2746880855258784,0.3713895071526329,375.0698795945599,-0.4415549545695052,0.152397901833061,0.2709054847126402,4.673786770711211,0.9258000223397994,0.2966665348866726,1.227207977085203,0.2405585991093965,0.2176315466223328,0.4490054493040551,187.99021511,0.9719436443482434,0.0496280607513925,13.710952377934948,0.1651805900722039,0.0677997112958657,0.3883488657995382,0.5735440728261938,184.2342044456201,-0.5359822705176192,0.973849645000084,-0.1095767981343009,0.2342380569722644,4.434850524954137,0.0521447542066813,1.7777778346666686,2.170417509035814,1.7777778346666686,0.0900383247336199,6.117793581793495,1.3967039856025811,0.5353952176284821,2.8251016088766248,0.4347423975559267,0.3898411051665209,1.0746520738333216,444.96193439,1.4953225805993338,0.1288977716780097,21.094120848947465,0.2946994385255913,0.1689526565225487,0.7760836879321221,0.6536269141749883,277.94409313491366,0.4797937753402808,0.9500347581495774,0.1145335929213425,2.666666752000003,3.013594606105918,2.666666752000003,0.3194376733298104,9.6193644187426,2053.141463414634,42.069206378286935,399,27.167828673408675,17.141463414634018,1538.121951219512,864515966,2053.570318654449,32.61764705882353,29402.652363349807,19.53417025346724,55.124280262964014,27.448944927718017,35.0,-0.1847349018055634,420894,7.1260570262435206,0.1399834963404284,-0.0091758125516459,7,18,203,0.4585365853658537,1.353159921309702,1.2045484870025434,128.1181772397146,16.15686418305895,23.59229144655556,23.22549226314724,2087.700067735623,119.47768340720054,1.7576219213347666,0.5070541669926614,2.5110122089276223,0.4062481175533718,685.7423391290688,1.828957238733976,0.2672741435537251,26.186682476577072,0.2788068646544269,0.4437883263117526,0.9081683962992744,0.6157905306914372,0.7408239025234178,0.3660706232783299,360.3124938736272,-0.2737967803891092,0.3525775050495354,0.9056648541576948,1.7610422569958968,2.530578061893848,0.4942567272847494,2.438256173722253,0.396060536306088,1362.6192934474884,2.5781627921197443,0.2143489712355742,36.91367352956745,0.2541648266082749,0.3440758848703767,1.1788195687819147,0.7576185380660565,0.6476522672861069,-1.2522600580626508,518.7685026882389,1.2273119509187356,0.3365008650865935,0.7222831570925098,2.158230503958232,1.5088044414543769,0.3720496431325136,2.6263415706979387,0.2638068712420646,494.9184938620793,1.5537813731103798,0.1941930378516669,22.24676367164625,0.1855903742792625,0.3113915464007994,0.7676091809166014,0.6476901455244096,0.3441950890938496,1.2373503546795117,309.30491049814725,2.9150327280218886,0.1916613207535915,0.868819536379193,1.7959856149752522,1.3649245073370375,0.6773742657747169,3.187013506406976,0.5481143384951159,0.3886001503736359,0.7370783449769797,475.52139947,1.5230287531036597,0.3027258924680884,21.80645316116309,0.3715633292471097,0.5049513144064928,0.8601539490901848,0.6888356435292288,279.80952400409274,0.0421501511600639,0.7200623080420916,0.1655620436782147,0.7721944492602721,2.0719895999313773,0.1409579955019108,2.0196080228823687,9.970373532914063,3.029412034323553,0.4884689585047256,150.252900707767,2.766050989308714,1.5773530731296848,6.045903437513001,1.396260912718587,1.6693304080459717,2.109521303142544,2076.0235198,3.1822859706544904,0.4047170840337976,45.56340110000569,0.8905984996333439,0.6902904131685598,3.3911214880661227,0.0632419394315388,567.0404528082863,-1.293394675285705,0.9041283072418274,1.106942481344083,1.0098040114411844,4.80771345850651,1.0098040114411844,2.40256493463317,67.59636180192389,2123.160975609756,118.36839485692244,663,92.5110767400357,70.83902439024405,1590.480487804878,926959828,2126.4419245623862,87.02941176470588,30446.01497733324,64.16676231468197,112.2914188399899,27.835324887744186,146.0,-0.0736831147649773,435248,0.3086445424901307,0.5384035295064706,0.1326426516382756,27,80,204,0.4536585365853658,0.9751807546442764,1.776544365927195,1939.4221110446088,2.0196080228823687,14.895957203194165,9.08823610297066,12013.045443894409,234.3570788196757,1.212037110459375,0.4909830476827214,2.734825079625938,0.389412206640288,350.3290892466057,1.3072575823336456,0.2567946274331662,18.7170801474644,0.2706744277903129,0.4658921325796403,0.6533291574080058,0.5451580532212488,0.6518586662215495,0.1504488796654726,248.4676076441719,0.1848615956224657,0.3163971378362142,0.9770234355520672,1.660906618666122,2.508021132299007,0.4685063514843164,2.040115120454042,0.3876825920975783,1334.262483093724,2.5511953038734547,0.2139513329667944,36.52755785833107,0.2510890101355481,0.3613531697372975,1.3229033568928283,0.6986738288086783,0.6866795187665069,-0.9132848333108996,514.1443321212964,0.1107397272510404,0.3658414519637487,0.793083702830238,2.143380179830657,1.488738460202017,0.3201844722200135,2.209291738922524,0.2132119399322128,475.2638432265228,1.522616238866868,0.1900713787867453,21.80054685613466,0.1602783702901656,0.3228085306779423,0.7426832712675724,0.491672803751023,0.2470874136821521,0.3253992221395216,305.1913843414135,2.424914865659852,0.1231689730079395,1.0368686708085093,1.4469472793578315,1.333032604894081,0.5871605587582558,2.605854867766048,0.4759848507640014,0.3668673291777572,0.6916209360700901,434.61059921,1.4560397327900825,0.2368527255988118,20.847316355109115,0.3221467989125119,0.3935547197831618,0.7426749392356535,0.6612000773011222,273.2716840032866,-0.191334769630505,0.7747419402466348,-0.0997415161899342,0.689233342922641,2.3624655547166618,0.1176489262505214,2.0196080228823687,7.501831904133786,3.029412034323553,0.351421959271285,107.07405336652069,2.8736415170208027,1.5898795874665743,6.000213226269,1.399997021981651,1.570878023519392,2.12127837233173,2208.5064804500003,3.2822556792027244,0.368693605497689,46.9947494987472,0.9015623645028664,0.6176405698875804,3.118265087044072,0.10441659824008,589.0965109892645,-1.2524707355151448,0.9238623029122036,1.0220069856033178,1.0098040114411844,4.143472044050729,1.0098040114411844,1.9670953797504047,51.86045229058099
40,2.9180210301246814,0.1070780421343431,0.4504970372694319,0.0920752837911368,1875.777270951484,2.9199760825230645,0.0416417143951859,43.31024441112614,0.0605091935014971,0.0664822728654839,1.475762219195971,0.8063966937753484,0.2033353098700465,-0.0043851054490745,641.9646266274299,-1.1701115468759395,0.101498070123128,0.6844500559019723,2.5869418531021005,1.6257525799471555,0.1307485647465543,0.5741965529981206,0.107591427851766,585.2195652582021,1.630977906960063,0.0521143704283155,24.19131177216734,0.0733443261142221,0.0768116229442977,0.8166298476157678,0.8271140135508251,0.2077170468265132,0.2387143818186763,357.6655675883742,-0.7824344533410437,0.102754885446567,0.647671793132982,2.423447153100956,1.5930349891013733,0.2010964246548191,0.789661422622012,0.1723902370578599,567.1636149002269,1.605620263750015,0.0425089276935667,23.815197141746,0.1141203534147844,0.069902658258547,0.8287368886387344,0.9393444589339484,0.367898611854458,0.1612943147840594,350.4676976023021,-1.1590861184500958,0.1837084590852342,0.3831841482449109,4.754258930360502,1.000999831749138,0.2178883723503734,0.8960408423843361,0.1825861269864395,0.1716615760937409,0.526486359344538,230.83724597,1.0243340319224707,0.0474790384761053,15.193328995648056,0.1196124454875242,0.0736399545277764,0.3343975033295986,0.736982824004677,220.2199629848104,-0.421136204888942,0.942404302131894,-0.3027044133672721,0.3724819184199859,4.362705283632374,0.0243146602004256,2.00000002,3.4238924669759685,2.00000002,0.0510216818325006,37.67526801133615,0.5570370211137894,0.1978224504195462,1.0630597219123985,0.1609761509640243,0.1316066820364509,0.421306748965562,76.83413853,0.5909704596908992,0.0493664040013677,8.76550845815575,0.1090580902921898,0.0768755257672964,0.2584986771273615,0.4587917653021859,122.54814464503366,-0.0662920033747509,0.9230453884695884,0.0077075012765204,4.00000004,5.498611568779936,4.00000004,0.0442933954106254,33.56648519857297,2050.956097560976,8.2225791711439,96,3.852421177870312,1.9560975609756497,1535.7682926829268,862330080,2050.972499845366,4.740196078431373,29365.457258486545,2.9841224294595885,9.31502054979683,27.43865830435708,4.0,1.7295289410694472,420446,21.07379981010881,0.3582943191258277,-0.2335016087563879,0,0,181,0.5414634146341464,1.16384178520729,1.2271013030145763,8.008797045877204,16.15686418305895,19.061626712186023,17.166668194500133,86.27294684166121,78.50362099528859,1.9947570127428715,0.1164449710273734,0.8111717466073805,0.0914062402874733,818.4725096574309,1.998136338590844,0.0445282469210772,28.60895855597388,0.0620969977966105,0.0889953560944612,0.9787979613949116,0.7069235218225131,0.1528155076958999,-0.3469280494831177,408.9251876122887,1.2855982670920514,0.0762138069470561,0.7847624106710016,2.0356371225752605,0.4426339654766161,0.1081935867992986,0.6249585299526059,0.0846134381165607,42.55258346947606,0.4556024340363901,0.0402977694987307,6.523234126526202,0.0591474427412639,0.0725272578191498,0.2087670907280497,0.7743618371663487,0.1398235223563365,-0.0432666541613519,90.7399629227063,0.2571393471475254,0.0716199677578344,0.689337323598277,2.1971160817787365,1.5814182855138463,0.1123201965289819,0.6330480945311951,0.0930420975882652,515.2548063361535,1.585382628796138,0.0349480943845334,22.699224795929783,0.0624990320070085,0.0601375361672062,0.8012505001277918,0.8565455242508261,0.1570861676808395,-0.0628859030934323,324.1907485303385,-0.3162868943631918,0.0834210601363003,0.549910377859271,2.628166516323695,0.9850168496340193,0.275940349542054,1.181430138726682,0.2360292406179364,0.2292546383532486,0.5125898211666086,214.43611739,1.0227560026354423,0.0542383009197786,14.643637437126063,0.1531518517816128,0.1029168957176125,0.4496964762822736,0.6352816849438335,201.92845417497392,-0.5732049298130981,0.930302660194752,-0.1629846451333793,0.3826401862147428,4.106404128580587,0.0428267907190444,2.0196080228823687,3.619775484247414,2.0196080228823687,0.086391662081951,46.31497328451062,1.220066837666416,0.6843607176268399,2.8400461434334967,0.5804691549246987,0.6161120214756682,0.8735552492548335,400.69874985,1.39808012933765,0.1356417894006414,20.01746112397873,0.3813944472402883,0.2981007267953197,1.245543613597106,0.5495785197579973,250.1137017216153,-0.7529163405993864,0.9044821855060348,0.1196262324743016,1.0098040114411844,5.096731112642443,2.0196080228823687,0.4289992348312838,58.94432684647641,2044.345794392524,11.284292796625248,120,5.80662066556031,3.3457943925234304,1533.266355140187,894407964,2044.376791907431,6.896713615023474,29906.65417595221,4.285375806239305,13.567255527011028,27.400128550815,6.0,-2.693547431569731,437490,21.09822553124999,0.2772140975964456,-0.1948207487308106,0,2,192,0.5093457943925234,1.2804138077734557,1.3065706136557074,4.776168534891115,13.59813130345796,19.456265258869863,17.22429965104675,70.76967058404537,120.07965052935216,1.3516399177966578,0.1682738416782872,0.9380082753440842,0.1322753413678598,396.9944462935553,1.3620257835359115,0.0531440434433208,19.924719478415632,0.0913058700452253,0.083368386102498,0.6964424294452507,0.8764791502680852,0.2073693291457796,-0.5633960874020305,289.2509424084848,0.4949120859544935,0.1162946925465567,0.542115208019497,2.971997859364543,0.4483243221124137,0.2249009508339638,0.9245545301410132,0.191311347773828,53.7864985557993,0.5013369907538516,0.0449997432311466,7.333927907731252,0.1261898459345226,0.0714785778425581,0.1980355238037141,0.949347194800088,0.3650157089993632,0.4114507603999902,95.94140493205654,-0.7517746815950939,0.1815690286314294,0.3497626216224974,4.348241307754011,1.905610675754639,0.2237957951255987,0.9994623446534504,0.1844880522464933,787.7773490117977,1.918646024016856,0.0409541737245776,28.067371608538583,0.1257076839268817,0.0585320465125557,0.9326564022353288,0.9656714078527984,0.3321293349232923,0.2296152113375421,407.8006846114927,-0.7133629322663984,0.173185833580692,0.2743739136651453,4.61966585155347,0.9074631811918368,0.2994002341393536,1.311388450717306,0.2421999808322698,0.2098025345611679,0.4495520218707146,195.32016354,0.9553591181223108,0.0531481592297258,13.975699035826436,0.16595049326862,0.0774391503827612,0.3992849530320512,0.6768454660985233,194.1971207750531,-0.2769884921386789,0.9664434345474444,-0.2011571716237895,0.2837534491932031,4.395799355756296,0.0533970156847779,1.8130841737943948,2.3259766092075944,1.8130841737943948,0.0837291559837774,7.210166929578981,1.369908125218288,0.5273567946175315,2.8097879021698544,0.4159669270585001,0.3576303432795306,1.0074880562852422,460.83913533,1.4674651285162503,0.1315875998574115,21.46716411941736,0.2888457720564983,0.1815823042437004,0.6937267125608875,0.7260147146436179,293.16033879671363,0.7368997305288558,0.9401462139188878,0.0493649082862884,0.9065420868971974,3.685163363747341,2.719626260691592,0.2012358024042231,16.236994032284112,2054.519801980198,48.00054004630273,421,29.14513283011468,16.519801980197826,1540.1856435643565,853115541,2055.0776779421835,33.29353233830846,29208.141690289027,21.41948672479188,62.25768948890982,27.4561837491544,33.0,-0.3489267752957746,415013,7.472007839196994,0.1585080808816859,-0.0661451803911323,8,13,197,0.4455445544554455,1.3186962007768008,1.1889315890260586,179.2172242705525,23.68316983255455,23.91489588103756,23.68316983255455,2682.583740231364,113.09576523589668,1.7375535528277457,0.508840113133446,2.753330868614463,0.4013736614671814,661.8992248942184,1.810173703297557,0.2655613144418394,25.72740221814512,0.2783325416933556,0.4518851508503563,0.8603957900621227,0.6048243720671318,0.7069934642823981,0.2870850345180991,350.98581767120464,-0.0397326571358549,0.3555661176135499,0.9023669752700156,1.7895723081623618,2.531056656008368,0.5095062725130635,2.438256173722253,0.3995631740347434,1346.2409797644625,2.581580776532988,0.2286271658720592,36.691156697008914,0.2576246837015379,0.3576838441883666,1.3079816876032493,0.7529214964690902,0.5976268417450776,-1.3795694249317745,511.2734445136903,1.5185173382984916,0.3337002230057855,0.7136891181825009,2.130448261344902,1.4973526295575617,0.3528688220381992,2.4599390278578435,0.2523906775869389,477.9249067619668,1.538169329092292,0.2082431503935513,21.861493699241294,0.1767125665570576,0.3344786832604707,0.7430032003878176,0.5500096774987606,0.3223814936608646,1.1727769213792785,302.4652311706275,2.648230446430868,0.1820366958136381,0.9630171359655016,1.5938962079893249,1.3094464811313489,0.6464946766975459,3.187013506406976,0.5131921813635557,0.3545844780567734,0.6707228513789938,430.36834633,1.459635697004666,0.3105043917601397,20.74532107078606,0.3517237861083512,0.5185267478893157,0.7300582942504403,0.7710999832178399,264.50818918853247,0.56543602800711,0.6780552410546746,0.0796389801375301,0.8167196789720887,1.922181362972275,0.1373410903736036,2.059406072396048,11.21544019154447,4.118812144792096,0.5331385855872038,163.7434713408287,2.738673728985882,1.5199910628089532,5.738480688145911,1.356997096365936,1.6504247730743389,2.028750315936963,1979.45236539,3.130378433287908,0.3872916447094728,44.49103691070821,0.8575606089063312,0.6831399242540412,3.3277853325267115,-0.0345016764047559,553.2120932551481,-1.43311494334857,0.8984437666266537,0.874190503022428,1.029703036198024,6.292381806621008,2.059406072396048,2.011522993196187,91.26346390036628,2126.287804878049,116.20810481657377,663,92.6754550862582,76.28780487804897,1591.739024390244,929580347,2129.445533008248,85.69607843137256,30489.020105605232,63.32384026781445,112.8915842918398,27.85391776523381,156.0,0.0048274761807958,435889,0.1161119366550091,0.525386890103019,0.1091401936071453,21,72,203,0.448780487804878,0.9988935658251984,1.686445598333942,1959.4690980205305,2.000000116000007,14.594165279752694,10.000000580000034,12302.80713094126,203.98312726826148,1.1882029882184104,0.4555846157279535,2.5847664286829826,0.3598593083290956,331.76609773423706,1.2721521954780777,0.2275788340531353,18.21444750010928,0.2496503162675208,0.3995710563897618,0.595786150011498,0.6135170992944341,0.5870638714917931,0.0175519341290721,243.5816125847741,0.2162562149847224,0.2976594362555611,0.9021565045152814,1.672708870711343,2.5172618926753687,0.4551332057099543,2.0243801520212594,0.3750953412255645,1341.2623563724171,2.557878652676211,0.2019398973416505,36.6232488505924,0.2424314151239789,0.3551098016980661,1.2243816239758911,0.6872509457088238,0.6022223192191261,-0.9713974031772588,516.0386879984505,0.324490275629242,0.3414864902356811,0.8020150498503432,2.007552322143826,1.5015053855890723,0.3253351106189985,2.209291738922524,0.2251022115570134,483.7682352824638,1.5361787168680472,0.1905923657879902,21.99473198933017,0.1657092409944,0.3204344021179264,0.734987699003852,0.5132408127490731,0.2586786239255834,0.4054146211685592,307.8086040457598,1.96927100593402,0.1367087056442959,1.0128749174784866,1.4791919896627956,1.2711846230094157,0.5521513500062677,2.605854867766048,0.4254543810157529,0.2827953778230873,0.6985586313209776,393.45532800000007,1.3853859689367545,0.2174395240632022,19.83570840681018,0.2953221996181976,0.3696091020971518,0.5547766776671124,0.8944521243794613,260.59284771693024,0.5459458102334684,0.7755655235036637,-0.0791264927998647,0.6879869221497686,2.336246589061306,0.0857506538170962,2.000000116000007,8.231632540536689,3.0000001740000104,0.3277299583621227,113.21356263713372,2.718510742516244,1.601347184923106,6.000213226269,1.4358683621899857,1.5217633582937498,2.0591787834351662,2038.1314472800004,3.1531103090247337,0.3468321206769899,45.14566919738815,0.8991722531952986,0.587208906666391,3.093089933540891,0.3075815565413526,557.29470221583,-1.2819842577954883,0.9327068750182068,1.1119113325639172,1.0000000580000037,4.54241206094958,1.0000000580000037,2.260895717056431,53.95287978523493
41,2.901551620756885,0.1688836448828329,1.4685919358759565,0.1095625939288418,1858.426646868172,2.9064400646496704,0.0613328336449762,43.10947282057821,0.0710424653757708,0.1667547524801395,1.4801681506530204,0.5111990825226269,0.2059547544982467,-3.964748692274574,638.3413565665148,27.628125464649656,0.0958713208028383,1.088609887962227,1.74998406906891,1.6239608891620196,0.1855286162190386,1.858494366560285,0.1230143831313058,587.7329432646544,1.6344764845282118,0.0733614361498978,24.243204063503125,0.08090419428478,0.1910458362553107,0.839713711521733,0.4688006004803564,0.2242710174912294,-3.4153366294586625,357.27139561564434,25.879404200746013,0.1113437095822409,1.1352946760002198,1.635911002630394,1.6122611885714315,0.2053528126679526,1.2557163067554864,0.1722631257908946,581.100132148098,1.625227441632958,0.0546395391889417,24.106018587649395,0.1148601670690796,0.1188124239307812,0.780260850246758,0.8325001175364221,0.3468783760386982,0.0985173309617511,354.69746148571494,-0.6073723203607533,0.177351426452381,0.6378726190543095,2.8059529858583288,1.002271539858537,0.2408859496871362,1.871290993745652,0.1882505386258849,0.1643605042816079,0.5007894512165683,233.70831564,1.0306844937401376,0.0666232979009758,15.287521566297135,0.1251658103842955,0.1932628258075374,0.3247829378316134,1.264638011710222,220.49973876887807,3.2658146802467267,0.6781447954428992,0.0814113459773701,0.8845423510948907,2.160088485241555,0.0265140111315781,2.00000002,4.790009654801548,2.00000002,0.0624101880384316,82.2500731503881,0.5529466249554243,0.2108182697788625,1.0567741751075763,0.1733970060346289,0.1476001761399167,0.422700466576613,76.9983045,0.5916014648239287,0.0557583194265165,8.774867776781598,0.1170562007468744,0.0906366487377557,0.2973938258874065,0.4571489811048596,121.64825749019336,-0.2686890044322578,0.9072387190868336,0.0077008113802537,2.00000002,5.486607817626577,4.00000004,0.0434667355593722,40.25512158028012,2051.058823529412,5.979148545429394,86,2.896770472895027,1.9411764705882888,1543.2769607843138,858203086,2051.067495854054,3.655172413793104,29295.10344750467,2.134888438133874,7.140393663858936,27.439299774812326,3.0,1.3371477669335583,418416,29.287813458173485,0.2868135956366665,-0.1959719257133727,0,0,173,0.3774509803921568,1.2206892671630698,1.251042611230758,4.3919363440539145,16.15686418305895,20.1978649897508,17.166668194500133,52.49836356956834,106.12277756502618,1.989075505032876,0.1136395544091048,0.7879007089312575,0.0933503478383007,809.7314899134842,1.9923031921321173,0.0350703558058931,28.45578130913794,0.0613685632234688,0.0696505475149105,1.0192051332632592,0.8121176892414729,0.1699902558708743,-0.2119184821828611,405.7714030267067,0.7775813992043248,0.0847388509578633,0.6266149656738257,2.5072813623614767,0.4328491478772126,0.107071527821932,0.5932977319117841,0.0895237182171046,40.548365853112855,0.4458323667926825,0.0316735939924961,6.367759877155612,0.0596325310443105,0.0502639679546873,0.235638116988355,0.8897871545183103,0.1648085528680483,0.0959130116470271,88.30122616695138,-0.5487295898394473,0.082692748965267,0.4798713953019576,2.9851095441346858,1.5894500297871328,0.0969269870431634,0.5796668471921809,0.0781860518677412,517.2828377127296,1.5923882016852302,0.0283371660268905,22.743852745582256,0.0530959128284076,0.0478783146807196,0.7994115486782357,0.876964757944875,0.1422772423074596,-0.2623016973875542,324.2478060765751,0.0276067526951324,0.0727568632077012,0.5047641844492732,2.8745062865868665,0.9958176695452088,0.278941070637958,1.1140207718388044,0.2375039708103792,0.2263077824546151,0.4805396550828389,218.09222606,1.0339630261812092,0.0480392719496899,14.767945898465364,0.1535123368711611,0.0938544918723182,0.4274112434683375,0.7436061000696156,203.14680458722265,-0.5031104420373627,0.943323658745436,-0.1952245513400889,0.3438857802998449,4.50431850665055,0.0453858752317151,2.0196080228823687,3.3269333178763203,2.0196080228823687,0.0946702013038091,36.937438822885454,1.0278884893948808,0.5435231345762627,2.819059598295269,0.4191433938979621,0.3535594658751417,0.8190812558793613,275.50690007000003,1.1621204842661454,0.0964161918193622,16.59840052746047,0.2858916581782691,0.2182817052942045,0.7153960798732338,1.2301895109877832,209.68925183655568,1.6177084874006415,0.9193065025935578,0.0984903018090828,1.0098040114411844,4.325858576116463,2.0196080228823687,0.3184165278417517,49.034250107415794,2044.8831168831168,9.976460153748045,136,5.320852307865295,3.116883116883173,1535.690476190476,965960240,2044.907347682545,6.660869565217391,31079.900900742912,3.924543572369659,13.930261085602218,27.403297440379152,6.5,0.5457294455823676,472368,21.552330569752105,0.0249608956474607,-0.1010485966111502,1,3,206,0.5021645021645021,1.744803323422502,1.2426092554042143,4.292441814773506,13.495652632765234,25.39626624951857,23.61739210733916,85.65993733386752,167.3395616077359,1.357273691393298,0.1740274336596512,1.014510744859078,0.1353725579062775,432.5119987066959,1.368337061819054,0.0547297917191246,20.796922818212696,0.0937359716744264,0.094506695915207,0.6868864322114538,0.8522093450796437,0.2142814945556879,-0.6124247278849587,313.5302227118519,0.9469433160582246,0.1134214345323962,0.6513500668442008,2.858737920879768,0.4451768940036585,0.2273153827564008,0.9545537236263586,0.1903430329345207,57.66477501121449,0.4996309244378376,0.0496233179352161,7.593732613887224,0.1271873719510082,0.0841290403438181,0.2206465597601687,0.9302789544586406,0.3565790699279058,0.4620681285274781,102.83586251484512,-0.6348090647179991,0.1794687509271167,0.4540862290020948,4.099116814750895,1.899269950453201,0.2299907023074474,1.0650197793753304,0.1867504524409553,845.4353019484408,1.91308470330717,0.038920639351624,29.07637016459312,0.1285682648485895,0.0501159161972225,0.9601197815144954,0.9758301977010811,0.3262273501624102,0.1209712320155103,438.7313585546893,-0.4703732997357646,0.163785646456805,0.2626774297297669,4.945127609559646,0.8820994939866812,0.3002934917684325,1.3433257750196068,0.2465042822535672,0.2144142612609604,0.4433507312139891,200.48151017,0.9316036310637992,0.0539385489824924,14.159149344858257,0.1673552075621769,0.0812468205859749,0.4178913053255484,0.6185489098290735,203.76498311092337,-0.3763911813066656,0.9630897619624053,-0.2047945852174907,0.3231685031121066,4.6922178675316495,0.0504411257834217,1.6869565790956542,2.7477047639038386,1.6869565790956542,0.0759104313996747,14.961518776905471,1.2637855439459695,0.4305070314981316,1.8766191548932831,0.3533907405606301,0.3188953916002062,0.9573001054851628,411.5699011100001,1.3347988176474663,0.1170471560475529,20.2871856379834,0.2429612950790166,0.1581734137421664,0.6298276029270322,0.1856532548884326,291.934460651519,-0.6595321847388087,0.9317803207045192,0.0582196188526134,2.530434868643481,4.082600904185734,3.3739131581913084,0.1949944423917824,16.698446390065865,2052.587064676617,41.17200058098703,401,25.744659785648885,15.412935323382952,1536.858208955224,847174872,2052.9978953250184,29.59,29106.268603172062,18.575298507462687,51.44171459039833,27.44584049343836,30.0,0.1460905762782262,412570,8.25781195139772,0.1911058526149537,-0.0878965798349606,6,15,194,0.4378109452736318,1.251452455542143,1.2283142404490577,124.88394545449349,18.72000119808008,22.76207176700839,20.80000133120009,1805.483420325193,128.10420374038793,1.7721678127235545,0.5222946232956064,2.715575957814633,0.4228116966431206,685.8146647518306,1.8471635708490448,0.2797452075879006,26.18806340208895,0.2878571912070236,0.4596663495726111,0.8658116159057327,0.6105334149518545,0.7418307988257802,0.1750643521020325,356.2057303574344,-0.3109104922447656,0.3596158682810928,0.8928089991468569,1.7265549551222643,2.4844911661820204,0.5385389104724883,2.4375934077500143,0.4357688317978784,1298.7167989407149,2.541904326812916,0.2391335616266735,36.03771356427479,0.2813253544890812,0.3757277968478631,1.2779574649707317,0.7553974019195122,0.6891065235448091,-1.1076589560970989,499.3827244025861,0.5999793104767792,0.3928211576097644,0.7096014088978158,2.096748113500132,1.512866562814995,0.3861380442163208,2.4599390278578435,0.2716631805507136,489.8623304518565,1.5611297262394754,0.2227569564920784,22.13283376460991,0.1960861183975704,0.3398303895424395,0.7482082141154055,0.6114085068983108,0.3271522647576319,0.8853041893330369,304.08617912581406,1.8003863907096154,0.1930349889276663,0.8931944536571218,1.7145998795777837,1.331914902437608,0.6644564709053108,3.187013506406976,0.5352058044599536,0.3846957290103041,0.6111077043372912,444.87393912,1.4877174394694352,0.3138500940262709,21.092034968679528,0.3632292621735342,0.5017234094005322,0.77757227916456,0.7254337953687866,267.7148953899592,0.1864161791116836,0.7147335176853856,0.1192130404882391,0.7659852708848842,2.085303201243025,0.1150208428189856,2.0800001331200084,10.836654352534856,4.160000266240017,0.4795617838244288,170.28828237756474,2.7371276791675507,1.569333140946986,5.7275561624776135,1.4016394457397483,1.6658136627083555,2.0160850260059013,1998.4267558,3.153160584341807,0.4208679747712006,44.70376668469896,0.8852107831809523,0.7108365522356992,3.3312210693263467,0.0237799248832599,550.1626635126777,-1.4035134834463434,0.8970659981793567,0.914762953344676,1.0400000665600042,5.827055356923442,2.0800001331200084,2.096335335371944,81.72110443622456,2125.93137254902,114.8502781889416,663,91.73836985774705,73.5,1599.4754901960785,924672866,2129.016234661206,84.85714285714286,30408.434126077587,62.35400367043368,112.3898475508901,27.85237211984524,149.75,0.112664424982144,433690,0.1946516760280014,0.5207310065851568,0.0866166262576149,21,74,202,0.4411764705882353,1.0036712196706272,1.704091849822719,2146.883071346065,2.000000116000007,15.543911026045174,11.00000063800004,12520.78956375364,226.66781240322345,1.2356333816935308,0.4544189953170338,2.5847664286829826,0.3529770966305678,353.3839447378029,1.3161588957685917,0.2352680764122574,18.79850910944277,0.2481017348822872,0.4355573186732312,0.6091779703186138,0.538988270139828,0.5721072114636215,-0.0576124968804287,252.06920986548027,0.3599314671253322,0.2846787680870401,0.9808358640636085,1.600262425351238,2.5530398795355604,0.4531320154207159,2.2271950212789964,0.3622912534828668,1371.3562863558311,2.5927465624388333,0.2053970554922341,37.03182801801487,0.2352118416365084,0.3665657366537713,1.3025813498407084,0.6724130653837939,0.5960885562642115,-1.1883104149143109,520.8201354252543,1.0096943082452774,0.3115532667812255,0.8282671287325638,2.073271346120117,1.5078990423286764,0.3145973701989132,2.209291738922524,0.208372676933922,483.93815804179366,1.5402096846708535,0.1804916309635271,21.998594456050903,0.1564599222625382,0.3101034810427409,0.7543055670962158,0.5122993331659164,0.1909910452796548,0.3571453000699577,307.61140463505,2.394579173180141,0.1024386144044681,1.0106481511270844,1.4401562307868383,1.2871030240093084,0.5519133121567,2.946683281052364,0.4275720924646924,0.3002233348691272,0.628034871802496,399.7888614000001,1.3999104687758557,0.2442115338321699,19.994720838261287,0.2941589018114449,0.4438481456037803,0.5874569093004663,0.9151247533987118,262.5690168978989,0.7062640915985776,0.6748889195943235,0.0873645719307779,0.8202651253535468,1.949067375856241,0.0954320530536645,2.000000116000007,8.605787472675097,3.0000001740000104,0.3161522736631972,128.34460953918816,2.7351323639218026,1.5582554556895638,6.579857424402966,1.3691874173966432,1.50530064533451,2.0427139994550068,2019.0300990600003,3.145982575911885,0.359782142007465,44.9336188066352,0.8763885100772212,0.6375101920122314,3.084972498295928,0.3021871398240461,557.9670022400477,-1.0867775392317516,0.9160771285956912,0.9517655715871371,1.0000000580000037,4.991149942182273,1.0000000580000037,1.8088650620852404,65.6336514660544
42,2.8625942184206448,0.2187232689470058,1.4737193328770606,0.1474767022572257,1813.2549762287376,2.870900220099436,0.0682284340319406,42.58233173780808,0.0999195503282851,0.1696692494788154,1.4591535644866571,0.6926635373882479,0.204716531378525,-2.439743909387835,629.7707280525418,9.057086045511452,0.1190056370214074,0.8550191787718405,2.2174835344071773,1.631654031587563,0.231694307988807,2.195817057005314,0.1547208185553719,597.461286600725,1.6479481548011108,0.0768641097615652,24.44302122489617,0.1072870222358361,0.1929600545432467,0.8091322846522297,0.6477646270330136,0.2391220353616685,-1.278615925246392,358.96388694926384,11.15264678982977,0.1189798623329483,0.918080668723686,2.0111749796720364,1.6025210431166943,0.2404027143760789,1.3428207016678937,0.1901438100910784,577.6329814513856,1.6203717046229429,0.0603088134214693,24.03399636871458,0.1313971906953349,0.1234538083967071,0.8283137052396856,0.8666333583685327,0.3532727534195135,-0.5547242832576997,352.5546294856728,0.0016647548655579,0.1762297984844036,0.5660344405787103,3.167465468989041,1.0098155306380936,0.2853360309963735,1.915079083079392,0.2237540017678292,0.1891748562657106,0.4841220039267387,242.17027578,1.049177764164959,0.0714720798235084,15.561821094589154,0.1547511120958145,0.1944778593708015,0.3511392291054191,0.6279969457444178,222.1594167403806,1.18733519112125,0.7669563622539812,0.0452247469721537,0.7514063577428419,2.5262334328498595,0.0313094914155456,2.00000002,7.587320932405873,2.00000002,0.0796499321652927,166.95511240970174,0.6607733316025585,0.3527047828585121,1.8228290267953835,0.2605329794686771,0.1991409856805087,0.4665848425371849,123.30045245,0.7486364952668648,0.0641279916448151,11.104073687165446,0.181214798685649,0.0983635070559447,0.3672390217534865,1.47967969092162,145.37013295256287,2.552495689660224,0.9610245561291876,0.0361934478275336,1.00000001,3.3414464871331826,2.00000002,0.093824748275424,26.26798156359009,2051.2364532019706,6.192717795490205,86,3.176102307748329,1.763546798029438,1540.8817733990147,854144657,2051.245755092073,4.188118811881188,29225.753317921502,2.3208554845632348,7.579283907761699,27.44032813515709,4.0,1.233935434961242,416401,25.34295056914084,0.2510256823183897,-0.1932253093906304,0,0,177,0.4088669950738916,1.2489034626370448,1.24444453076634,4.438273309527288,16.15841677877233,20.484678610028386,17.168317827445602,54.699447629945695,109.87011252634254,1.994148752957464,0.1345213531859756,0.8861223428345524,0.1013695059725702,810.9111284126504,1.9986585752836648,0.0433060350252898,28.47650133728949,0.0697500891570241,0.0760777761233309,0.989020894269815,0.8374658064127032,0.1589482384725222,0.6765697955828731,404.8121968503653,1.4125825653404562,0.0821502702088083,0.5768088746458585,2.784937454944881,0.4444302486386467,0.1357990261598554,0.732366806683654,0.103007876032941,43.82136177092185,0.4646168068383443,0.0384736094183157,6.619770522527337,0.0716030840814094,0.0570428288211571,0.2040666693076343,0.9101540150053172,0.168196557222873,1.0134943093394655,90.21934047364527,1.1630100262932754,0.0872670182131835,0.4278091041097043,3.496683398374172,1.5930939810890687,0.1229045567051322,0.7190498288653133,0.0962165313417375,518.254848886085,1.597804603561706,0.0359962180789001,22.76521137363071,0.0664073786813849,0.0574380347039434,0.8012622800819162,0.8886887010841917,0.1687984717207613,-0.4572118206094069,323.39807816108095,0.5306980937270138,0.0829032969114413,0.4755515383279412,3.2110088799878573,1.0059256233179878,0.3027847932891137,1.3663098884928675,0.2555698305586626,0.2433248799838918,0.4769226113751996,223.93201448,1.0502920412069494,0.0568600711789447,14.964358137922256,0.1690422316916137,0.111111760447724,0.4805866717364278,0.3880317624070324,204.2029015335516,-0.6430903785189832,0.931973858135717,-0.1646094210049974,0.3733607695788243,4.332621794223729,0.0423003053900063,2.0198020973465414,3.90540464317427,2.0198020973465414,0.0876394523979039,56.84447540044454,1.1321381013135288,0.5335035362261931,2.6569559006333483,0.4142564721312686,0.3462969341556863,0.8164269357890038,317.68700281,1.250983854802039,0.1112673261613851,17.823776334155454,0.2862441207341294,0.236401398367063,0.6706596348513942,1.0519352110032043,229.8240345666464,1.0402472682490091,0.9015825536564164,0.0717185118573903,1.009901048673271,4.928180920237404,3.029703146019812,0.3203186871142251,55.1251772044136,2045.2096774193549,13.329079465953026,198,6.03173777315297,3.2096774193548754,1538.0604838709678,1037398774,2045.2529360889928,7.923076923076923,32208.67544622101,4.564679378346611,20.28511350620238,27.40508908586965,6.0,2.100653319522282,507212,34.87542259542571,-0.1582409272964836,-0.1219533448113496,2,5,217,0.4435483870967742,1.9631489547612424,1.1652977505077973,8.889792386679256,56.61290684903249,34.22297030192853,34.91129255690337,180.91117503363023,251.9006481831617,1.3973401106960504,0.221408049668338,1.8861941000837328,0.1557944603806108,496.3430440112031,1.4147025277353038,0.0598265355403863,22.278757685544388,0.1097888351850999,0.1188445817173724,0.6905318392439878,0.8553811912409762,0.226248313254243,0.64780685812037,346.5403474526205,4.7433014414636405,0.1173479951681493,0.6865993637668856,2.894646032506905,0.4617618481186754,0.221377654944758,1.140795506310329,0.184936059484565,64.9845454146213,0.5118930135458203,0.0567615079710274,8.061299238622848,0.1247445032468103,0.1113277915559556,0.2064027978453324,0.8734763423512363,0.3307725471739177,0.3020474207861626,114.5169383334315,-0.5595349554198146,0.1658777688148119,0.6452110559015405,3.172543273883628,1.9144375777508744,0.2319304764502755,1.0392231442699351,0.1895255468796308,922.2242285368432,1.9283791335756184,0.0428925050690034,30.368144963708986,0.1305191815937951,0.0538203156365509,0.942627370351589,0.9730738380258924,0.3451607461728452,-0.0243791742526418,474.7805192822169,-0.5966134293780603,0.1723352778726365,0.2928241035244501,4.175933131244572,0.865161827374068,0.3288669130101093,1.829967976040613,0.2663666884968885,0.2300930310394095,0.4167314203423434,212.34313819,0.9253228255108,0.0599059292167649,14.571998428149792,0.1820716620597646,0.1104704889193683,0.45390801733927,0.7130538349979545,214.56013318876887,0.1994606678831783,0.9435161839687516,-0.0467131528139619,0.4294072740318801,4.517931919886877,0.0567184166840041,1.8870968949677496,3.914868329899615,1.8870968949677496,0.0962097943210744,51.48853591846412,1.291960667482154,0.5432796551445325,2.985443636327348,0.4454258997909334,0.4049957186302803,0.9555605766293004,486.85500442,1.4011156332803445,0.1474817672303605,22.064791057700955,0.3039589453476671,0.2400316871857131,0.7928807373996205,0.4221140089448049,320.4062455355742,-0.2580012280854924,0.9018288084503034,0.0450212837580362,0.9435484474838748,5.87215361798332,3.7741937899355,0.257562398997826,71.08291038517126,2052.9701492537315,53.48092280876998,616,30.544738991609133,16.029850746268494,1537.0721393034826,847724015,2053.663169299027,37.16,29115.700489598392,22.294552238805966,70.26869857909708,27.44634576480896,32.0,-0.8269558613419475,412647,13.88814568973218,0.1368290914696364,-0.1232589435575599,10,18,193,0.4427860696517413,1.3343071470446568,1.181772626390219,261.18518068685694,17.640001093680066,22.180748726323383,20.58000127596008,2725.381698499388,104.47493043207858,1.715247839141083,0.5114526261312086,2.625789642587036,0.4169049374346242,643.673862840611,1.7895132093869002,0.2483941049285046,25.37072846491821,0.2821815529177888,0.4281151316299674,0.8628248504567977,0.6466773008076665,0.732423750636978,0.2427519062694983,344.7648156673577,-0.3307344319177354,0.3656933239649806,0.8434784043128138,1.6687220228177109,2.5176422872256614,0.5099755919191565,2.22127381904979,0.4008635979910258,1326.0580808424572,2.568521731422248,0.2039397100648108,36.415080404174,0.2624838394676241,0.3447364500947567,1.2689224379274238,0.7712589109774648,0.5874762361382637,-1.2541935886296554,506.0460997323579,0.9902961222610074,0.3265500975993123,0.6821065504804317,2.1597699712164866,1.4796890004633063,0.3640389017271774,2.441563524380028,0.2514042055341267,466.59025155065774,1.523595922506325,0.1961666972418191,21.600700256025444,0.1832692178863941,0.3208982446968075,0.7530436700823651,0.6110291323598838,0.2698389079552221,1.1236771834164163,297.4174890931246,2.492076030631199,0.1646269961406774,0.8885886529829661,1.6068840787319074,1.327545886833131,0.6295546456775601,3.1854062079276604,0.4961893689884911,0.3449135802199196,0.6618981985920924,433.50580479000007,1.468586155955001,0.2765928778370424,20.820802212931184,0.342307869291092,0.4578760141383939,0.6889218683987745,0.7513372573313811,266.8367232534593,0.4139448755582506,0.7319595310961698,-0.0082601932930246,0.7317491081856438,2.071786513514686,0.1196791929716071,1.960000121520008,9.246397236678495,2.940000182280011,0.4009883699812929,130.52116974768154,2.712001506834389,1.548520241928612,5.626791430672326,1.3928745372701676,1.6476542044936535,2.055113118902314,1957.92837472,3.121047450402139,0.3703851552120267,44.24848443415888,0.8746000818634998,0.6420179770133927,3.26938672733852,-0.0005122169777032,545.1123028737121,-1.46189743962162,0.9136901485453004,1.0139269272072111,0.9800000607600036,4.502855901155815,0.9800000607600036,1.9745480348844988,57.75783015054611,2125.3872549019607,121.39972664658572,664,96.11908881199535,80.0,1598.860294117647,924515073,2128.8345713918075,89.5960591133005,30405.83945560457,65.91625615763547,117.19492414906637,27.84704792447289,164.0,-0.0801043320076185,433579,0.3355449136613075,0.5317071422950873,0.057544128986124,23,78,202,0.4362745098039216,0.9877975382479864,1.7120751357603576,3560.379195675808,2.0196080228823687,13.188506717703254,6.058824068647106,16200.603659791095,198.9325040710837,1.1802753976714646,0.4732541294818852,2.5847664286829826,0.3707299390949522,329.6480055546472,1.271189048039714,0.2745924130788971,18.15621121144627,0.2595297531993087,0.4651071994468403,0.61788398547212,0.5146834761918687,0.5761537922637069,0.2136362113840256,240.7761811249788,0.3088624047774102,0.2853337833751483,1.004081973330571,1.566276637595407,2.4697559626583985,0.4844230285904429,2.274870671438737,0.3855844418746276,1291.9748122153228,2.516586947395341,0.2496889801021228,35.94405113805792,0.2558362429645635,0.4176764119090411,1.2805944661456996,0.6271298292034148,0.6061227924021351,-1.0643700858498668,503.83021638231327,0.7519599471696128,0.3366945320741064,0.8802261072009492,1.9056474643621184,1.48663422475759,0.3320772594754528,2.209291738922524,0.2240105302437404,473.24247608793024,1.523094238468047,0.2014353393786749,21.754136987891066,0.1685885037865515,0.3270581671894669,0.7739371973559181,0.5139346653532567,0.2244536732700939,0.2785359667941495,303.27338185054833,1.9874784512050216,0.1073814490813617,1.0083703293421138,1.4388149092597484,1.3223146661990697,0.5994889570965669,2.946683281052364,0.4773494861065064,0.3665883606196363,0.629985712403057,429.65284256000007,1.4512551068292714,0.2910537932330472,20.7280689539571,0.3240917627605949,0.4868027537660833,0.7333513882435182,0.8573218155827704,269.7521919046102,0.3416624317414252,0.6695203784549133,0.035993996967107,0.8271412327877676,1.951215685186614,0.1097229200971645,2.0196080228823687,11.11419010232391,4.0392160457647375,0.419970094428105,169.70991003521152,2.800046628551163,1.6390195315270486,6.63905854377068,1.435264947507879,1.5718650778072187,2.076563721850364,2144.7494289200004,3.242449319996397,0.4167462520897098,46.31143950386341,0.9250325568025544,0.6927506736473926,3.1464518501275007,0.2335251051546533,571.2095122244373,-1.0794871152724617,0.9104838188370478,1.0974092554958426,1.0098040114411844,5.100072791938016,1.0098040114411844,2.365699487036351,64.44795097920546
43,2.808619395210206,0.3596826510982512,2.87580376635771,0.192634880948212,1763.7678220539406,2.831453065809417,0.0982980304725009,41.99723588587635,0.1291177667777761,0.3000900517783628,1.4442427681466106,0.6519491718915525,0.2102797568199754,-4.493969686325716,617.8962669462453,26.13646316181669,0.1377240434345275,0.9198435503581216,1.8490197015789125,1.6365450365197458,0.2510539526123191,2.2246620565174338,0.1740219913264328,603.0246755224085,1.6556029875470095,0.0863238767113089,24.55656074295439,0.1206534516054022,0.2016732717510253,0.8431979189308979,0.6769683599901816,0.2663078266240934,-0.9857039011102912,360.0399080343441,7.952759435809103,0.1282272068565383,0.8856438689803031,2.050697955247394,1.5909856567625948,0.2517734769254048,1.3428207016678937,0.2041618062705444,570.7541637319475,1.6106946041607293,0.0677661676586049,23.890461773099897,0.1390215239969067,0.130412623954841,0.7875107934720904,0.8651724151862623,0.3793308395870829,-0.4607297051540121,350.01684448777087,-0.311730145626321,0.194004957707836,0.570974617773261,3.1216288548079465,1.0287289664763763,0.3272654278424546,1.915079083079392,0.2568064518508898,0.2144274535164126,0.4838523570852426,256.27780562,1.0793049228343885,0.0861548626954113,16.008679071678586,0.1770286445872796,0.2125913513007708,0.4030709836135973,0.8071305001840414,226.3203726248028,0.9800931369694,0.7888565793486989,-0.0459869062242668,0.7161770273991674,2.638192961518261,0.0554595518029587,2.00000002,6.468805798053999,2.00000002,0.1296151200621984,131.36556517386478,0.732353054251985,0.4334097250760219,2.074471024470076,0.3445209450327273,0.2773376283280234,0.5512157163704022,159.1328529,0.8504887709696434,0.0875180401321483,12.614787073113838,0.2279795801119392,0.1441706802070651,0.5569476656089339,1.1848569127839814,161.1176719354367,0.7448260905913289,0.9446065755857268,0.0374631600557484,1.00000001,4.141901221288427,3.00000003,0.1629172565682721,33.83580143711253,2051.053921568628,3.954424386718178,35,2.624375240292234,1.946078431372371,1543.4730392156862,858194901,2051.057714936369,3.5123152709359604,29294.96374805745,1.8983386458031488,5.086929062866947,27.439299528561264,4.0,0.3819392938842008,418415,5.263488335928864,0.1643763924628256,-0.0757562952229902,0,0,176,0.392156862745098,1.318238218066668,1.308873748321685,0.7692168433595183,20.000001160000068,21.79078396747794,20.000001160000068,16.50099814026985,197.7316205404917,2.023572622755088,0.1329043928626224,0.5942412023057351,0.1036614060790696,838.9343228123995,2.027911031342641,0.0365682990759675,28.964362979571973,0.0715922077289165,0.0484627189456274,1.0225405126273814,0.9334690879818168,0.1646302810726303,0.9311123972720308,412.80881504203785,0.3354118076783816,0.088104678968477,0.3728994954133762,4.169789938142194,0.4771435994442566,0.141118798869826,0.6013705736762158,0.1069829220265247,50.48651358116261,0.4974765418706509,0.0348334241776646,7.105386237296507,0.0748899049778565,0.046379770433279,0.2373668296978074,0.945977943536302,0.1594591909795414,1.079292897533201,97.33729428662836,0.641970251079226,0.0836245658361439,0.3365342078514252,4.44666466855029,1.593462434970262,0.1398459049075385,0.6990908669269813,0.1096228628954591,521.9510425141566,1.599557295546509,0.0340534827327387,22.84624788699791,0.0766228742949226,0.0470070934838006,0.80842919942107,0.9431772232783896,0.1804072599491768,-0.2814695984222302,325.06633673393344,0.0682785007274104,0.0886912672090617,0.3435351766778114,4.2043868529924975,1.0103394346014516,0.3394341865110481,1.4611302197019411,0.2871757479006437,0.2674180312434048,0.479650730348015,231.62905781,1.065568654706095,0.0549299455836659,15.219364566564533,0.190256649507968,0.0884379013017573,0.5291375227723172,0.4304673138754574,206.10924465869613,-0.7095501422527626,0.9659527088032416,-0.3169315390642244,0.2659656021339959,5.3956708095325,0.0705520970864304,2.000000116000007,2.683629090479271,2.000000116000007,0.1319065061099052,20.85034044247828,1.1093970168725669,0.4690283948291347,2.362676403365395,0.3900723314337273,0.400924759513562,0.816827311149848,295.73288511,1.2040228425744988,0.0870340510274004,17.196885913152997,0.2598420957651454,0.1373676392224829,0.7864988512686737,0.6543914540914328,226.31699144200363,0.2081103614427304,0.9561553482185108,0.052002019785714,4.000000232000014,4.235949338667263,4.000000232000014,0.1555600152370581,27.29791708266069,2045.4979079497907,13.85151585218225,198,6.604401183452663,3.497907949790715,1536.3933054393306,1000036408,2045.544610400388,8.831932773109244,31623.35225746948,4.967212826553215,21.18307553391693,27.406747229621708,6.0,2.607354156022267,488874,30.432222515449187,-0.1699432448644411,-0.0677430410677359,2,5,214,0.4518828451882845,1.925689447971232,1.179266157617437,6.268955902583091,56.042020393412,33.940494632805354,36.378153588706034,162.97311053629417,256.6581418666469,1.4014347798829228,0.2331181218536398,1.8861941000837328,0.1673005784214739,482.33453268075687,1.4206111783324693,0.0625610198412473,21.962115851637723,0.1179834595494131,0.1234606858674747,0.6940753829911527,0.8594317204345933,0.2582049795420409,0.6762992383404143,334.9429123920185,3.600198320835453,0.1326386598380824,0.6612419382631816,2.965058157549783,0.4871352246058068,0.2404335967387778,1.140795506310329,0.1988333202040892,70.47325260226559,0.5430167269061387,0.0579263751626356,8.39483487641452,0.1336169565218539,0.110385918002539,0.2331082470382086,0.8938322248583792,0.3276813055913657,0.5530353055805746,116.42531868078784,-0.3768074654177633,0.1685542171199821,0.5842447563532819,3.5138888348218043,1.925260521590311,0.2652684098414459,1.2411209414288915,0.2101213091678462,902.6315345264476,1.943373608260184,0.0442149740164882,30.04382689549465,0.1476371849364783,0.0563841421723254,0.9566935092203468,0.9773122325666428,0.347645207108751,0.0096087495110779,460.1372646600843,-0.2858821607362718,0.1717389820022272,0.2586995564358058,4.5748203751484136,0.8852229550267209,0.3439283399846164,1.829967976040613,0.2822751765580902,0.2498644656681541,0.4543367747172535,215.43733887,0.9494269111980728,0.0639564770506486,14.677783854179076,0.1913744734826916,0.1158331393362637,0.4913259009113138,0.6456414933516751,211.5682862513863,0.1111874028989565,0.94319336916816,-0.0694814418271263,0.4219877151620094,4.552285033809799,0.0677016454512883,1.9663866804705965,3.531670972018337,1.9663866804705965,0.1160377113947461,37.517270920057705,1.3057881361626595,0.5961656901835631,2.985443636327348,0.4907705313731217,0.4613809654209611,0.9777368694748296,492.10317509,1.434924771824286,0.1714562407238191,22.183398637043872,0.3352656927487116,0.2694253479376458,0.8744243861906963,0.3627729305569028,312.08336454287564,-0.5220211990286043,0.8976270452519115,0.0557936137286611,3.932773360941193,5.699489595555365,3.932773360941193,0.336268752843835,50.22644099269527,2055.480198019802,55.37014393842215,616,32.31903734927951,17.0,1541.2227722772277,854066003,2056.2221474835787,40.975124378109456,29224.40765866778,23.771686123836265,74.15708753612695,27.460641491597585,34.5,-0.6581740635897212,415207,12.181441497281932,0.1013332409434236,-0.1578585698945913,10,22,194,0.4158415841584158,1.3628413519729223,1.166800653792055,243.43909570100084,17.46534761750502,22.924182639205096,21.34653597695058,2349.099942756653,116.3892652421741,1.7376186658182589,0.5566149158197686,2.625789642587036,0.4535947911624805,672.1762158827279,1.8241724230791383,0.3244640675669073,25.926361408472417,0.3099375947165186,0.5153858189877732,0.882754665541713,0.5703530097287938,0.7883835273322115,-0.0051224576335714,350.9989704952883,-0.4038589514839921,0.3795293849407968,0.9359203199146188,1.5966092647332404,2.4336874369786408,0.552463462954328,2.259153943000571,0.44441215976662,1257.7609687211452,2.4953034783598125,0.2627525926097313,35.464925894764605,0.2941136909199577,0.4106327722815475,1.2511250172184198,0.7229631147801393,0.7253463082812335,-0.9777426323126652,491.60486226968544,0.1576800977368915,0.4034349747453507,0.7510993262356567,1.97709557915136,1.5072446157601689,0.4035240327132476,2.695501376139312,0.2895968691294705,491.6299996514895,1.5600679086061666,0.2447211521257397,22.17273099217797,0.209033272352182,0.3702089668472047,0.7407573556916734,0.5787013801595257,0.3766858954909191,0.7354885958406202,304.4634123835541,1.6637557582484996,0.193765022546607,0.9261152028772232,1.5856953703872194,1.4083304115996116,0.6871092909014473,3.1854062079276604,0.5611278492569134,0.4568504554927577,0.6159757532757092,495.54165345,1.5662619519824017,0.3382126232007782,22.26076488914969,0.379959408110893,0.5335454238803563,0.9302521683548391,0.6038516932520712,284.4827431431215,-0.0804103894201584,0.6975400524569755,0.0528167882925302,0.7838167429369218,2.02521524588952,0.1233760411133253,1.94059417972278,8.937072564957745,1.94059417972278,0.4044621097277303,136.34648688753498,2.9375639299564256,1.626419922581587,6.566751145259779,1.4302049038961937,1.5072008515263289,2.1748567626923005,2274.80852688,3.3558051717719084,0.4888170439524673,47.69495284492898,0.9142626933612522,0.8008807897842722,3.2383620031965847,-0.0588150247940857,593.3879138511979,-1.1725680662988114,0.8783267418700952,1.1351926550267994,0.97029708986139,4.278537089608722,0.97029708986139,2.2376304209799027,54.47375953387838,2118.926470588235,115.34236672561444,646,91.7239042675894,79.42647058823513,1595.8970588235295,918629959,2122.04807540115,87.95073891625616,30308.90890480883,63.10330339032164,111.98020585113716,27.81213288744865,157.0,-0.0138759645844987,432261,0.0188465979704299,0.5252826581316704,0.1268038911517249,27,77,202,0.446078431372549,0.9899303182536162,1.6994820377116528,2707.894311579476,2.0196080228823687,14.622021476575853,8.078432091529475,12760.135264543169,223.97045970649867,1.2261909330625331,0.4592349779528018,2.3901940156836687,0.3574357424554392,349.5350609722401,1.3089717955817948,0.2453310294750662,18.69585678625722,0.2520655406384069,0.4295502304576477,0.6146473486916543,0.5572982668552585,0.5351651566919987,-0.0089253912917923,250.1429503447568,0.0718788015175619,0.2713698072371698,0.951261730323244,1.683305428342843,2.516664623197024,0.4897555095840945,2.274870671438737,0.3813113803198096,1340.7462416439885,2.56364691372561,0.2234296041651415,36.61620190085242,0.2501318052551582,0.3951465493050759,1.302572963884593,0.6703489512203549,0.5866101398296952,-1.3467166584819024,513.3995831321929,1.4753172140929798,0.3033924569014632,0.8205222390012246,2.036676000691695,1.492114477146315,0.3146388571503193,2.2657674982364364,0.1979986044267533,474.2832599506212,1.5247681597326257,0.1650473145117503,21.778045365703075,0.1504448244390207,0.2784345326284165,0.7435735328388363,0.6079395180725781,0.1854484871499599,0.8086715845251533,304.3913533378483,3.80125799897117,0.0908447584390848,0.9000864173896931,1.5210431901825807,1.2953521122224323,0.5906908175509552,2.946683281052364,0.4620105410093651,0.3496192646326043,0.6550329056689507,413.12904262,1.4230749684343105,0.2745870669599403,20.325576071049007,0.3174817874056633,0.487595319762899,0.7005270964715924,0.9092207826711622,264.25183089337617,0.499827960135681,0.6576990705664856,0.0807807098469978,0.8386404997389638,1.868344212236888,0.1126016876644626,2.0196080228823687,11.307622742477887,3.029412034323553,0.3658420015000219,172.7556683771892,2.7164492678448724,1.5928945167082382,6.63905854377068,1.3802261161385163,1.4872266222871815,2.0875941719141213,2020.41023855,3.147057634934264,0.3446027726954372,44.94897372076475,0.898929718153957,0.5853137387823479,2.9988709961389635,0.3151025948096397,554.155650640354,-0.9889583054287274,0.9320668052540828,1.1459759467606856,1.0098040114411844,3.98200099670352,1.0098040114411844,2.1403951310894738,49.82782557765462
44,2.8168140367414547,0.3626421410380547,2.890382974172133,0.1983446802224024,1774.3776314864213,2.839956490933061,0.0950291047891926,42.12336206295055,0.131168719279877,0.2989423121171687,1.3550244693933646,0.6598638260054654,0.2107511848877612,-4.4415966133910265,619.69908808312,25.610380470967936,0.1561237360804643,0.9088366913536972,1.870116364408624,1.6270262063143548,0.2462710028770486,2.2246620565174338,0.1622562681089222,595.6693608293267,1.6454750085521404,0.0789793704487164,24.406338537956216,0.1149667939704922,0.1989514506544092,0.8400577660288974,0.6729658731207299,0.2174719343533855,-0.932004497652644,357.94576538915805,8.646591999933161,0.1068617891022498,0.8906570248009171,2.052669797957481,1.6048260382470665,0.2509391765392332,1.3428207016678937,0.2025175172352381,580.3931878684295,1.624238545887705,0.0659937954867507,24.09135089338972,0.1377368647836929,0.128529844901423,0.8202109916557419,0.8683903756198731,0.3505477941319843,-0.5631322764261588,353.0617284143546,-0.1731077817814936,0.1815874416618399,0.5646650138628339,3.1541208451956853,1.049243721549704,0.3310799816697574,1.915079083079392,0.265704454732856,0.2237685064690043,0.5088459518766962,266.20618117000004,1.100012770938262,0.0840958330646536,16.315826095236492,0.1814506727058539,0.2116249337038862,0.4454886183527244,0.6390087785236231,230.83361874093487,0.6483735688628278,0.7942348540386608,-0.0351693339277713,0.7046110766582738,2.684471998128802,0.057279961166663,2.00000002,6.04472284273269,2.00000002,0.1226666019163327,120.07361408873967,0.7495427103877564,0.4232264122894404,2.074471024470076,0.3329275622183061,0.2660394342739008,0.6075989635178048,162.82655096999997,0.8603026712891647,0.0834374310882807,12.760350738518122,0.2220945438973086,0.1416829229534077,0.5175646158263871,1.199839432200304,164.8993962853064,0.8545194468590553,0.94385547148121,0.04074097364024,1.00000001,3.950644262784334,3.00000003,0.1693907385548058,31.916177765888524,2051.6585365853657,7.004934381638198,74,3.574538964901825,2.3414634146342905,1536.129268292683,862917074,2051.6704366169056,4.857843137254902,29375.450192294928,2.680894308943089,9.622023349240706,27.442765624085087,4.0,4.180000273082668,420590,31.26546728143633,0.0554454939715436,0.1490059066831577,0,1,181,0.4341463414634146,1.4267705352382585,1.279182018906395,1.977964157524148,1.9803921766666668,25.045375549637736,23.76470612,45.88680161166807,256.5081800689908,2.013326370818566,0.1351716875325506,0.5942412023057351,0.1043497087257239,834.6913930263796,2.017836795143749,0.0382888883279519,28.89102616776323,0.0716846077600743,0.0535092959888218,1.0138497172734142,0.9211802999191486,0.142255808983309,1.0706058451186076,412.731906017806,0.458047671988202,0.0886566770179819,0.4075329979302124,3.797854348554384,0.472743039624397,0.1436076799909824,0.6013705736762158,0.109657776426591,50.021752023717454,0.4939722122317796,0.0382724668999081,7.072605744965391,0.0762519569611512,0.0547989921181752,0.2474415245066825,0.9269352829861104,0.1587021198058254,1.0939558097857571,96.9123231230014,0.5592101166600365,0.0921490641822853,0.3937876599439782,4.001609295319066,1.602026105372435,0.1539112581620446,0.7491869561624704,0.1197369513449235,530.9624564497892,1.6093665720306556,0.0419202488536508,23.042622603553383,0.0843099125198441,0.0713004379717118,0.801630560993786,0.8926810871511357,0.1839390072560349,-0.4448069128006117,328.4153516013492,-0.031154322986469,0.0931780548303204,0.4793006843274911,3.25804367007207,1.038789513039669,0.3652697025175135,1.9057012227872965,0.3073940981726685,0.3023875779525862,0.48869455477077,248.43022768,1.1008427540619647,0.0756539622527938,15.76166957146355,0.2043853786836166,0.1350320492782506,0.5819542035875858,0.4758887836580558,212.95185017313213,-0.3601779529086015,0.9315117480531652,-0.0972182079565155,0.3821885620355918,4.018179687984877,0.0791547317440523,1.9803921766666668,3.4024492729488465,1.9803921766666668,0.1407345049736389,38.085718445266096,1.155160831577212,0.4910597834292264,3.441919223792965,0.3797564644919472,0.3569710170593868,0.8862039412599914,322.74379312,1.2547350184158503,0.1317595137920568,17.965071475504903,0.2603275076426888,0.2722087466770109,0.717648422440407,1.2608654207464418,236.80797047332845,3.970280776846167,0.8452533765539022,0.0716912286435801,3.9607843533333336,6.861552548820348,3.9607843533333336,0.2229046680097273,66.30494783832464,2045.5670995671,14.073519685335354,198,6.763254061955365,3.4329004329003965,1536.4004329004329,966629194,2045.6153023889813,8.969565217391304,31090.66088072108,5.075079992471297,21.46675893399921,27.40714123107906,6.0,2.575299826076822,472526,29.42746000454135,-0.163482389233362,-0.0703340643357837,2,5,205,0.4415584415584415,1.9156265463101247,1.1859863186317328,5.322517738695761,63.79131091833111,36.01360795788443,38.730438771843886,162.5124963002726,343.5790070971444,1.4242522089013274,0.235380860510303,1.8861941000837328,0.1734767816334297,481.3251502871829,1.4434883647788348,0.0614478706325538,21.939123735627703,0.1203957502464828,0.1237741094744875,0.7450770975612554,0.8614426970463414,0.2815730228498831,0.4899295929567372,329.0022602562066,3.284907734434817,0.1436625231018782,0.6523338552436915,2.986908845027868,0.4752644712470942,0.2394763364058897,1.140795506310329,0.1942497770336762,65.36767998310816,0.5319557966822477,0.0579052977890656,8.085028137434536,0.1315631615706211,0.1119546587826851,0.2200098427747281,0.8904457002114774,0.3101552897893823,0.6909425388050616,109.78609285807876,-0.1520520109539171,0.159073047620659,0.5912843695022496,3.4819672999753504,1.918383118762448,0.2657543964756098,1.2411209414288915,0.2088419836151873,866.3686073980884,1.9366242412868264,0.0467732430194718,29.4341401674669,0.1475207424803238,0.0602133391728272,0.9357901545465532,0.9742951303458266,0.3307732221281036,0.0428585829782007,443.14650043412536,-0.2395418258526831,0.1638679037664023,0.2671537247402111,4.3858654609802565,0.8943005079431382,0.350554131804521,1.829967976040613,0.2854056595326193,0.2563080236613875,0.4470090966935636,213.0119409,0.9602758011559568,0.0705894654267187,14.594928602086412,0.1941210567110118,0.1288430133125963,0.4940648120121699,0.7076348622965771,206.5834173348649,0.2053181350825133,0.9323231260002331,-0.1490571496945903,0.4394394117250009,4.352450276730718,0.0626793070293547,2.278261104226111,4.075335938176871,2.278261104226111,0.1254115010854314,50.63602719201917,1.3213581692666352,0.6004682902837525,2.985443636327348,0.5089816656131324,0.483556725009107,1.0038745332439578,486.25239061,1.4508579199699032,0.1801881264072318,22.051131277329063,0.3379014046746179,0.2896107061122348,0.9508424385346014,0.3084853883802302,305.23373710059275,-0.634926050299705,0.8832265006854678,0.0611879032540066,2.278261104226111,6.788435045383008,4.556522208452222,0.3994815610013016,69.44070831753474,2055.406862745098,61.02810587233807,660,35.10395040369087,18.593137254902103,1547.3382352941176,862594323,2056.3082317876488,45.47290640394089,29369.95612866999,26.04206510190283,81.62539086275505,27.45934283126207,36.25,0.0966464236581332,419303,11.120150555410786,0.1053998000090669,-0.1140633376552873,11,25,198,0.4117647058823529,1.3670859333390284,1.183538021359894,234.9606630944704,16.15686418305895,24.10099539551592,23.22549226314724,3372.624353119604,138.7902975512168,1.7050509642025329,0.5387480999275711,2.5351279445184374,0.4400312363138343,651.9892048483493,1.7877431342232857,0.283977126997878,25.534079283348937,0.2992493665032881,0.4803466074693242,0.8677655810998942,0.601057269213683,0.7732219638899416,0.1057488391359297,347.83039669731664,-0.4014748678380018,0.3784871088283151,0.909709491798088,1.6076278834160178,2.4593153790655737,0.5475523194984275,2.303022837300936,0.441196313288264,1294.7015044219088,2.5192411559968173,0.2321680096261823,35.981960819581644,0.2892563244483693,0.3858930137085758,1.2464316425027944,0.7514026104337577,0.7246566760390798,-1.03017495336166,501.7003373293771,0.2350369472252138,0.3794567352959506,0.7194273598237251,2.0655203048930004,1.4701909818980945,0.3975476739227288,2.695501376139312,0.276051706881202,473.0211138113132,1.5227379781352592,0.2098319562471249,21.749048572554003,0.2041041802434409,0.3310108286708385,0.7703235786685658,0.6531936975721255,0.3055058230285998,0.8490940648677199,299.91896030721125,2.024605571649753,0.1642893273119916,0.8508615614772782,1.6459049732777582,1.4122054971174791,0.6726202072429317,2.9837386549588265,0.545337812175405,0.4427600098563693,0.7086453726929359,498.68301315,1.563497545333764,0.2948413524750446,22.33121163640701,0.3703824625958353,0.4851028745021486,0.8974507452158087,0.6059077633933923,288.08992141196575,-0.0845816971980495,0.7383627992605475,0.1331284955506141,0.7362411275843308,2.1309317247805906,0.1306793770266544,2.0196080228823687,8.738886952647754,2.0196080228823687,0.35784525819535,134.71299287909855,2.7784760015788748,1.6156734704837188,6.566751145259779,1.4187419385754942,1.6075917020874737,2.153939737007104,2104.7768487700005,3.2120917752147062,0.4566629231051461,45.87784703721395,0.9117460381795776,0.770103292965718,3.236477375689608,0.1296263124467176,566.8091043220904,-1.1260292789762971,0.8860748487137917,1.1684191421253445,1.0098040114411844,3.625434615273831,1.0098040114411844,2.277579509578016,54.35493880553874,2127.635467980296,116.10376514286352,646,92.23096896309062,75.36453201970426,1594.1009852216748,921670012,2130.785386783948,85.62871287128714,30359.01862709004,63.47600351168121,108.85386243187072,27.86155842050709,152.0,-0.1233959853886174,431910,0.0388833560761159,0.5587067051361622,0.1376227932695017,25,79,202,0.4334975369458128,0.9534578348055016,1.7612907038143455,3827.359073229832,2.00000002,11.308138773343618,3.00000003,15134.030616926717,179.1524057084998,1.2019726117051035,0.4774428094523864,2.3901940156836687,0.3771515878483649,339.3280768678584,1.2928909007037117,0.2802338329945574,18.42085982976523,0.2641905340454066,0.4564175947250011,0.6108007410445591,0.5420471960241656,0.6182707516133936,0.1408741969880081,244.00044017613607,-0.1331634637790362,0.3059247913425509,0.9720732952154064,1.617642897554321,2.4554398401788387,0.5112956975199208,2.274870671438737,0.4033065029412888,1276.7320208147898,2.507851729983303,0.2691785985253666,35.73138705416835,0.2667208713204237,0.4495283619474671,1.247205547334959,0.6114281927483526,0.6088942685714622,-1.180353557864542,498.4542875563042,0.9200038491834236,0.3471151441605387,0.8945624645155731,1.846850928290637,1.4627635972374853,0.333609609291947,2.2657674982364364,0.2102855199825055,456.8361653300481,1.5001414799124553,0.2030179161325457,21.37372605162816,0.1623159215486961,0.33749465977021,0.7568772317628497,0.4882630290628386,0.2123697194012153,0.6677532022138903,296.9410102392095,3.246905631371463,0.106520146394299,1.0302778319739792,1.445685395903166,1.3745994822375749,0.6360423492062744,2.946683281052364,0.5200382294540293,0.4282045012703255,0.6199723701124004,465.29239226,1.513961938111147,0.3286874758078513,21.57063727060469,0.3497540444422782,0.5429565653726727,0.8975156128939852,0.6849631786738897,279.04369489422766,-0.1588489132991366,0.635415325962253,0.1362950345283725,0.8680776360319776,1.864057543047681,0.1441005794141085,2.00000002,11.063996499011562,3.00000003,0.4501508065484484,172.38226771588728,2.8930897957233115,1.6747362931145668,6.63905854377068,1.4361219886110974,1.5344385490819965,2.143976541686519,2265.6614325200003,3.3407923844884704,0.4236145556361473,47.59896461605021,0.9483779656695336,0.7058973259522954,3.0387981612725854,0.1586298968669499,587.2972285318323,-0.9834170047921064,0.9108811246094064,1.2691493542455954,1.00000001,4.381125904147525,1.00000001,2.648541255664901,59.62310878752994
45,2.8269985908932607,0.3423420707084853,2.890382974172133,0.1793536726037767,1775.7798905640134,2.847557545542872,0.07070569289123,42.14000344760324,0.1190868935517388,0.255135795909252,1.3856241285925233,0.7220969002189546,0.2123245756890641,-5.0058697264067575,619.1126914056241,32.44169588437943,0.1340865294060282,0.8216079177288589,1.9512998098237144,1.631656427112249,0.2155081543051421,1.185181980986455,0.1591200016588749,593.169031130637,1.6457625553901662,0.0531865687601671,24.35506171477784,0.1128776921806711,0.0889920150165765,0.847493560224553,0.9146271704194344,0.2234748494772471,0.8018820057713133,357.33275753758244,1.2222050142243015,0.1126309506583487,0.4548993192430988,3.2536894570220847,1.5873398781833137,0.2463183585835423,1.102938430015647,0.2042236619676508,565.0295436257659,1.606251405664706,0.0487178745186536,23.770350094724435,0.136759123703962,0.0766536463388943,0.7664669919329207,0.9513448942129022,0.3875439024877349,-0.5071251699468976,347.62743332214563,-0.5164243571827081,0.1848038803516227,0.342818495787194,5.086016065469907,1.045222012644452,0.3306760653881094,1.7851950734433677,0.2763864737140064,0.2494284923181806,0.5028118626355882,263.09267513,1.0960549329840734,0.065757191710671,16.220131785222954,0.1843699192973828,0.1138775817438421,0.4857162530982699,0.4627196997911552,228.903620769135,-0.1720718754598822,0.9405997084455722,-0.2916327554036351,0.3790961077079522,4.392881049429984,0.0544882513075211,2.0183486440366973,3.8718055432167344,2.0183486440366973,0.1085459552546552,46.58953366231327,0.7686914394126054,0.412966694923281,1.94680412092235,0.3305443300842247,0.2815125605600837,0.5753400872442497,166.58219492,0.8721521036333892,0.0760858421222925,12.90667249603863,0.2121140694847567,0.133625868038381,0.5172547530912128,1.314575514250787,168.34342523136058,0.8834967066768851,0.9474564667416426,0.0295762074983517,3.027522966055046,4.747004364231828,3.027522966055046,0.118635919009062,35.04260692315281,2051.519417475728,7.474647338151943,86,3.91507210858703,2.4805825242719948,1538.6723300970873,867010229,2051.532968152712,5.253658536585366,29445.037425685165,2.9041439734785697,10.165700340588156,27.441947789861025,4.0,3.068217669467507,422613,25.37746326577019,0.0749085140139299,0.1795394062559641,0,1,183,0.4368932038834951,1.4127117923761423,1.266958420391223,2.741647453520346,46.08737910165048,25.1801050935145,24.51456335194175,66.21211471483429,262.74504528203323,2.025329634215098,0.1480111834931404,0.6630604176247261,0.1173486611889129,849.494784849355,2.0307045800661707,0.0451726782190839,29.146093818029115,0.0814598011758013,0.0669874317566223,1.0280241367838263,0.8972961999724083,0.1965896430557803,0.5048061103691218,417.2179046483102,-0.2777110895306824,0.0969944723873835,0.4668225053589411,3.210299574180925,0.4856716349893198,0.1536150634400869,0.7070325679726333,0.119301869082367,53.42815451055789,0.5092739668903397,0.0449895739124153,7.30945651266617,0.0839637360229198,0.0674718094508747,0.2638978992465356,0.903256395765006,0.1885462281838149,0.542063554379414,100.04835680779988,-0.040350552512181,0.1010133015890831,0.4537345775379965,3.349742011902665,1.6011789345556124,0.1564243864147443,0.7491869561624704,0.1251875820928122,533.1535006520892,1.6087646781220828,0.0441173665000627,23.090116947561985,0.0862576478486514,0.0732273177917454,0.8025904217062918,0.8902475130626613,0.2016892832616486,-0.4239595289310784,329.8428605184562,-0.1969265097070827,0.0984667918844572,0.4846199795165947,3.2232877471688064,1.0338244678109514,0.3794644023897885,1.9057012227872965,0.3215372581590131,0.3280128262628835,0.4912635118002396,249.68997693000003,1.1009483487659562,0.0800029682609834,15.801581469270728,0.2121945339516701,0.1376615119811481,0.6063614720288235,0.5055341908388419,212.967840369056,-0.4663333640488285,0.9340484045930082,-0.1541358668340382,0.3754639853720971,4.050829211586824,0.0951002654791261,1.96116506815534,3.42429788250258,1.96116506815534,0.1678461803343665,34.716849637848505,1.1755169596813813,0.5047033858942858,3.444160821564694,0.3918944838499413,0.3478381647273371,0.903849042474464,336.87779432,1.2787998665314195,0.1481572129908693,18.35423096509358,0.2706416455835901,0.2845688607863788,0.6924881582085615,1.008045513143666,242.1564936943645,3.2133425498355392,0.840515484541222,0.0756253003524138,3.92233013631068,7.526580474310396,3.92233013631068,0.2502890173482202,76.41090080548723,2045.577981651376,16.800150085999352,215,7.35089638919283,3.422018348623851,1534.0619266055046,912258110,2045.646653104538,10.018433179723502,30203.61087684716,5.60495497399907,26.45437773568845,27.40708766134366,6.0,2.6423632435019218,445936,31.102487503905422,-0.2400237028635041,-0.0540164090897374,2,5,196,0.4266055045871559,1.8165096491990689,1.1645843298623304,5.466948934424158,40.86238952992704,33.04938172069133,37.25688457140406,107.45385758007043,330.0211829966218,1.4166063804045463,0.2384456535864836,1.8861941000837328,0.1749974674537954,449.8144764146256,1.4364432316890408,0.0620936445609337,21.208830151958537,0.1218827486136354,0.1261116212004772,0.7366943355738246,0.8598606342792162,0.2830535923254884,0.602388274237903,308.8201909281911,3.18593181598015,0.1426840040091833,0.6260749608990676,2.994699151603227,0.4966629187735575,0.230655493899989,1.123379202237366,0.1897914467652865,65.31976860483373,0.5473864869333357,0.0566392154945792,8.082064625133464,0.1265214089783785,0.1136034710559638,0.2535990779403997,0.8770506148133608,0.3015553876391146,0.7062076557998793,108.27251629263554,-0.203374912287976,0.1625557228972971,0.5907542809634049,3.394983150411369,1.9279140630386111,0.2751124138710414,1.3151909408692553,0.2110555402400634,826.6979186504373,1.9473552031890144,0.0494229626990933,28.75235501051065,0.1505441938074401,0.0652716260561204,0.9757857650079842,0.9715190497630206,0.3107150445191624,-0.2283339637604837,420.2852657424172,0.0500730509713744,0.1568263918282673,0.2610454236801965,4.084495801950826,0.9098521766324904,0.3591784648487651,1.829967976040613,0.2943466210676712,0.2574858602285269,0.4579379439142293,208.46214417,0.9778795261954784,0.0704524373053102,14.438218178501112,0.1989391819976368,0.131188767800567,0.5008904565971846,0.6901991231307318,198.3477745058829,0.0673332368197243,0.9328814679727048,-0.1758634579643341,0.4246467186772713,4.4804353831299695,0.0626530676771761,2.403669972348649,3.966617209664389,2.403669972348649,0.1321753551547957,38.46810035335607,1.2845020827937783,0.6690056071040718,2.985443636327348,0.58624493476655,0.5659041417569379,0.9789941408728566,456.81050596,1.447570736272933,0.1881536496264578,21.373125788241644,0.3764079220252994,0.3013092178923443,1.142514245764154,0.3792631921042476,280.02145404904365,-0.9917492401667616,0.8978362446070585,0.0545290818708252,2.403669972348649,6.986082948415814,4.807339944697298,0.4484000167317334,54.315629098502896,2055.985436893204,64.06212519455107,660,37.99288340088602,21.5,1542.2160194174758,871618991,2056.9784030187184,52.009756097560974,29523.194119200583,28.26341463414634,90.08505466041927,27.46216682422873,39.0,0.0710068783463094,423533,8.99022855293853,0.0106462910264403,-0.1210064068318643,17,34,200,0.4126213592233009,1.4514024920983075,1.1729028921826608,270.36264845408635,16.000001424000125,23.95890230315075,24.000002136000187,3531.6568982540307,148.5827471116488,1.730528439865483,0.5434125512402899,2.585676404782053,0.4331108428873106,677.4500344970759,1.813447655839904,0.2946500167065803,26.02787034117613,0.3002501881134563,0.4968828910287232,0.8688420504656539,0.5817051076678439,0.7479964293535575,-0.2513281263997401,356.4888586122895,-0.1092216047739675,0.375070915594601,0.9412515372022028,1.6073163113221818,2.471547331436588,0.5313094748127316,2.303022837300936,0.4227136873248886,1316.2299199707377,2.5277392331737683,0.2336767053340668,36.27988313061024,0.2774892321899192,0.3824172398120988,1.2038363001573316,0.7396573481874285,0.6282523101016579,-1.1380819185626256,509.1387502759372,0.6069135073930045,0.3536506975283797,0.7380814100837316,2.074275903002076,1.4659116904211735,0.3653665777072104,2.695501376139312,0.2453619536127375,470.03881022899645,1.51054354363856,0.212904219711407,21.680378461387534,0.1827060123303076,0.3490290775569626,0.7302485026146284,0.5437121966369253,0.2561948042311261,1.0516158915905924,301.97780822676174,3.183997148294885,0.1471996066891001,0.9845674242728316,1.538749431852402,1.3981718083299413,0.6896610052900498,2.9837386549588265,0.5641920937331428,0.4582468502964195,0.6412369586818794,500.21080951,1.5582707765838837,0.3192737852134549,22.36539312218768,0.3820704668628727,0.5293330154336405,0.9525583552020184,0.5782940806960016,288.0233925159679,-0.2361158695716403,0.7050302937151068,0.0715205639512695,0.7929218524235264,2.0249813683697475,0.1565999477259581,2.000000178000016,9.2019442144736,3.0000002670000234,0.4369048922827168,142.96873465383072,2.825071393196943,1.6449490789629222,6.566907884034432,1.4407368525116913,1.6017622641247162,2.101853221149041,2198.7926274300003,3.267070647934053,0.5189814002902505,46.891285197038485,0.92941125258747,0.8686197197397213,3.2951982056587186,-0.0167342326511839,581.9647069985703,-1.1670726846350303,0.8598536991619838,1.126275417672817,1.0000000890000078,4.369142593252629,1.0000000890000078,2.3551333415842857,68.21282872118198,2124.308823529412,110.35436749048428,635,86.12644175317185,76.5,1599.5392156862745,923060499,2127.1592247989006,85.1576354679803,30381.91072003208,59.94716507292572,107.23412533082916,27.844320498504416,151.0,-0.14090919699753,433359,0.2968712661596244,0.5239038627982922,0.2122409094017384,22,79,203,0.4362745098039216,0.9936860551258782,1.702247163884937,2182.532224068027,1.9803921766666668,14.11106973089754,5.94117653,10806.65084025475,234.0351132741872,1.225486977043766,0.4629598398509075,2.387202353652903,0.3589953141238255,349.880297607289,1.309618073361446,0.2377274008714111,18.70508747927389,0.2541570065273278,0.4050628027846676,0.5864765584797766,0.6164779514472581,0.5832982602441155,0.0677066960250204,249.99934331692828,-0.0256885502168033,0.259577217491837,0.8954338175557383,1.6619892952198434,2.490837235239917,0.4964783477769883,2.233395930960687,0.3936573508641833,1315.708729233065,2.5395969353973733,0.2297987407186597,36.272699502974206,0.2569086777632307,0.3981030983070726,1.241013791875088,0.6784305801384888,0.5953215462178751,-1.2313300090024606,508.1307959889431,1.0229049324078132,0.3284805458924553,0.8183231547983897,1.9543200760042072,1.449890394005888,0.3328288891452657,2.3321364617657787,0.2052230577834635,451.33249864291525,1.4874186394670126,0.1898250035356615,21.244587514068503,0.159052295029677,0.3243114323688011,0.7336504167944812,0.5250719727980128,0.1981500405969751,0.5529748097030235,295.7776403772012,3.888290477787444,0.0960287217149193,0.9976168832409844,1.4658704222219945,1.339905786385949,0.6086698173341901,2.674873227298072,0.4968062994919611,0.4014235149924761,0.6610590417396536,441.45811949,1.4710575752351989,0.2691082967960501,21.01090477561592,0.3335851980663661,0.4494226045832893,0.812144744636474,0.7039676739183038,273.3407804227336,-0.174752708193123,0.7267701685162233,0.151613735014973,0.7549836319217239,2.1101897404005374,0.1123453744109302,1.9803921766666668,8.954553652577838,2.970588265,0.3042345737680932,145.34162919049993,2.692434976646216,1.6370614511646748,6.527238122055908,1.4326574379068242,1.4886192022403024,2.0650527390333377,2022.87199467,3.1489743075418737,0.3690058859544431,44.97634928126114,0.925687928307626,0.624965379138513,2.882398271099772,0.2926756694455603,549.256735235828,-1.0298920206625364,0.9268267797453428,1.3255667196140877,0.9901960883333334,3.070122421303383,0.9901960883333334,2.3767193692976334,41.22764345327519
46,2.85169024244932,0.3657909588977925,2.9541636765912123,0.1547854015147979,1810.1071148981407,2.874948572022173,0.0928541046872986,42.54535362290624,0.103470698880658,0.3716859811580032,1.4634191095798106,0.4804137661549508,0.1944641285470036,-5.924077590751404,624.5201630964009,38.74248116741468,0.1012929189561839,1.1147446534391765,1.5798719063276336,1.5988155508250192,0.1662894837808187,1.149893045566721,0.1259428005064917,565.8384232043279,1.6074007254748908,0.0538130264664508,23.78735847470937,0.0887142538432335,0.0934780323059356,0.8054822062258283,0.8353819742308873,0.1908691877732431,0.5316872618208569,350.1406056306792,1.598557120861484,0.0980516440455818,0.6173090046741635,2.44942923922387,1.6230095194506566,0.2138563069694834,0.9200497547690129,0.1847053336471202,586.8511435164884,1.636974522353137,0.0438246059398007,24.22501070209234,0.1205016879030671,0.0697011475265191,0.8241515266043573,0.9461341898780548,0.3735056680919861,-0.0668989140425857,355.4390847596938,-1.018872373722305,0.1887844595546486,0.3584762310284934,4.751217899877374,1.0453490091376367,0.3157885845717918,1.577761325429798,0.2576217070972952,0.2282680339583097,0.5030869697593507,261.05273642000003,1.091797429694989,0.066215753444641,16.15712649019002,0.170631966623464,0.1180007250331,0.4219272417767226,1.0147972489587818,228.93143300114244,0.8228928211432653,0.9301108181861248,-0.2874338921862434,0.4107367972323336,3.92402230113231,0.0427371479215683,2.0183486440366973,3.291302676773612,2.0183486440366973,0.0838317115659345,18.635190795813777,0.6806397405786123,0.3597683463159069,1.94680412092235,0.2815993467734953,0.238358076929756,0.4926047845188288,129.6726813,0.7694885964067304,0.0727963223834926,11.387391329887633,0.1830000318759695,0.1344755924406796,0.4183067417294343,1.4992821197702353,149.0601031867161,2.0362905587665683,0.929759789588792,0.019220704226181,2.0183486440366973,3.7980725366263095,3.027522966055046,0.0673691671662982,21.392716664815666,2051.618357487923,11.269180034424902,101,5.390977619080975,2.3816425120771783,1541.231884057971,871317703,2051.649157556058,6.160194174757281,29518.091113755985,4.24391445054172,12.832187987388952,27.442423406161296,4.0,2.569986638531085,424685,15.367727409765251,0.3516093571680929,0.0449274432606863,0,1,185,0.429951690821256,1.181248378561354,1.351694711084514,7.874248673825971,16.155340839767057,20.08770716242406,17.165049642252498,120.98794714992042,159.37060621458144,2.0075526182105503,0.1339345962752919,0.6335900237290661,0.1055418983434544,837.9607016533566,2.011993869687164,0.0457868506495709,28.94755087487293,0.0739242388465522,0.0684417997810115,1.0028726194146993,0.8661225890416899,0.1432275391675859,0.4351007825257084,415.5633919695839,-0.1626204982160617,0.0853526852856381,0.5293584376144882,2.768690769011362,0.4690092797213629,0.140343787095867,0.6860236602227932,0.1085305501664176,49.59118281094407,0.4894598364052316,0.0471168001271949,7.042100738483089,0.076844091985724,0.0726479504902017,0.2239365030287202,0.8625788833722831,0.1676823553722188,0.4837894125454057,97.08492090232212,0.160612367168162,0.0908309420255344,0.5363559997070114,2.815986612022229,1.5965669200390185,0.1591507344651803,0.9171216285292672,0.1282990192247524,532.8661325375617,1.6044414991940488,0.0465901813386762,23.083893357437816,0.087157982902941,0.0882012286639828,0.8000656214354595,0.8452571001137115,0.2178410068370504,-0.4473850260819959,330.48935244807683,-0.0365196044392188,0.1099236476092992,0.5748513331354927,2.595042174184185,1.0302161434748285,0.3625785749379914,1.8763869522181351,0.3076099807020511,0.3067410575181659,0.5087835272479398,246.77990151,1.0918669503407348,0.0752241553709322,15.70922981912226,0.2013015748142268,0.1280380655981343,0.6143831529046926,0.6210693429248454,213.25474169928947,-0.279088728127721,0.9370533590247768,-0.1199017816085927,0.3673814067769467,3.973588282852718,0.0651716394340332,2.019417604970882,3.721842798517442,2.019417604970882,0.1130286420519047,39.23629829027541,1.219326826750368,0.635048490084773,4.564030230958622,0.4593654208703407,0.3650305697987817,0.8908702043041917,390.83592392,1.3740801471607311,0.1903403195355563,19.76957065593484,0.3199386432037021,0.4325519605961736,0.7405072417156919,1.854335759119841,252.40065313732617,6.340719345543456,0.7666215323387017,0.0596689539727446,4.038835209941764,9.423281983170057,5.048544012427206,0.3537100186843997,130.52059439502094,2045.2682926829268,15.327510174493788,215,7.533135038667456,3.2682926829268126,1531.5146341463417,857588016,2045.325444913292,9.838235294117649,29284.60373643461,5.603060736489717,23.23631792234379,27.40535083341621,7.0,2.3491663721777774,419280,29.779191401642542,-0.1492730108101732,-0.0830889929964451,2,5,187,0.3609756097560975,1.5810909558774398,1.1610375118097889,7.9689605157993855,36.27450980392157,28.97562309945145,30.392156862745097,203.45664538298183,181.3818870595737,1.3981284095671171,0.2020015018544438,1.2956531057193077,0.1605772315980684,409.0505649532246,1.4125751695141484,0.0601253201911687,20.22499851553084,0.1096639373507496,0.1131137425682533,0.6991531155082011,0.841872795332609,0.2979405290235823,-0.2536896480691124,286.616323961259,0.5905294857080934,0.1482548386319144,0.5798181201001313,2.6914083143353578,0.4682012782030175,0.2360604009437462,1.0198517775998384,0.1912927771099235,56.306350197061896,0.5240850340474311,0.0525639585548951,7.503755739432214,0.1292743665747986,0.09843055553246,0.2382798343198063,0.9129242759434378,0.3071597903184611,0.7015218567730617,95.98126203161858,-0.091264141824344,0.1566151912077926,0.4336857075629663,3.7870634851048974,1.906621975771284,0.2753678947727719,1.3151909408692553,0.2127715042678777,760.6863138954723,1.9263086320295544,0.0473741676134472,27.580542306043807,0.1512552711451001,0.0648506177097125,0.952605665141578,0.9722184067766344,0.3118333564262037,-0.1603644626110429,390.8575050331131,-0.0053128789831329,0.1674927314572112,0.2425900563978137,4.575034113623116,0.928046021696553,0.3550133467575703,1.515871770646095,0.2927979569729947,0.2683441696707952,0.4302776352227464,202.27126395,0.9933222500472968,0.0708577268041705,14.222210234348246,0.1960705560047899,0.1173884312844084,0.5065931401593105,0.7650050620577212,190.24943444779336,-0.139637840119787,0.9451400056446556,-0.2353163428648191,0.3389219787916847,4.415788721758738,0.0645806469881352,1.96078431372549,3.222198285126648,1.96078431372549,0.1165024202424582,30.68297051895646,1.288273461722237,0.6138067125011987,2.997650436377317,0.5285257539188013,0.5108831800747237,0.9387486556277238,417.08671578,1.4263833093766531,0.1855528341013041,20.422700991298875,0.3452013547308714,0.308496121917047,1.035545094744394,0.3542890502784248,264.09605965305855,-0.7808435443910318,0.8728042899979717,0.0922872079544384,0.9803921568627452,4.859802778604952,2.941176470588235,0.372418729523068,56.93038111075219,2054.6038647343,59.021532886012245,559,37.403253284790765,22.39613526570065,1543.1884057971015,874546797,2055.447336621201,50.432038834951456,29572.737394431377,27.876084611415973,82.750795614044,27.45508726421715,40.0,0.6851523283796401,425303,5.7772879700898345,0.0169921822587528,-0.1074446966494444,17,35,201,0.429951690821256,1.4550187582844112,1.1804616869591544,140.38224931656256,18.63106814747573,25.982378832344924,25.49514588601942,3509.4890782718594,157.43901465130386,1.7578832618609157,0.5669870041192434,2.66696716301848,0.4471168307633539,705.8854855475333,1.84663878693381,0.2898035931928426,26.56850551964738,0.3124480590010952,0.4866662256090232,0.8857925471035222,0.631072279533023,0.7096188336481593,-0.0599019705353308,363.8818352052096,-0.0902439359927727,0.3526590351032608,0.8870964258952367,1.7105642962875052,2.462319609460196,0.5409003264049954,2.303022837300936,0.4362366376400242,1315.3147684400035,2.520749417398332,0.2331121100032099,36.26726855499327,0.2862547605916947,0.3803503329588058,1.2840977919427008,0.7526979518023137,0.7683877289266108,-1.040799548299159,509.7001591582605,0.42004351489286,0.4048343657834801,0.726374680830047,2.2051461512054327,1.480270709174365,0.3651531027643419,2.540460776518922,0.2454263560018996,481.04606251742825,1.5244323605274603,0.2024494899877836,21.932762309326847,0.1819509563494959,0.3326561956586588,0.733407689523676,0.5838518631836515,0.262576510723445,1.088631953468395,306.41603679909355,2.950074510162664,0.1486066843927698,0.9445436572191052,1.6277462267155802,1.4018600515620627,0.7027319166912221,3.034253563440392,0.5779022176595514,0.459503372803961,0.6604501550061476,508.52822429,1.56737298954572,0.3016434489741533,22.550570376156788,0.3886282887466666,0.5123907947060939,0.980898827249191,0.5601561639694295,290.185030673347,-0.2897936197636777,0.7324353828446867,0.056941800235713,0.7561427797178973,2.116988755082126,0.1511070683650621,1.96116506815534,7.732326483503761,1.96116506815534,0.3876883422297804,112.3809811901414,2.672600474264859,1.6555115645099083,6.899312750289883,1.4396501633399357,1.640799810376722,1.991487568802155,2043.1462313600005,3.141698847611293,0.5330118915473413,45.201175110388455,0.9338443792909744,0.9149368619281956,3.2774243379597348,0.225828965626732,553.2282981728258,-0.971496900655394,0.8463012559715919,1.3422334121650634,0.98058253407767,3.661288371295581,0.98058253407767,2.4652987662865025,69.06737268288664,2126.082926829268,117.14691610185896,626,92.64590124925635,81.08292682926822,1594.9048780487806,929446439,2129.2921519351644,84.94607843137256,30486.82402284633,64.42391200382592,107.44896189244784,27.852449101099264,161.0,-0.0145658835525893,435847,-0.1179950024407285,0.5792924757157624,0.1944551390895259,20,80,203,0.4390243902439024,0.942891482096702,1.798964755115431,3405.350561337608,2.000000116000007,10.4424814400388,4.000000232000014,15827.374179963375,172.77498283769535,1.2053626618127606,0.4708354349862659,2.387202353652903,0.3638035081600901,343.0682704260265,1.2936397327601448,0.2346845160770804,18.522102214004395,0.2586801340504447,0.4017813086069114,0.6157248261005823,0.6354950904112857,0.5925299644594837,0.0399310488060766,247.099345671616,0.008906162423746,0.2683636891350875,0.8763525795025576,1.7002017985155506,2.469578541963056,0.4892350340476668,2.198297856931152,0.3870010001263991,1299.0853132415791,2.51734016930722,0.2219046205227668,36.04282609953858,0.2564499827044028,0.3876664025607493,1.2449172537960975,0.6845734640108831,0.5971704766258426,-1.133126510016059,506.2636011024264,0.7778726916492125,0.3257227682031174,0.8129178332828941,2.005970709057926,1.469375228744292,0.3502299705374814,2.3321364617657787,0.2314065875818277,467.6308809652927,1.5103397791924782,0.20951567462846,21.624774703226223,0.1748122718585006,0.3482949171589519,0.7199751874303651,0.5052421883082041,0.2894145903037595,0.5125447402725004,301.22192189257987,2.663901109671744,0.144151416699132,1.0213577008589374,1.443696049470631,1.362624036420934,0.6197733939158728,2.674873227298072,0.5057361279952873,0.3786026288929187,0.6081454240242617,458.99286245,1.4963253566410044,0.2825098850447222,21.42411870882908,0.3401240141462669,0.4622594456595881,0.8527306886885051,0.6647064250204053,279.33792746629143,-0.3389738683389387,0.7213992033144278,0.1896475302117197,0.7656362286220532,2.0942349051576827,0.1417265399997158,2.000000116000007,8.597643588290335,3.0000001740000104,0.399714882786267,140.77523001061633,2.8388972798971004,1.651793435237528,6.5976794533015495,1.4626602683094927,1.6064215113726237,2.068471781028874,2208.76223874,3.282445726142806,0.402101001874222,46.99747055682891,0.9353266529514374,0.6701550909463884,3.17157642556136,0.1520305436397156,581.9739423789056,-1.21495196523817,0.9173475548368782,1.2711026893865411,1.0000000580000037,3.757679323971072,1.0000000580000037,2.590449359492524,53.15344262404247
47,2.912179594652622,0.2178757316255271,2.9544385095818484,0.1107222658053242,1867.641432046969,2.9202813338285782,0.0599109040780054,43.21621723435508,0.064670245601618,0.2755655726115961,1.440833075236004,0.1995475718954567,0.1890113292010005,-9.237131840180515,637.7673312289241,116.02349760848163,0.0941926524692164,1.3819356990902776,1.3614533804167268,1.59650281324697,0.147832344185964,0.6235004559986836,0.1227958697512195,562.9561095957811,1.6033015445957477,0.0459011648015052,23.7266961373846,0.0831591707659592,0.074877980497913,0.8011209775130304,0.8716801674178962,0.2322949173728257,0.1275378519419984,349.6341161010864,-0.8316693613992752,0.1103260811234183,0.5552055117461568,2.6897234572087045,1.601851139802314,0.1889740057155839,0.6869964431970199,0.1582389229239432,569.7230653391182,1.6129089199942093,0.0323894317344546,23.868872309749328,0.106742894361287,0.0464303708440771,0.8127673447998974,0.969542380970931,0.2844058241076372,0.3374556793810868,350.8053996167068,-0.9644626642912576,0.1432630063924667,0.269482987363615,5.679296674698329,1.0385467773769854,0.2890589503126329,1.430298010958449,0.239663875642977,0.2156958865441556,0.500262417449092,254.42389726,1.0778464433884425,0.0504185353889477,15.950670746398098,0.1574013304485036,0.0808818389694182,0.4110153933661762,0.8978199266351118,227.4417442455598,0.4746087304730024,0.9606925834752,-0.0642819317128964,0.3064994816336077,3.831316203889923,0.0397093510478851,2.0183486440366973,3.2673942416421937,2.0183486440366973,0.0846371079511012,15.860071588609651,0.5984344441282509,0.2566071565760652,1.075274914742709,0.202115165136574,0.1719704362682674,0.4496444936281098,92.78380543,0.6508996423637239,0.0527400961557175,9.632435072711363,0.1359309138163983,0.0879064752553847,0.3112734596345339,1.0909624541004748,131.05714326408693,0.2799513876332686,0.9410418366878104,0.0152406032706176,2.0183486440366973,3.7282005587705296,3.027522966055046,0.0581729704096217,21.42695886233336,2051.742718446602,11.082696703985729,101,5.050334621547737,2.257281553398116,1538.742718446602,867212705,2051.7725050846548,5.780487804878049,29448.47542743088,3.997726734548898,12.656628457153944,27.44315171724816,4.0,2.6991565551999943,422659,16.54152863093354,0.3473720192067949,0.0484472062754317,0,1,184,0.4563106796116505,1.1840213101304329,1.3481299855806024,11.958823297798771,16.155340839767057,17.373633309509902,16.155340839767057,139.90420337349167,83.0596670479826,2.001162325758664,0.1277822744074892,0.6277342487442916,0.1066032138856956,828.3053382101941,2.0052181178239654,0.0424846261421225,28.780294268999302,0.0716374348583295,0.0664395526993964,0.9970209040801892,0.8646551119559537,0.1992852982353898,0.2436646245743604,412.2394391062848,-0.6527541648412369,0.1022956212251063,0.5376098735830289,2.7484186725773583,0.4557378980915211,0.1308227631893134,0.6741233009972516,0.1085216398890548,46.29408059245668,0.4740554256258688,0.0438858599563523,6.803975352134712,0.0732019855639062,0.0705295696314173,0.2277731649244641,0.8545719040620249,0.1983592300922312,0.1927649290393823,93.88200700685334,-0.4502355381187555,0.1038321669052274,0.5576578338743409,2.742706914024474,1.5820586630954483,0.1410708266177902,0.9171216285292672,0.1124751408107288,519.6790808910622,1.5883053815019543,0.0409364825635577,22.79647079903076,0.0765619611730998,0.0855762129449768,0.7943586279526256,0.8146244229002434,0.1828620970790717,-0.456745691351227,325.9040845976624,0.4506668617618352,0.0964499565698638,0.6285941097984761,2.415186637429401,1.0442362176239222,0.3340140663118907,1.8012141842671467,0.2828519154144456,0.2838684506542283,0.4997394032898421,247.49933759,1.0961081584848675,0.0702797399789722,15.732111669766397,0.1859321146045525,0.1227751159710748,0.570634278151449,0.5958079683695886,215.112660830528,-0.1009140879504242,0.9320320144620368,-0.0904405536933601,0.3819809389998111,3.842430483824869,0.0612525940359429,2.019417604970882,2.8884648876601284,2.019417604970882,0.1049280245891651,18.3251247356636,1.1551026186277873,0.6485364081040423,4.564030230958622,0.4508371743409981,0.3399645459203111,0.8723560123198029,361.08087616,1.323941005930576,0.1905887832547727,19.00212820080951,0.321802096408803,0.4328354519045955,0.6167761340923197,1.9961513555876675,237.9511394373242,6.506721490609092,0.7759138474458465,0.0618443749138113,5.048544012427206,9.532493484447372,5.048544012427206,0.3957921189905307,140.87790498756283,2045.252427184466,18.63865296430889,233,8.33075690451506,3.2524271844661143,1534.021844660194,861781060,2045.336941406842,10.873170731707315,29356.10771202477,6.342931565237982,27.10692468454617,27.40509633300217,5.75,0.3796757015046046,421322,21.65008887838387,-0.0575634803119799,-0.1832885362245839,5,6,184,0.3640776699029126,1.506751115182046,1.194016706532766,12.238485505987173,35.92233009708738,29.95199618368259,32.03883495145631,270.8627432226763,168.68319028410184,1.395375014835286,0.1949891905528216,1.2154986108842585,0.1545049531835193,408.8909758061256,1.4088675060289733,0.0581802265446899,20.221052786789453,0.1053149190540626,0.1068535326661389,0.7027641445539542,0.8493897809919555,0.2585616075139429,-0.4304696579520755,287.4472530560689,0.8429833956435839,0.1274653568511026,0.5703319485261095,2.7310641798970625,0.4438718774580978,0.2089725072127987,0.9702187739774568,0.1710262033818356,49.53883147923905,0.4903873616462046,0.0524314312475063,7.03838273179564,0.1172278933670255,0.0987446897346705,0.2282564150835997,0.8864442005585997,0.3067359329337475,0.271908326574597,91.43760675636815,-0.4716318356116926,0.1521653520662527,0.4920795025354682,3.31460446980438,1.8955638270648287,0.2373685407606049,1.142691278924179,0.1915993767685992,751.7419017794705,1.9102964515776213,0.0476034928839528,27.4179120609041,0.131302851227226,0.065285032628713,0.9522992834366352,0.961616138375406,0.3495642344030663,-0.3617938682682021,390.4861483753549,-0.1475198221485656,0.1763508081691114,0.2838861827392059,4.269183352922617,0.923664552355134,0.3453122677488043,1.515871770646095,0.2840842908416079,0.2603888936120336,0.4426346907468925,200.19449355,0.9858082622165272,0.0737328187299414,14.149010338182668,0.1904205267729782,0.1191531287260069,0.5049550160948096,0.7704626893752817,190.27489778515763,-0.1932161447301963,0.9401800356252056,-0.1891938089523327,0.3540505739611972,4.376306450088736,0.0701705510939636,1.941747572815534,2.9181222945763663,1.941747572815534,0.1194052205673598,23.829300757623106,1.375304625118206,0.6959087870721421,3.275404017731016,0.5732616542913629,0.5153426855536016,0.9864314330912834,488.92059243,1.540584607909028,0.1776384390656165,22.111548847378376,0.3860694754693704,0.303390414370787,1.0355718101189333,0.6786689847179127,283.31275277435043,-0.0860431808403898,0.9048736955568882,0.0870867471238943,0.970873786407767,4.759972868264849,2.912621359223301,0.3582274241346441,61.36688857942561,2053.227053140097,57.38738776319731,559,36.664659618660906,21.22705314009681,1542.108695652174,873336878,2054.025008197202,48.24757281553398,29552.27365195443,26.946273626940577,80.2351217191172,27.44735293022352,42.5,0.6928552887409231,425018,6.464920472552762,0.0224001162088667,-0.125996609245201,16,35,202,0.4251207729468599,1.4531860913167391,1.1851630414798122,166.5046049733187,18.63106814747573,26.0233575032452,25.49514588601942,2867.9576761805088,142.49713293150185,1.767174112936456,0.5657181361133372,2.66696716301848,0.4549790314941002,712.3688234672543,1.8550998039055755,0.2866274359209836,26.690238355384807,0.3144715409575798,0.4805413038664298,0.936123344794687,0.6391749970931639,0.8170243263702943,-0.02709535215853,365.8050413778464,-0.3217046430702739,0.4118082877094404,0.8784809992095378,1.716226797285676,2.451371910237704,0.516571650074294,2.3055755862070955,0.4176935112111652,1298.8797497066662,2.50495137668361,0.2356362568683759,36.03997432999455,0.2731683849576752,0.38119547126196,1.2187443157237694,0.7264641884806315,0.7338573773632109,-1.0676337299560117,507.4339854192047,0.7496061342648042,0.3735362113206184,0.7623407445734524,2.185519368810312,1.4913372878143265,0.3720068416952625,2.099576844538252,0.263169132504417,488.89414214248126,1.5368173118375774,0.2134872471040659,22.110950729050103,0.1915944248883707,0.3407477432990337,0.7358439903785644,0.5804026126233172,0.3401995043321311,1.1559254982523497,308.7068185775656,1.992996735793426,0.1746827073826131,0.9486761498061907,1.6283824526087805,1.4189563358995014,0.7349543478980236,3.1676617193375587,0.6059260024128788,0.4913594945939695,0.6306378809577851,528.05400228,1.597180490195416,0.3094661242965196,22.979425629897715,0.4085616431928006,0.4960487544729025,0.996836238864106,0.5285237356252946,293.7239615311968,-0.4170011439008108,0.7716835720740072,-0.0212596205713629,0.7010417933737674,2.220648952660894,0.2118989500236144,1.96116506815534,7.046579776666724,1.96116506815534,0.5696821560028424,97.39209125239825,2.8561703193478323,1.6333420391223186,6.899312750289883,1.429829581477491,1.5790101065198687,2.07803658188052,2238.21382153,3.2882559445927804,0.5260290480660877,47.3097645473955,0.921588409972826,0.8959803537341077,3.1654293226164003,0.0066564124700224,591.2272561050013,-1.105887652262078,0.8484243589143585,1.0568498404858442,0.98058253407767,5.004278894769633,0.98058253407767,2.3103206233917675,90.40156278406356,2115.7756097560978,115.1181336554652,635,89.38008328375965,76.22439024390223,1585.8536585365853,920387264,2118.8897967406674,88.55392156862744,30337.88496253488,62.87264466762315,112.11310378013664,27.794098402199108,148.0,-0.1337283512957745,433734,0.2302318434709218,0.5216858447566736,0.1324534290987726,23,90,203,0.4975609756097561,1.0008016758413525,1.7279533187360898,2149.026574146485,2.000000116000007,13.29573493040539,6.000000348000021,12899.949556042176,224.69597275217723,1.227465046144281,0.4703991663637839,2.8409501090663047,0.3620010213221818,354.0076167447379,1.3141028967113126,0.2344919092553702,18.815090133845704,0.2569812659516733,0.4179089852909406,0.5896409665570026,0.603440944539168,0.6169627391601018,0.1297939112099464,251.63033445957765,0.44163594713971,0.2766801633342226,0.912061176168837,1.6540459850038605,2.4993542428139413,0.4963760637182436,2.3556640621143496,0.3941648355544146,1330.851580482784,2.547932285046899,0.217613173189781,36.48083853864634,0.2581726290944947,0.3915263359041517,1.2440536306352183,0.6880171790864065,0.6105266643994369,-1.186306195391395,512.367619776858,0.987672283023764,0.3330508574437005,0.8091509406788641,1.981344690097043,1.4715927900669024,0.3313715938837735,2.172789370985207,0.2243097304756837,466.3456498338092,1.5082628512489478,0.2080584646306491,21.595037620569435,0.1684961302178455,0.3428220023398605,0.7364395202538442,0.459459301614594,0.2795745947970474,0.0428506091774891,301.676521963715,2.094512442364158,0.1431070950745647,1.0626616735156331,1.4307704384631377,1.3737713255523636,0.6043831921944963,2.7138983166279416,0.4894220588186938,0.3652835318731342,0.6622834500362922,461.40269403,1.5002482624308648,0.2733702158391701,21.48028617197639,0.3280040664696275,0.4477485268938186,0.7915133487425601,0.7004705790566509,281.62312173823454,-0.2051215048561809,0.7192608317397792,0.0916430651260052,0.7603950605177522,2.130318206487384,0.0965247395210881,2.000000116000007,7.001159207884653,2.000000116000007,0.279906298611193,106.67984711844072,2.6431173718553698,1.6107157563506187,6.5976794533015495,1.4287928588134386,1.4106416033308928,2.025290046264776,1961.4029060300004,3.093189139675245,0.4225186810706113,44.28772861673988,0.9064468461746098,0.7280201474437363,2.762016284725844,0.3666546957465441,541.8390612303508,-1.022740748457597,0.8958667975579778,1.2236672700816438,1.0000000580000037,2.654829112144338,1.0000000580000037,2.2188267859915736,32.70234850712007
48,2.9074099344038653,0.2159612261358455,2.9577938576555245,0.1073074835279986,1861.3814801011067,2.915383133182852,0.0632522869601764,43.14373048429061,0.0628651807041308,0.2765469075316595,1.4522092172869498,0.1787267291490061,0.1849180604033646,-9.419564346745354,636.7227756344465,119.43776301966916,0.0929558953935756,1.3992382797043426,1.3446752908639408,1.5870003038845997,0.1404291461037821,0.6235004559986836,0.1151588465977096,555.865857458474,1.5931730170849183,0.0531690611461403,23.57680761804859,0.0787851826628309,0.0831570167898835,0.7960447960045399,0.8223161481443013,0.2077542423684448,0.1632988782083979,347.5530665507273,-0.6919101235894081,0.1033910180219892,0.6497986004089149,2.332035026728418,1.6289867814732577,0.1931145804406584,0.7253685388010178,0.1627443132994922,589.2678741699701,1.6403416981290415,0.0338395531477919,24.274840353130443,0.1095176427065023,0.0493763153546998,0.813226076172423,0.9670015710092382,0.3307886021868187,0.0843294888325473,356.74810514264345,-1.118939692255045,0.1720320794640542,0.2806122393331575,5.511066232058393,1.0384444885303834,0.3019042801155147,1.430298010958449,0.247162974692348,0.2056918301737739,0.5209480749803324,256.03223368000005,1.08124787049174,0.0521372823688867,16.001007270793924,0.1637770714394285,0.0841451615523185,0.4070075149333982,0.9454539131749298,227.419342988154,0.3370767480450416,0.9610268906091388,-0.0533474581941058,0.3054699433449393,3.776280530458043,0.0414818525912924,2.0000002020000203,3.025568267500346,2.0000002020000203,0.0849051151922538,13.080827084257908,0.5790767636841153,0.280056908172395,1.174423163334645,0.2272247009809477,0.2123411504693635,0.4374606405920031,90.53539576999998,0.6429647219350125,0.0590816749198518,9.515008973721464,0.1501164883285194,0.0975862117685351,0.4176040287862719,0.930839351254167,126.81781124682126,-0.1553337501720952,0.939074792426663,0.0222940386671676,3.0000003030000304,3.7519337841975977,3.0000003030000304,0.0735592793953341,21.932611033964303,2051.673170731707,15.380007145614057,153,6.706674598453278,2.67317073170716,1536.2536585365854,862967629,2051.73053548557,7.196078431372549,29376.31067714256,5.366571018651363,17.624904394122563,27.44258961732662,4.0,2.3563083893365726,420593,14.458034416117796,0.3433301512295553,-0.0736522464036575,1,2,184,0.424390243902439,1.1749214735856612,1.2647057317286017,11.314629758183203,14.13725616017658,19.409445981135352,17.166668194500133,164.5579057709692,109.38347517102068,1.986342900904567,0.1452129752893969,1.4003315851497768,0.1087275650982351,813.1411234659136,1.9916179517385817,0.0594079117038671,28.51562945940197,0.0738598416477811,0.1226988854185309,0.9926545203706916,0.6415754391743527,0.1708380246663488,-0.1034415884459417,407.2002946854362,4.580537806477835,0.0939369869424289,0.8657108549939807,1.7350065798152925,0.4521503783844967,0.1624840194237754,1.4700937117003017,0.1154256011937373,47.296008297908514,0.4803251352985326,0.062594154884461,6.877209339398395,0.0810220535950163,0.1450532063660861,0.2158135796818578,0.600570666331056,0.1884558084922696,2.295915308911044,92.69082756882182,13.266037239591055,0.0951717678397798,0.9142427231991724,1.9038483682025065,1.5725538001324484,0.1673379255065293,1.554444632746497,0.1232546302121609,512.662122321573,1.5813888960635327,0.0520531822922229,22.642043245289788,0.0813799412317806,0.1510965763670398,0.7797200411969037,0.5921844173181035,0.2176280999597915,-1.9497194914889289,322.3735290271519,12.039199330859708,0.1097165560880444,0.9248970745559676,1.7945511248209345,1.048108831286469,0.3265816952169533,1.3232962817063445,0.2882695772787684,0.2844866849899441,0.5356613702463393,246.9568282,1.097573439289666,0.0637276678643933,15.714860107554252,0.1850209565870297,0.1014253483419218,0.5788325534939277,0.2119656430685857,214.86231041372616,-1.1377001695128215,0.95158782106786,-0.2281838781199658,0.3186299245623128,4.9243029792237625,0.0586449062075411,2.0196080228823687,2.690852672396957,2.0196080228823687,0.1050968773810746,23.47693839087708,1.3142575215156544,0.724202707423296,4.564030230958622,0.554050073654673,0.4605287004020646,0.9520755010179798,461.08272127,1.4997279773996088,0.2016017105111228,21.472836823996964,0.3806668932407177,0.4824188567947654,0.8575302378055341,1.3456518117762295,269.4227919107092,2.7363598413085755,0.7773752690779164,0.0974377546302073,1.0098040114411844,8.111123548329443,4.0392160457647375,0.4226152398643107,121.12805450505957,2045.3543689320388,18.67633575958326,233,8.259967951739087,3.354368932038824,1533.9150485436894,861867251,2045.4392209978075,10.78048780487805,29357.57570031967,6.323372010419133,27.086131812892106,27.4056876008406,5.0,0.3744851694463978,421343,21.46897342769193,-0.0517375168870614,-0.1725066510257829,5,6,182,0.3592233009708738,1.5028832735228714,1.1978137729339122,9.385584527476205,37.718448676456426,27.77275371154448,28.543690890291348,182.30591126678843,195.97766547064725,1.372491295344234,0.1961316237063451,1.2154986108842585,0.1522043658989039,395.9347261265386,1.3863669188292016,0.0615496782272218,19.89810860676307,0.1057907720873702,0.109186653983534,0.7125240092353016,0.8434543980967248,0.2592660936488231,-0.3528424185630285,282.7332068409122,0.7631044035673114,0.1239440024221902,0.5793089974879033,2.643186280352501,0.4681438040417786,0.2389410099612965,1.0105087270389508,0.1951949437281566,56.85070125958921,0.5253325403581725,0.0547970540130228,7.539940401593982,0.1340309294283808,0.1010440470665012,0.1906883246823429,0.910500926008922,0.3316329743532581,0.3580215070840939,96.4376236326064,-0.4528680078580178,0.1673942806407616,0.4401811696531407,3.6498351501873065,1.9119144038543048,0.2589503975927608,1.3076363434622769,0.209033868204901,766.7621758838625,1.929286522233833,0.0476445781132747,27.69047084980432,0.1436875671353625,0.065085785547189,0.9163649830816788,0.9683452853997288,0.3688551682315624,-0.1196873840827847,393.8543671939867,-0.2154848729800171,0.1942500824864943,0.2599640324860031,4.714359905203059,0.923796703023274,0.3534135001325361,1.5550122007033402,0.2946969523207405,0.2741178325194712,0.4701246568823081,201.40519772,0.9887846755300704,0.0715502881380663,14.191729905828955,0.1964004032080924,0.1137095592760515,0.5255270232639841,0.6699423070978185,190.30212082279445,-0.4126231298644369,0.948140783034045,-0.0641638760105822,0.3319053245398323,4.433659800934098,0.0751006811397167,2.038835063592239,2.755152240259388,2.038835063592239,0.1292338163943885,20.983982324495,1.3688500413987637,0.6855302900834747,3.267683544933472,0.5443376919874657,0.4953677617127023,1.073603365958984,482.3327044,1.5301702177031258,0.1827524567934445,21.962074228086927,0.3781736434241709,0.3088293417181777,0.9431298106239782,0.7324769621544228,281.9831085281453,0.118891649971494,0.8984486131141945,0.1098046680273542,2.038835063592239,4.734788536139312,3.0582525953883586,0.4678367418242961,53.88382459552656,2052.5942028985505,56.48222991638664,548,37.98235664776306,24.40579710144948,1541.9130434782608,872777783,2053.367427488449,50.57766990291263,29542.812713077947,27.34383940715726,78.8936546109006,27.44375777767006,49.0,-0.0648207284005893,424887,5.549839343291221,0.0237193893082036,-0.1847018791525874,16,38,202,0.4444444444444444,1.4530619968828329,1.1740521379112767,120.51098480379711,19.553398605747592,25.16593364293301,23.669903575378665,1850.680728923588,150.4699521418518,1.7426594415683008,0.560527616684669,2.66696716301848,0.4432915173209808,693.3538084300747,1.8301735727590105,0.28245791539126,26.331612340114585,0.3088704962030363,0.477181120460739,0.9178512013363774,0.6373963198665096,0.7135762775452856,0.1626502742188453,360.7305044046383,-0.245964972385321,0.3633467508993329,0.8806691339092032,1.7214474135147837,2.483961681664604,0.5390143715520942,2.3824375324616587,0.4338737501679673,1337.0541041518345,2.541495341483397,0.2246099273043023,36.565750425115496,0.2812963275394854,0.3672181495874992,1.185301142485184,0.7670589750220046,0.7556080102228515,-1.1601201470619382,514.180068104573,0.8212994720339326,0.4047660764620624,0.704847287657547,2.3765110457657608,1.5137168255941178,0.3577224958255519,2.172875044412608,0.2485245290809324,500.6679651220039,1.5552124683931223,0.206432197461638,22.37561094410617,0.1790931056387603,0.3438770333241239,0.7856997849687773,0.5209755868581565,0.3050351068433696,1.4114106863402665,313.3393828979824,2.9434927139714,0.1711573529193744,0.9949900483326878,1.5739390995352662,1.4530980239329243,0.7059334566963174,3.1676617193375587,0.581240674650092,0.4718105329293959,0.7515929000668556,539.73769183,1.6147533752703105,0.3098802169851243,23.232255418490904,0.3881758532778529,0.5102117811305613,0.947523098351903,0.5988672943625815,300.7912909541153,-0.3180040007663658,0.7356909965118831,0.0410275501212661,0.7496748970134574,2.0744259073009546,0.1592262658327611,2.058252484815536,5.968958237776344,2.058252484815536,0.4349559645966568,79.28090031982632,2.688496609275049,1.637815418812702,7.127652613660332,1.4323268517837116,1.5989255626133223,2.118660000453882,2048.78140704,3.146028404194724,0.529350620563448,45.2634665822228,0.9249498717347144,0.9203923132315536,3.173855034881376,0.1689245651298053,556.5187981199351,-1.0460900260079276,0.8415906558170999,1.102042127767669,1.029126242407768,3.701696664948557,1.029126242407768,2.4627751794573625,57.13064346901953,2116.029268292683,132.0721324079221,647,102.95538370017849,84.0292682926829,1578.7560975609756,921462254,2120.1268415805325,93.41176470588236,30355.596749199314,72.66135820181731,117.75406408206528,27.789985303339414,169.0,0.0165979258866542,433786,-0.1335813461851258,0.6025123001010668,0.1460450912310554,27,89,202,0.4634146341463415,0.9158141789290628,1.8440457538266024,4443.326921500396,2.0196080228823687,10.489230969668832,3.029412034323553,19182.682363986736,176.19398270901786,1.212335364491842,0.4759345453598198,2.8409501090663047,0.3715922270003106,347.50898543874047,1.301985323507144,0.2412012048868336,18.64159288898726,0.2608015100825398,0.4260387649170687,0.6312368170451766,0.599011248619559,0.5731514109823339,0.2759205342367445,248.5287497208276,0.4478120991366068,0.2918098449866619,0.9188737794731162,1.677679752258209,2.46882151966098,0.4789308369472015,2.3556640621143496,0.378235396240358,1296.2837859700403,2.5146243340342647,0.2138419018758321,36.003941256063065,0.2526330563049913,0.3678461450310205,1.250187992331898,0.7036416810272917,0.568827587842224,-1.055328584439643,506.1084115305008,0.8440262702873325,0.3096828690411648,0.7882467848972875,2.049064877420244,1.4915504591254691,0.3598266401516867,2.172789370985207,0.2555826515469273,482.48111132048825,1.5341337610147652,0.2182607578989647,21.965452677340576,0.1869376901036515,0.3540705094704029,0.7557985161253696,0.5156378155250957,0.3428869256866464,0.3058782009642532,305.7678441207212,1.3812006465860702,0.1651698910701107,1.010459351483764,1.4270383761056875,1.3779439438364,0.6553290448658654,2.795401211076663,0.5368456304706231,0.4238605461124956,0.6683908277078824,476.84860607,1.525152700983437,0.2873301732034941,21.83686346685348,0.3591585072402463,0.4758960557318014,0.8717124769804439,0.6778923166027423,282.47850848646203,-0.3858434242206976,0.7359841934125682,0.0518458885159433,0.7452915355083474,2.1411954002666,0.1413733407584007,2.0196080228823687,8.541176929448232,3.029412034323553,0.4182882707646118,137.42493653508765,2.942393038287046,1.6068606422992988,6.357653030977402,1.4287607017143518,1.4833472794451192,2.132510156820737,2301.5519715600003,3.35068392840888,0.4614630188232587,47.97449292655421,0.9087222245044824,0.7755362932338072,2.974746329417224,0.1302966947918562,603.1905728488445,-1.2122686865759584,0.8826134763672192,1.0288899662692066,1.0098040114411844,4.350982807192986,1.0098040114411844,2.207218884016514,75.33916927096601
49,2.917919685781937,0.2147211632193719,2.9577938576555245,0.1032733893413046,1883.2331983558345,2.9257735561074147,0.0627145513218974,43.39623484077661,0.0610205947296434,0.275770721901236,1.483636426182164,0.1739943651172452,0.1842817625462389,-9.668175245267582,641.9423308720261,123.61775633634046,0.0913104593084646,1.403425711105497,1.3410706628311406,1.610011504755613,0.1420248201348146,0.619682457242769,0.1202287853932122,574.6876098460127,1.6162352577489971,0.0528642817941384,23.97264294661756,0.0799579616982987,0.0824990245284516,0.8002748432176314,0.8311193558606753,0.2217771219783511,0.013945954269229,354.20253104623487,-0.8157997052502419,0.1171235967449669,0.6380035165302055,2.39413088851209,1.5794399867513358,0.183543568152731,0.7253685388010178,0.1514184704236861,556.196472653635,1.59002068690607,0.0335202590204694,23.583818025367204,0.1033657776952112,0.0526107596935838,0.8211351874437137,0.9583348140852004,0.2863242021045737,0.384974735381825,347.47679708529387,-0.8357924040360158,0.1503334057587353,0.3152351737674788,5.283689432592071,1.0371284772035414,0.2846770784523639,1.3663492722919068,0.2288018648617549,0.1972127328742612,0.5354876363019788,254.38779275,1.0753176967127605,0.0469832036953559,15.949538951016736,0.1521024055883124,0.0765985284908689,0.3625952506598755,1.1142549812297886,228.1682649847791,0.7818145918965524,0.9637391861669768,-0.0960919246434041,0.2954865749977875,3.891559357529468,0.0352154947651313,1.981818381981839,2.56912436917013,1.981818381981839,0.0676570121373898,10.521312079017948,0.5753978468001172,0.2730649757717245,1.1366498335824922,0.2334699394837309,0.2218905795388795,0.4273532681156113,89.1678114,0.6366382282241333,0.0550413541034643,9.442870929966162,0.1498008904160366,0.0915100189963836,0.4337987070981432,0.6850826538886452,126.5875262960258,-0.6627898680798379,0.9435759162483184,0.0150056203807885,0.9909091909909192,3.671863602458272,1.981818381981839,0.0597016798612554,27.48751246916828,2051.7463414634144,15.09103255282031,153,6.166377156454449,1.74634146341441,1536.3439024390243,863027384,2051.8015688776486,6.583333333333333,29377.327720539863,4.961621233859397,17.2258640467427,27.44302713937057,4.0,2.52568033453262,420608,15.670457767296943,0.3484280993705859,-0.0761363480886903,1,2,183,0.4048780487804878,1.1699201480789878,1.269145104935149,8.947960065589394,17.166668194500133,20.978185686097103,19.186276217382503,152.6536939986088,122.40369093482524,2.009084437595672,0.1369018539673799,1.4003315851497768,0.1033830830586776,831.2895488591886,2.013720678258239,0.0507887815454238,28.83209234272096,0.0684024388211351,0.1155427242323818,0.9783367436695216,0.6422950172990147,0.1772837660335442,-0.3012069447004622,411.8623097071127,6.34941012253309,0.0907625083965872,0.8638739214817237,1.749635750864149,0.4757079836744589,0.1524247790598047,1.4252721324343165,0.1058047990335398,51.13070348235372,0.4994177267254128,0.0548196739200156,7.150573647082709,0.0745626270182484,0.1394653671197298,0.2219642100316322,0.5793290627673824,0.1754438909999075,2.6301740538626266,97.52013665326407,15.946655271460068,0.0858550550883895,0.9364204287668448,1.8828177479586945,1.5720670738559372,0.1708897811682523,1.554444632746497,0.1262449032895881,512.5934280946813,1.581282943310059,0.0503418614723029,22.64052623272439,0.083993232421699,0.1501630644713885,0.7631058433705339,0.6133387943929677,0.2283532988182337,-1.8057635254007989,322.27375014046714,10.890896968164537,0.1116484370712094,0.899985181682078,1.8412682516298533,1.0412763826658746,0.3162353308615673,1.1238410130879433,0.2814735584650551,0.2844372025402211,0.5469105080482264,242.67355958,1.08801353914639,0.0565898839432589,15.577983167920037,0.179614688027897,0.0953510279746171,0.5556887553272364,0.1363055556515502,213.46165844650432,-1.3133502513768227,0.9544116264741538,-0.2067634299848733,0.3089948751669538,5.175818786602151,0.0557992367685289,2.0196080228823687,2.62139242756195,2.0196080228823687,0.105124318284436,25.701700094167823,1.2128907397353923,0.7634818265751487,4.641523922769357,0.5876464448812437,0.5082703738645217,0.969047848125156,420.48882694,1.4321888874947375,0.1904163681366628,20.505824219962484,0.3978946690835362,0.4757085534632557,0.843683811965814,1.3964755326933065,248.64260164575543,2.468500289436373,0.8057928331894376,0.1637856992881129,1.0098040114411844,5.284988107093612,2.0196080228823687,0.4087247312802685,68.3754666748665,2045.5121951219512,23.534415716116595,258,10.23033908387864,3.5121951219512084,1531.5463414634146,857857618,2045.646916580932,12.181372549019608,29289.206510248787,8.110282161645145,28.41231782029704,27.4063223128378,6.0,1.350324330327549,419330,15.88890001762064,0.2708895670343642,-0.1912597305066077,6,8,179,0.3560975609756097,1.2336754692688467,1.3334028290907989,12.9154479920321,13.382353677205924,23.482269652805257,20.58823642647065,202.0342187695643,196.64033395417937,1.3854775631867495,0.2075587150844293,1.216205654783153,0.1653732915733206,402.2958025315783,1.400863501178658,0.0653241245029818,20.05731294395085,0.1127171927103485,0.111956438784783,0.6835393496246086,0.8539379585254696,0.2767477136073579,-0.4153399694959478,284.0229004532837,0.56167570961723,0.1369899619121313,0.556078960343219,2.656886490037939,0.4575816147728566,0.2363018273884423,1.0105087270389508,0.1922814348674303,54.314156446449545,0.514730127947478,0.0562307753482545,7.369813867829333,0.132211039024373,0.1009001746037464,0.2270397115407533,0.9082472391709888,0.3656067901912028,0.4354547672232859,93.8042310284356,-0.3847710330702973,0.1813784825104852,0.4400119056386153,3.576270342228366,1.9173649862230004,0.2331897243392613,1.0662893426125115,0.1952477521901256,764.7321398283887,1.931424521458113,0.0438359178633018,27.65379069546142,0.1309435097780391,0.0602564000478656,0.949146699329777,0.9663664039880062,0.3502309567195945,0.3624885129105055,393.0598221757151,-0.6367793613719748,0.1840428053875853,0.2640359221029645,4.703602425795766,0.9282016497654708,0.3493515183725275,1.5550122007033402,0.2906400129741209,0.280047123437065,0.4816460945896324,201.51693465,0.991468323910085,0.0762275473854883,14.195666051651116,0.1945976650467454,0.1188559078636297,0.5261800474654212,0.6385784014850129,190.2813382019216,-0.4023784625865421,0.9419240388295896,-0.0196453142418744,0.3491283855929715,4.163958498584917,0.0583257069221672,2.058823642647065,2.83953326608384,2.058823642647065,0.1074964674707935,21.4356702844544,1.5865665905667428,0.731568295760966,3.2117541482929552,0.5865815740702235,0.5028722286731322,1.1805107324894326,625.2038799499999,1.746360508069952,0.2069698879029643,25.00407726651796,0.4037706442336538,0.3288328237722847,0.9793690114994806,0.6542846081113031,325.2461510661823,-0.1490855198205527,0.8984934034122033,0.0870520160281127,3.088235463970598,4.651466372874477,3.088235463970598,0.4308653497971448,24.7666101893741,2052.268292682927,51.49082556309248,548,33.697323022010714,21.73170731707296,1536.9317073170732,863960921,2052.910986154337,42.03431372549019,29393.21215859199,24.07819225251076,67.6208794185149,27.442623342032228,42.0,-0.0999850523273529,420715,8.151852026081503,0.1371048247204885,-0.2039989700765117,10,25,202,0.473170731707317,1.3512168325468334,1.1792384051176383,243.25503561566703,17.66666716133335,23.54567224374459,20.784314307451,2882.35011942181,116.64131765412856,1.7834909717037517,0.5832042224747581,2.4829704104975887,0.4885059222756289,721.4581511434294,1.875981890733008,0.3023393839375123,26.85997302946206,0.3256856210661129,0.494236725575811,0.8438318030553231,0.640118437656403,0.9080048680846888,0.3143541865921109,365.6156491992691,-0.831428621779267,0.4382660164374456,0.8695519856997553,1.7872522806498543,2.383828636763048,0.5763521636183311,2.373371663955124,0.4778779775220951,1232.7060793051087,2.4521827800664022,0.2806869390350742,35.1099142594383,0.3111993642007158,0.4551545270665213,1.2191850061100236,0.6871691170147098,0.8557936421783685,-0.8483321468302786,488.6848705364248,-0.0081307962946719,0.4556287568374779,0.8137317649953099,2.010095520972226,1.5376658142923991,0.4325746329810339,2.398813020399127,0.3154295640197685,522.8779579430491,1.5970673702408564,0.2377706007923204,22.866524833105903,0.2223751821673458,0.3627512909585155,0.7647874025010475,0.6481556968478336,0.4100838007282559,1.1158382482161506,315.22149192994186,1.612779674231939,0.2261934570945307,0.861762745648443,1.7268643909565666,1.4627134285792918,0.7478981869475088,3.1786324116576283,0.6273902366019484,0.5343277051983777,0.7644094526503834,552.7115140999999,1.641996871896251,0.3063321862922117,23.509817398270023,0.4197580076815085,0.4725141229869185,1.0737177841057912,0.3829743879184714,299.85625285875483,-0.6400492604115038,0.800150854149006,0.0230229107276442,0.6477012428852995,2.2323226875182622,0.2026251233161493,2.0784314307451,6.816184486272118,2.0784314307451,0.6021016734337838,86.58415404563722,3.1068263976876827,1.512150639281406,7.127652613660332,1.2953337604095536,1.34395088499003,2.2408978868299623,2445.2022138,3.453666989892507,0.5092209654113076,49.44898597342518,0.8466140353048252,0.8703060382678405,2.6799289691164936,-0.1023708125929172,636.899411525975,-0.9045868664254176,0.832857521280761,0.7497900580144172,1.03921571537255,5.4299191056507565,1.03921571537255,2.010629267031785,93.93714749058944,2108.9850746268658,130.47430695780457,647,101.33867973565012,77.98507462686575,1579.325870646766,897416136,2112.997135710881,94.48,29956.904646508458,71.64960199004975,117.93371019348116,27.750172443558228,149.0,0.0056985027208582,423906,-0.0553147193612448,0.5893329518923744,0.0471538883705828,28,90,197,0.5024875621890548,0.9114016214238072,1.818364143567515,3450.6553246164544,2.060000183340016,12.967201375286828,7.210000641690057,15828.49091953417,207.50650448018013,1.240125917596701,0.4547052792390539,2.8409501090663047,0.3568411035532163,350.4717487840802,1.3204698183655428,0.2138573730608804,18.720890704880475,0.2482084656075201,0.3831526920893905,0.567854402353546,0.6434988787135688,0.5503021886212348,0.0742848653948899,249.2653094369369,0.5733885809553185,0.2812515125950396,0.8603274963471156,1.7699290403099084,2.5452730749323256,0.4855967943809294,2.392998710478844,0.3859311955598886,1349.3222695636737,2.590954672940499,0.2000498229926359,36.73312224088328,0.2511711769427304,0.3604691428230421,1.1644409815575352,0.7240932891969483,0.6028631962238875,-1.225375975757783,511.5998880613975,1.2125909024430452,0.3521010874633856,0.7587006518687304,2.128194292024621,1.5019060304489034,0.3140333207192549,2.0530555667116928,0.2155972176717706,473.1234518884477,1.5342255438316463,0.1863535596692263,21.7514011477065,0.1600349762613598,0.3200642702069937,0.7445326792678052,0.4803390895169412,0.2529157839962692,0.4232014156288506,301.88311212022955,1.952310817896862,0.1290777106460829,1.0444823983021052,1.408425881659059,1.3923014129491953,0.6075614960044557,2.795401211076663,0.4897421648858796,0.3655042372616111,0.7230297571430566,463.46534241000006,1.518485338563674,0.2582401167280566,21.52824522365908,0.3232719370607592,0.453462599284691,0.7328615795096347,0.8752910499283943,279.85258400278826,0.0572108191010563,0.7210432581496269,0.0117457542803494,0.7615993781448592,2.0965907025757424,0.0938780496868105,2.060000183340016,8.519052735409552,3.0900002750100244,0.3449775190952732,127.52182684908703,2.645217620914495,1.6080922229907957,6.357653030977402,1.419131910122003,1.4502839014878588,2.0995232965668795,1923.6245481900005,3.0935855223397093,0.4239752982335474,43.85914440786551,0.9012145465876058,0.7481686250222371,2.833793260210324,0.4340248877656443,531.6887418038135,-1.0015278530837568,0.8912128815636741,1.046985390022545,1.030000091670008,4.076388295908853,1.030000091670008,2.173499375332412,72.27305072687153
50,2.931431202921187,0.1018957382669228,0.4094297648632623,0.0878127066199662,1892.797377824644,2.9331935573121446,0.0355068360522929,43.50629124419415,0.0577630658423211,0.0500980191829089,1.488245244981996,0.8785428577498888,0.1741678916254674,-0.001431842301147,644.9148646426611,-1.0748775642811277,0.0877756860769181,0.5419519391911746,3.1280891891824933,1.6033191033276235,0.1273904810642895,0.5415540785861797,0.1036785845351202,569.093077652773,1.6083490655338204,0.0446906568345178,23.85567181306729,0.0714480853311183,0.0675587667829566,0.8128056123980594,0.8582506100707286,0.1793079420314025,0.2344881307387172,352.7302027320772,-0.5497702046615234,0.0896713808824458,0.5845416280965094,2.5428174112729613,1.612291240634519,0.1877732616758851,0.713793378596776,0.1597493201378928,579.6079465361827,1.6231394195091395,0.0325329650502473,24.07504821461803,0.1065952016092191,0.0514280639792454,0.7750070735548654,0.9623834565202456,0.3730059096956555,0.0747172394772201,354.7040729395941,-1.211765992348442,0.1828099387204589,0.3019042087305308,5.804368980957654,1.037708274082292,0.2492612995863486,1.0697916608375757,0.2023876379049662,0.1838583579494352,0.5333581449780549,250.51119347,1.067092893353458,0.0412534955538906,15.8275454025569,0.1365446298649061,0.0639621856902384,0.3376915808665572,0.8368455656765095,228.29582029810427,0.0026654803942585,0.9670335614084402,-0.1806646191419846,0.2828487112772131,4.483485276584298,0.0315438372945275,2.00000002,2.8293716698229088,2.00000002,0.0595962656785732,16.84510682681597,0.5538520355910561,0.2496432869523483,1.1096374681664989,0.2148894520586828,0.2152892088382995,0.4179341684606218,81.13392479999999,0.6072812917196835,0.0497697217159455,9.007437193786032,0.1403806265965893,0.079736093037376,0.4225899693966694,0.4074885250196874,121.84744783003234,-0.8499614440402858,0.9488929477387702,0.0209232846146616,2.00000002,3.874369287739328,3.00000003,0.0722565023762962,23.48452771258174,2051.2195121951218,19.846855081438594,274,6.755502676977946,1.7804878048782484,1536.0682926829268,862618160,2051.3150570828057,8.269607843137255,29370.36193171613,5.054280248684839,24.59306055477806,27.43971909830952,4.0,-2.335629710376532,420500,39.83557908997778,0.2322569074117401,-0.2472052688153132,3,3,182,0.3902439024390244,1.2748338521038285,1.2806735211037834,9.689786905727228,19.000001102000063,21.694797603420657,19.000001102000063,181.225093331828,134.3551376526106,1.984622716684132,0.1769523480782803,2.1094469222163297,0.1126768561281511,813.8267773856785,1.9924574572508515,0.0661638780066279,28.527649349108287,0.0740814073840422,0.2062636891965543,1.0060791807816385,0.3176969198293728,0.1668304405246381,-2.830208021398395,406.8476569202469,26.09950471790708,0.0856702497353241,1.200267914480767,1.3996041447440568,0.4557481499476256,0.168748368731421,1.4252721324343165,0.1157825385960561,48.38891355474131,0.4858430618572582,0.0592649208998932,6.9562140245065285,0.0807276044754438,0.1533194546325369,0.2436145802194523,0.5850947115392392,0.1735621660200252,2.686836354002774,93.42837073926326,13.42068645375486,0.0947893345324122,0.9312561676520024,1.8673312891129408,1.5740963214164765,0.154385996454761,1.570097861327865,0.107167623099293,512.8070892887322,1.5816124672404428,0.0473527649535806,22.64524429739569,0.0721693981397233,0.1458310391756724,0.7725755521812623,0.5504372506505918,0.1509532735651171,-2.239432502380048,322.68974589037765,17.113187606413472,0.0739574702087355,0.9669002798847074,1.7229364402350178,1.0468935167071978,0.3031794371670495,1.326050233656204,0.2698403727205502,0.2680113561719855,0.5384674720568363,243.42836255,1.0897042842318143,0.0600691342386304,15.602190953516752,0.17110429885347,0.1141167881537991,0.538657091625487,0.2644836742081561,214.61317092497552,-1.118999139496018,0.9288248986619376,0.019630742074059,0.3865615209262539,3.970102545065049,0.0535438522606478,2.000000116000007,2.920697754792984,2.000000116000007,0.0959620686328463,29.89651359244452,1.359222358036411,0.7856582319312021,5.176584834666069,0.6341477340638204,0.5890801698067369,0.985881539876857,504.65531772,1.5689911590479826,0.1921366931511274,22.464534665111582,0.4247301383267691,0.5453793721221231,1.1247595422522971,1.0745203020053944,278.64058339746424,2.311814787481796,0.7578646359417964,0.1575147751573867,1.0000000580000037,6.147660416451786,2.000000116000007,0.4061821294914126,87.37148534167287,2045.3399014778324,22.824290820864384,258,9.203620568322432,3.339901477832427,1536.704433497537,849338540,2045.4666202559456,11.128712871287128,29143.41332102333,7.352046042042628,27.243674894958247,27.40536631788828,6.0,1.4918634636088552,415204,18.335047372270346,0.2873383018847347,-0.1743417613225524,5,6,177,0.3743842364532019,1.215583999693704,1.3391019165692388,39.08963601821223,15.000000149999998,18.082800058963446,15.000000149999998,636.1085276673737,139.57211952475643,1.3548612414346517,0.1878280558809252,1.0543116439141698,0.1518010194442776,379.7631781313484,1.3677553041665047,0.0543210577056439,19.487513390151868,0.1035633057429032,0.0909976152253966,0.7053691592112652,0.8816298763860783,0.2629708902161083,-0.1294086988212719,275.0368320112343,-0.1437974620567894,0.1304282466684443,0.4931694998526577,2.834152530478569,0.4571880997361386,0.2302919975514965,0.9921235355794532,0.1927229525811353,53.14420421921349,0.5116581959220957,0.0520260412767483,7.290007148090699,0.1290671445892212,0.0837299388233425,0.219136111620469,0.9336453952355308,0.3880281358587146,0.4215957130124289,92.80918424643612,-0.4886102549461988,0.1931601547306406,0.3700716069804589,3.933183697852503,1.907349413296241,0.2304374636380907,1.0662893426125115,0.1913333000919535,749.2367900123947,1.9211511199478355,0.0426299699790127,27.37219008432454,0.1290136708295512,0.0578708818992147,0.9552649927112764,0.9683341637615888,0.3480076367557458,0.4190883119128421,387.1919308991369,-0.5324023610689674,0.1786476794227252,0.2550655849978504,4.737037669053507,0.9119305821543904,0.3242999011298033,1.421998427335737,0.2730442843419834,0.2586878630981425,0.4852255628756109,190.06275552,0.9676103201318264,0.0650926396176408,13.786324946119615,0.1806639227539731,0.1034561013921189,0.5070744933635732,0.6158013257185986,185.12190817734125,-0.5509137503941148,0.9489341908712596,0.0010411614569083,0.3239906584582752,4.291549738863968,0.0481271374111521,2.00000002,3.005151658751373,2.00000002,0.0989252591253752,24.68850824496804,1.5173076714545373,0.7316897356833324,3.2117541482929552,0.5800830232595912,0.4757482012369216,1.1626819269810158,575.49589528,1.6837325052283578,0.1722533466225844,23.98949551949769,0.3972607400384778,0.2603355581654155,0.8813064097647263,0.8446210818678992,308.01345730527106,0.0507071591936725,0.9363464955971592,0.1380027657874895,1.00000001,4.187201026668556,2.00000002,0.4490017052937524,22.9135470157706,2052.460784313725,48.23233418014895,548,31.267685505574786,20.46078431372553,1544.112745098039,859841686,2053.024652918273,39.08374384236453,29323.057241699746,22.139186709166424,62.546849436116574,27.4442120617894,40.25,0.1088463619971496,418702,10.512566372526305,0.157790456950861,-0.2118199145552679,7,22,200,0.4509803921568627,1.320101454003681,1.2079704797524538,219.7557262979093,16.83333350166667,22.702579634433,20.794117855,2547.8915072621694,109.13934910244234,1.6830654654317767,0.5181223055178207,2.3767564443352183,0.4100093626411004,632.3682064949787,1.7606374270374892,0.2729808357008062,25.146932347604125,0.2821231348007006,0.4688911411710699,0.9248819492475592,0.5875524462110379,0.6031573360667268,0.5286050725284869,343.34535494808244,-0.2951392188405251,0.3313661419336685,0.9236028122897744,1.660938106171906,2.5168347283671464,0.5470588766555152,2.3883995488593515,0.4463476295091483,1352.981741331747,2.5753181236306943,0.2452103952066395,36.78290012127574,0.2798211653720853,0.4203499786617036,1.1466666422461995,0.7041674038397936,0.7302746226837344,-1.2552468301156774,513.4342845868979,0.93814500881017,0.4004383240874594,0.7865447716477562,2.0388810787738616,1.523649295248201,0.3856270694587845,2.398813020399127,0.2691773387295802,503.7752357316813,1.571459973930327,0.2060213914876947,22.444937864286487,0.1928176346375872,0.3342251166308737,0.7825151949847023,0.6237705416137669,0.3307272731217012,1.1772950288024158,310.824456230633,2.765894578373941,0.1857555204788272,0.8842764582381581,1.713081626909907,1.445489908151988,0.6803784535380216,3.1786324116576283,0.5590543765828836,0.4444014215505177,0.792433331816462,520.21769174,1.5968990964415022,0.282085163208254,22.808281209683468,0.3716231534905245,0.4498320910355906,0.9658812057641571,0.6443285568940776,294.87994126300555,-0.1715911362712607,0.7796176373093874,0.051262685767618,0.6737038179750399,2.1177227331616533,0.1485817607820784,1.9803921766666668,6.992906384970164,1.9803921766666668,0.4765381333953667,83.91336484928124,2.756900869333516,1.5721852231098568,6.293680979663603,1.3841524187865526,1.574523522755864,2.158279114511158,2052.27106456,3.171774310579948,0.4312887346871684,45.30199846099507,0.8868923239677059,0.7594889350867456,3.1677709009778217,0.1327800869858559,562.4077773440372,-1.184579463561773,0.8828950416229575,1.076246072917543,0.9901960883333334,4.267874695179794,0.9901960883333334,2.243105941622418,73.87420499503516,2113.938775510204,132.88223560744078,647,105.12119950020823,83.93877551020387,1594.0663265306123,879315730,2118.08988121325,90.76923076923076,29653.2583369855,73.57467294610151,115.5792102679104,27.777808195874545,161.75,0.0879240406992131,414332,-0.367040460100581,0.6194967755927189,-0.012658597827572,33,78,193,0.4693877551020408,0.8610452428431884,1.8796410132327035,3482.7932351342283,2.081632773795925,11.392778590389945,4.163265547591851,17818.91355540267,177.7935439200249,1.2279522330659385,0.4865203176634036,2.74821015555004,0.3875019127153374,341.6987643939217,1.3203639811908423,0.2532980412987827,18.485095736671795,0.269608715379737,0.4593155697333516,0.6661041006562334,0.5517798282204758,0.6438338974656908,0.2735898688227764,240.678637680924,0.1103620505286446,0.3168612117036126,0.9315313042348314,1.61043693362954,2.4949326265624183,0.4690569827871751,2.392998710478844,0.3862456427360169,1262.9418253275617,2.5384209149522765,0.1988723919387233,35.537892809331865,0.2497790401219542,0.340435444119935,1.3316355340987485,0.7356052985162,0.6560124961263676,-0.9336542865935789,489.006794806234,0.5746222826231357,0.3489576678014749,0.7286761072800815,2.1781056975525503,1.4966949631109103,0.3449722335362281,2.176585761275993,0.2304320996306461,462.2649184425474,1.5357390669803683,0.1993604411936406,21.500346937725155,0.1740150553460545,0.3420466046299237,0.7535765263352384,0.5080000361302277,0.2411473371733345,0.5881562195072341,293.35221276973846,1.8787372554584736,0.1266746159659596,0.9853726355258752,1.456934541698358,1.36710128035322,0.6542078123697358,2.987347554780113,0.5331899271835638,0.3951623254272723,0.7128172240183,449.77495155,1.5148498806711468,0.2885596672999519,21.20789832939605,0.3537995993120423,0.4994340204221021,0.8356287070923043,0.816957825540385,267.9518509492312,-0.0258630934576431,0.7078554518536543,0.0387132637031836,0.7561928034109028,2.043983868631482,0.1189476726492689,2.081632773795925,9.193997018490345,3.122449160693888,0.4126636155744355,127.3027827598332,2.983794276402758,1.5388112712237152,6.4719029541113,1.345200173083952,1.4408133890428323,2.158869998176321,2206.74186869,3.3554265131504613,0.4291218479389191,46.975971184106456,0.8683761219426663,0.7466491276113139,2.8458730742306986,0.1620363382806221,584.8236781749406,-1.0339733978704757,0.881323669506039,0.8612717516709528,1.0408163868979627,5.253223799643303,1.0408163868979627,1.8854346538651168,95.95201310082416
51,2.9328633960176065,0.107344782170817,0.4174830002499141,0.0920899601776237,1894.894809528771,2.934818261005403,0.0312166437690013,43.53038949433799,0.0607755275630562,0.0455244912739053,1.4789947969749966,0.9098105826764832,0.1816469780811966,-0.1686697915725942,645.2299471238734,-0.9913761947524518,0.0895740132716902,0.4674964323920125,3.5506049156418675,1.623785801759995,0.1268130509897036,0.5425442927860695,0.1044201092709184,583.5915320278054,1.6287077030408403,0.0356191872043365,24.157639206425063,0.0710729480027966,0.055204683083728,0.7995395968560651,0.905146752168511,0.1844295703489111,0.3787700224933464,357.2328763871989,-0.5815527075542009,0.0917422343696944,0.4799268570587222,3.0327589041340266,1.5805622042841263,0.1889306062931483,0.713793378596776,0.1607618894773354,557.4160694592804,1.5917629869528604,0.0276711738192493,23.60966051130936,0.106806045079505,0.0464644649059805,0.8217018152321353,0.9695782456099208,0.2971479667272114,0.3064821225418202,347.7236849425078,-1.13929969875645,0.1569336980122847,0.2711070011032938,6.546946664468793,1.02233912190567,0.2481736715202726,1.0697916608375757,0.1961794859418472,0.1749921871271869,0.541454731700139,243.42724914,1.0518970938694094,0.0371932076250845,15.602155272269275,0.1331576677520979,0.0585577727488685,0.3196467727925962,1.042962283477624,224.9146068192474,0.3752550846433853,0.9719588164647588,-0.2460455713860226,0.2596852223673781,4.860392546692908,0.0240401927620256,2.00000002,2.815918688908074,2.00000002,0.0467945114852261,18.38487896952555,0.551305780934805,0.2224435692610996,0.9571541234823198,0.1868793388699904,0.1850368061049547,0.4151365252245025,77.70274409,0.5943015154937616,0.0442501344484326,8.81491600016699,0.1258908515625661,0.0714918268731542,0.3707432338857159,0.1998894361701826,121.28727180565708,-0.9264962177420228,0.9480023958349536,0.0131741546110142,2.00000002,3.811825889349421,3.00000003,0.0525564213174795,21.24683859562324,2051.2156862745096,19.879998340278245,274,6.702037677816175,1.7843137254903922,1543.2843137254902,858407330,2051.3115484068844,8.251231527093596,29298.58921518236,5.014102192601179,24.63657019824401,27.43969498238907,4.0,-2.335007104854932,418448,39.76414380951516,0.2319190112626147,-0.2478351153649036,3,3,182,0.3725490196078431,1.2749375548135764,1.2804790943203757,21.21752551704097,13.000000754000045,20.93960006612872,16.000000928000055,292.0150955384448,148.55264040544813,1.9936860603848656,0.1709712477074596,2.1094469222163297,0.1022361367109416,816.7898849152341,2.000967762078789,0.0637978666240916,28.579536121414463,0.0682577382350522,0.2061300016864655,0.9970035819871912,0.2727341406438784,0.1440953596519709,-3.346405871862528,406.7119563185127,31.19057028962475,0.0713406746835194,1.241504696077226,1.3531026884047272,0.4667230748043211,0.1601341307156544,1.4252721324343165,0.0997236755588139,49.64292420865101,0.4933028154080064,0.0571846714174307,7.045773499669927,0.0734048703111112,0.1529896047683077,0.2296537243462356,0.5429770751555489,0.1374238858471735,2.958517167495202,95.2115072600815,16.384711982169858,0.0644667194155669,0.9792478131925776,1.7765929836730376,1.5803369218297234,0.159273673936751,1.570097861327865,0.1116481645823469,514.6325413971322,1.5883036662617296,0.0464243285824781,22.6855139108007,0.0748390280864768,0.1458941726639394,0.7972537098225112,0.5803237407793832,0.1558221155416146,-2.253201139107553,322.3887320532636,15.320415391359688,0.0796794618546081,0.9376745903614492,1.7770247106215196,1.0103356961925751,0.3055261764587827,1.326050233656204,0.2697561698940093,0.256437914138684,0.548422936110787,227.18804431,1.055304166519089,0.0576332725326008,15.07275835107828,0.171102241373381,0.1137683920105517,0.5189689071436604,0.4501086649271,206.1084820232853,-0.922981078959258,0.9298730471125446,0.0164529929643607,0.3820722842512498,4.028925721886711,0.0434893117178001,2.000000116000007,3.058586376078744,2.000000116000007,0.0851915155986366,24.266847716141104,1.2823167275709024,0.7970562361538943,5.176584834666069,0.6423051543459267,0.5681151756649866,0.9630040488244072,464.41020737,1.5088143107628402,0.1861660946460594,21.55017882454807,0.4239463550982447,0.5452079700270662,1.039287936861233,1.2497842561250276,261.5926124244641,2.527218657284608,0.765376285311856,0.2072748486332672,1.0000000580000037,6.476940024599516,2.000000116000007,0.542995986217017,114.27674098493472,2045.470588235294,21.006780928368645,239,8.183967704728957,2.529411764705856,1539.1642156862745,853615366,2045.5779254332035,9.600985221674875,29216.696698976768,6.549840625905534,25.253103013741896,27.4062432269118,5.0,2.734529848291703,417276,22.64953127026705,0.2768637012188711,-0.0735457582346352,3,5,178,0.3774509803921568,1.2325749202728076,1.3141744711040133,35.88528118772997,14.852941325000002,17.521820806762367,14.852941325000002,521.4993561699175,133.45894077551333,1.3643754444557177,0.1991190283096907,1.2220354762730865,0.157657125659648,387.7987747497864,1.3787582768666755,0.0561288312341561,19.69260710900886,0.1075218238657795,0.1047506940537721,0.6658769889360828,0.8614933138847646,0.2585774128452065,-0.3659264014576252,278.3325906689664,0.7162634305515638,0.1294658464128232,0.5393302060542772,2.6363689942224866,0.4757344873487323,0.2264338982107916,0.9819459450991952,0.1875464039871699,56.57823268296792,0.5266348619847397,0.0552583295002627,7.521850349679122,0.1268909846828749,0.099447769634591,0.2178056968207714,0.9028574875317326,0.3530949446994347,0.4083573361255191,97.0498354191414,-0.4440639512880442,0.1786453498267106,0.4504018544550228,3.2591863349898063,1.9357296010114795,0.2187505016019606,1.0175144493916843,0.1811177833369859,774.1119257354155,1.947990324058255,0.040646812208797,27.822866957512044,0.1227429555267716,0.0544808888781891,0.9427792577768498,0.9687976378473416,0.3319212695709108,0.3552259221036408,394.8888386063418,-0.5285370575242165,0.1734510392094236,0.2542046634066963,4.611391275294912,0.9059736196394036,0.3355037817437544,1.421998427335737,0.2838343200928324,0.2681892158831926,0.4758937278119291,190.29103857000004,0.9658153077459846,0.0587586683154792,13.79460179091807,0.1860689050880476,0.1008056020113888,0.514693209965073,0.6764474740944942,184.8186184064384,-0.4902360293837176,0.9544321762471742,-0.0853721624439844,0.3062192492114103,4.531143685204599,0.0507797823369181,1.9803921766666668,2.845295435870248,1.9803921766666668,0.0950573423957895,19.02782122295145,1.5243531202092595,0.7388999733370527,3.4415496504266097,0.5840058892111083,0.4805746851640545,1.1329933094644304,584.85765039,1.6932067997198827,0.1695489762370088,24.183830349843262,0.3971645244281159,0.2604303470287293,0.9215620163238984,0.9802464830271792,310.968036522689,0.4464473316157162,0.9375260957468912,0.1132682068842002,0.9901960883333334,3.8840924791117177,1.9803921766666668,0.4040321964147579,19.5044784546922,2051.0975609756097,58.58620465924502,649,33.11838191552647,18.902439024390333,1536.0317073170731,863135445,2051.930019488493,42.88725490196079,29379.16685340141,24.128981348637016,76.12125904391868,27.43461731768472,36.0,-0.9132134526603362,420475,14.833396007745462,0.1545757697891494,-0.2782896125883387,9,20,201,0.4682926829268293,1.3260031145230515,1.183345567354001,279.0492944246837,16.83333350166667,22.17962739412277,20.794117855,4262.884973806923,87.29066874384318,1.745294523811073,0.5527319693332186,2.8360250230867177,0.4558972561584309,686.765436347496,1.8303210918459305,0.2903693570709025,26.20620988139063,0.3019744128731192,0.516861315955544,0.8097686002167052,0.5603373677996096,0.8117551177788,0.3103081113213687,357.78537738127,-0.4907383992633978,0.3940296812644064,0.9577744329611348,1.7119757342822668,2.4600203366814624,0.572433481457002,2.3883995488593515,0.4798024799122044,1307.4452501630765,2.5254270348027417,0.2578965098604309,36.15861239266624,0.3015082570873712,0.4205853036647513,1.28357189409543,0.7265041417459305,0.859748120400516,-0.9982528073128644,504.3041690196998,0.0519537062215174,0.445386357645515,0.7541449818279596,2.0541457004643124,1.5170138426810376,0.3956971014265479,2.398813020399127,0.2739671222186373,503.7143987713909,1.5675278015527927,0.2094942426308668,22.44358257434385,0.1976818730952722,0.340730539374947,0.7504571000911788,0.627966401517705,0.3201710572409859,1.1564852750305958,310.9878377496127,2.655996235167947,0.1800792539839484,0.8816279390270632,1.641921143518091,1.3838492360815202,0.7107633958249502,3.072317834454284,0.5862631686280275,0.4548542845344194,0.7264179275502625,495.64059457,1.5549144664265102,0.3005530066487433,22.2629870989946,0.3940653892377895,0.4881827146556046,1.0267041499924416,0.5552883395907788,283.68909339671166,-0.4372687101616241,0.7634849019319281,0.1808960365092299,0.702425848672767,2.0501629849915752,0.163144978998033,1.9803921766666668,8.375651556907433,2.970588265,0.5559766131977789,95.88640212073447,3.0117324279658577,1.5345953078642502,6.371248456500124,1.3480743701905085,1.446577829295295,2.1860124002662937,2339.8755874400003,3.3784652219321245,0.4687959138499966,48.3722605161264,0.8618159465703499,0.8198378649615137,3.0371977492870688,-0.1937812262012806,617.4051477330008,-1.2505308279996854,0.8561093947274235,0.8881033692846193,0.9901960883333334,5.971653852987306,0.9901960883333334,1.818687539069576,105.30609218070325,2120.542713567839,127.78247352463526,686,100.10035100123734,80.5427135678392,1590.9824120603016,898076594,2124.3699556674947,92.47474747474747,29967.92608773587,69.92733871377088,117.52429364161095,27.81739237272736,157.5,0.0990212321985454,421988,-0.1264957026343363,0.5764567514294402,0.0218451596659547,30,79,196,0.4522613065326633,0.932564251517909,1.8061550823074328,2064.038546766915,2.0606061801212188,14.344314866258468,8.242424720484875,13194.580699370745,200.0479438180085,1.2135162691775536,0.440957955150494,2.179702429285008,0.3477407193776543,331.5516211818433,1.2907705251718753,0.2269440072925987,18.208559008934323,0.2421635704842205,0.4002956539321969,0.5963183988195475,0.5850933686082107,0.5431046329438032,0.0141122670686566,241.4897375663332,0.1279238987678455,0.2743932672792957,0.892732498020308,1.6302198722856367,2.551618934873625,0.4403239525495625,2.040286615444645,0.3594723370606817,1334.030344843713,2.5891446608081834,0.1830913517589521,36.52438014318262,0.2343370487020322,0.2911179177926581,1.2208507123085508,0.7802376818339002,0.6194693878059798,-0.975593615948642,507.7721680398514,0.4529654597239858,0.3268527981845226,0.6633129784833559,2.298519083335779,1.496025916556795,0.3157426760145718,2.010170384268529,0.2096092840269013,465.11991567536506,1.5288185008099948,0.1733799850876072,21.56663895175521,0.1578648633657516,0.3108910601327773,0.7626467924440192,0.5145450845655679,0.2201474920784183,0.7494492510827988,297.7091573948022,2.3460773394935863,0.1165406864211298,0.9762523751250234,1.4317342356629428,1.3300891432730868,0.59139353169923,2.987347554780113,0.4544624081832411,0.3198054702386268,0.723664458612649,421.30805793,1.4550346797400504,0.2462129042745377,20.525790068350595,0.3064397587572855,0.4466793992148462,0.5943712439654947,1.1465428051599829,264.68773951134426,1.008413019594269,0.7133836541096366,0.0402002210145471,0.7454929070114983,1.999446327428575,0.0751060662685861,2.0606061801212188,8.8596862307025,3.090909270181828,0.3420783145844225,109.83689571531453,2.612990569653733,1.6080511573116938,6.4719029541113,1.406742031139636,1.4638666816416523,2.0333641855130145,1870.7102715600004,3.0660323104041507,0.369018882733876,43.251708307996346,0.8967907790876872,0.6378995760295053,2.8845725393292465,0.5021558776749089,519.9851233610927,-0.925560492974467,0.9210186390634598,1.0456357398780576,1.0303030900606094,3.736303728383553,1.0303030900606094,2.093034291093487,47.01073795769021
52,2.932930365916289,0.1095845576159359,0.4513188472982028,0.0937644451127077,1895.0876386727143,2.934967584359257,0.0319518174606391,43.53260431759987,0.0618940180943206,0.0470716692423045,1.48238415595402,0.9075719923284776,0.1882766817292971,-0.207990357910879,645.2446805015836,-0.9594123725117836,0.0904716723345928,0.4735397811619883,3.688708183607871,1.620383714025587,0.122834617741483,0.5425442927860695,0.0989275586947245,580.9458909355955,1.6250117355318832,0.0339372840273443,24.1028191491285,0.0681634581342815,0.0487036349795988,0.8235754970846139,0.9210855355140276,0.1705775627189996,0.4884084887530293,356.4844170856292,-0.3194571695393251,0.0859969591526809,0.4370300602000666,3.4573403149690525,1.612529404178284,0.1893636967229324,0.72258831614386,0.1629979980897185,579.9082729651157,1.623559883495518,0.0300364092941466,24.081284703377342,0.1078827141371832,0.0502931492749534,0.7854669224234023,0.964594402155629,0.3517685185745709,0.0643941345409585,354.75646891922247,-1.1942304594189066,0.1746015361177664,0.2928059912184679,6.312024030563204,1.012498070177255,0.2291589155206909,1.0587949649460393,0.1776420502603241,0.1655329424316837,0.5302529035492858,237.03403934,1.0379920286521735,0.0435995076496565,15.395909825015211,0.1235061251114539,0.0701204653827873,0.2931324827225419,1.0070733819109643,222.7495754389961,0.5334093219256744,0.9527302043363148,-0.299931806167576,0.3370045226460174,4.78040246308462,0.0247762832294823,2.00000002,3.74209505678134,2.00000002,0.0564389327304555,40.7155237232292,0.5702221949832212,0.2266880835974528,0.9727001338107516,0.1877990750142802,0.173484163560704,0.422448021107606,82.78759707,0.6134388799294441,0.0421671760617837,9.098768986516802,0.1278241946665107,0.0642109657302675,0.3383579049028205,0.337127439706644,125.44888289630867,-0.664690853019382,0.9596876127336712,0.0141529376752096,2.00000002,4.19851401662703,3.00000003,0.0565918439367027,18.130405992539583,2050.8676470588234,18.057847177410167,273,5.209342560553648,1.1323529411765776,1543.1078431372548,858102049,2050.946755315031,6.620689655172414,29293.378927668964,3.7227856659905343,21.55940355792337,27.43776805173294,3.0,-3.9112878374427753,418377,57.441430037466205,0.2390696444501459,-0.3552066501056776,2,2,181,0.5686274509803921,1.2282627406693856,1.317229591129189,20.58919487680076,13.127452148735395,21.532575220402187,16.15686418305895,258.262419751414,160.34049085875432,1.9833858078639013,0.1677843724607622,1.9886911937553664,0.1036365102023709,808.2139035338681,1.9904353444561165,0.0548720667019432,28.429103108150777,0.0676831567940052,0.1992216789067236,1.010455947607225,0.2943161226454817,0.1528567483461329,-3.3971189251942984,404.6107048042359,31.863676299282293,0.0764435916628328,1.2206848674256143,1.403934892515991,0.4515541035328833,0.1519573525441751,1.2185185371404816,0.1035484167968197,46.28330662657039,0.4763181227413205,0.0453805740265878,6.803183565550057,0.0725374388675835,0.1241683138191876,0.2355209816405139,0.6652321989895633,0.145251544930436,2.5633684300691795,92.1170371207082,11.756318766599293,0.077710624577085,0.8336167231924841,2.02762979590506,1.5845405188474393,0.1492400931494366,1.5855284785659751,0.100982026504093,516.7181446942002,1.59151879719792,0.0430377562229407,22.7314351657391,0.0673607319519232,0.1339094142384043,0.8025518015725459,0.5942296097925016,0.1443598397993379,-2.8617492493187977,323.2462658448776,21.673054053126872,0.0740311634996105,0.9110510912351188,1.7694592102948434,0.9990886970373336,0.2990991736467107,1.2947871885059477,0.2566689669097869,0.2345710627733291,0.5110450917688839,221.78880189,1.0426888362616653,0.0530966028321186,14.892575394806634,0.1659068802891772,0.1087885286325899,0.4615214044482163,0.647306434762917,203.8140941956161,-0.5762482552086103,0.9336884247890972,0.0821757769007285,0.3720925734678495,4.00316459942912,0.0474054267551158,2.0196080228823687,2.958216497318132,2.0196080228823687,0.0975161839246407,19.410331475993043,1.173873174265223,0.7161609981878501,5.176584834666069,0.5421713248991775,0.4662483902773079,0.9237634004026568,385.22353356,1.3741727164755828,0.1640636463611096,19.62711220633336,0.3675762784833739,0.5121533383704335,0.8825804820684143,1.7278246411042288,239.4701275501055,5.718233911907877,0.7374545375047892,0.1533677699101831,1.0098040114411844,7.20563342227041,2.0196080228823687,0.4375858316799916,134.13659570781786,2045.5024390243905,21.32742512938329,239,8.646995835812016,3.4975609756097583,1531.4780487804878,857829238,2045.613078833014,10.132352941176473,29288.72202742892,6.857604017216643,25.518639861719844,27.40640962040766,6.0,2.673791364034112,419328,21.22220745544888,0.2839869787421243,-0.0635313143498059,3,5,182,0.3658536585365853,1.22748802741345,1.3163004665674596,41.36151363739511,15.000000870000052,19.50142555545916,16.000000928000055,688.292836771755,140.4737799722826,1.3604226223179263,0.2013165400745915,1.2220354762730865,0.1575334530543725,387.6714740782,1.3751655759787884,0.0561980063010994,19.689374649241653,0.1083184387493102,0.1057449055736621,0.6771910526186861,0.8610488417400802,0.2648500672943636,-0.2761791350703624,278.8866375751749,0.8638961274262797,0.1272910772456739,0.5400634551317177,2.6205855593235,0.4642335586279417,0.2117636069164781,0.949367343248496,0.1816404490501114,53.32826371976678,0.5100371278679037,0.0559243179967335,7.302620332440047,0.1200446741473541,0.0998022923591046,0.2282974678284722,0.8888776648163119,0.3518899778886296,0.157678412959571,95.16787951872806,-0.9720639913902565,0.1763896772082919,0.4847491032534849,3.034555687739016,1.912882916864131,0.2175373292678055,0.8543803835064256,0.185780654305111,759.7736038777721,1.9251526437773163,0.0408599151289002,27.56399107309701,0.123509505081067,0.0539855083708579,0.9576534818205308,0.9691924283044436,0.3675924470265235,0.089918621542762,392.1409979571469,-1.083462367021108,0.1873780598869401,0.2550710309861625,4.670749409759301,0.8669562968548975,0.3076685231295836,1.3169997264866813,0.2550704152746011,0.231509446205687,0.4714064176442047,173.39133393999998,0.9196800449467036,0.0548988101272058,13.167814319012855,0.167924477686723,0.0905696984753616,0.4472240216718577,0.867690413392012,177.72604085525398,-0.1393059688283613,0.9563129956071572,-0.1313899411379997,0.3023219707258626,4.452017641745487,0.0475233157562745,2.000000116000007,3.0565344891752555,2.000000116000007,0.1061195869314752,20.70829436382547,1.566418198126276,0.741240424560909,3.415802612147435,0.6044215016148412,0.4971779585168607,1.141581370950132,615.08674701,1.7321729579191396,0.1679379431204547,24.80094246213236,0.4008234626722629,0.2400392199439895,0.9429910667965062,0.903782005533978,321.1157306158866,0.1808929752332111,0.947456439185685,0.187128609146848,2.000000116000007,3.7804897638461807,2.000000116000007,0.5771434663788119,25.29031031496401,2049.8731707317074,50.90372990104316,649,29.373753718024982,17.873170731707432,1534.9341463414637,861934506,2050.502027761411,40.02941176470589,29358.721123373205,20.97405547584888,67.55186823442253,27.428712813122708,35.0,-1.085843440625158,420224,19.362301583266262,0.1192933612520255,-0.2135527196071387,7,22,201,0.473170731707317,1.360042109173475,1.1889463745035558,234.8925756144673,14.13725616017658,23.264966135252777,21.205884240264872,3187.797384709931,105.69612461310687,1.737261397804044,0.5387127233685515,2.8360250230867177,0.4437624643505642,677.9089439386214,1.8184809312339705,0.2726839899632575,26.036684580388137,0.2927536435296033,0.5001933915076922,0.8605635210963702,0.5682380210531284,0.7862608496325585,0.3504513183964014,356.13858654982903,-0.431028877049759,0.3580910552547034,0.9526841499305588,1.7239558587895358,2.494445525804578,0.540803068020171,2.3346478796546983,0.4566795714618322,1335.2264521568536,2.5521167227653985,0.2393579529809605,36.54075056915024,0.2842100872310861,0.3987503699172265,1.2329207384210787,0.7279015751033472,0.7837546531702095,-0.982618538033642,511.3613327899385,0.0063666593039628,0.4195769841806926,0.7584927463123511,2.056395431895336,1.5319925122618938,0.3989403690815341,2.371525481023157,0.2777222650296684,513.6025141023481,1.5828386265101158,0.1964653133269913,22.66280022641395,0.1987208048521347,0.3165075470606847,0.7380481075325411,0.6830657934619859,0.3154712217891036,1.1351427113555206,314.05846501368825,2.461940635248205,0.1778267267314763,0.814575263707834,1.7260219310571618,1.3587692632261767,0.6835536891320729,3.072317834454284,0.5513354113626656,0.4129509561502351,0.7035405430382502,473.80016346,1.52026981472401,0.2649047848592096,21.76695117511867,0.3737434871278944,0.4344196043661375,0.8385144005111864,0.6777920301021523,278.5476989613662,-0.12520378842432,0.7972866348082812,0.0771271115495515,0.6521282640512663,2.219818150790163,0.1318081122929231,2.0196080228823687,8.687762470399301,3.029412034323553,0.5119725740181701,105.67031088285556,2.830814065106824,1.5970585077171646,6.283142554278268,1.4202914750074525,1.622710316773217,2.136204499622605,2163.09075452,3.248332220874388,0.4431056045592441,46.50903949255456,0.9004217842036717,0.7651657163740566,3.2767553900606208,0.0061004541519762,580.316883346899,-1.3882889475296891,0.8851661561032677,1.1582148668772814,1.0098040114411844,5.765794607246164,1.0098040114411844,2.3479883165450666,96.5247173792103,2117.92118226601,122.53281514236969,646,98.36181416680824,82.92118226600996,1591.8645320197045,913607684,2121.445371216093,91.56930693069307,30225.94388931469,67.60691118372921,116.10107835864233,27.80417618275061,164.0,0.1079140646996072,429938,-0.3081376695231745,0.549946370164996,0.0584021620863619,36,82,201,0.4778325123152709,0.9779034204060144,1.7857119113773812,1957.9289299243808,2.792079436871306,13.449051333768734,6.514852019366381,12983.01941831381,186.80637211851268,1.2168422032991837,0.4698244272360696,2.722902538699211,0.3702164650611208,345.171572859588,1.303975680625599,0.2548682967443273,18.578793633053465,0.2587396339444112,0.4606020473817268,0.63757591072842,0.5172751813836804,0.5797214285651595,0.0667939640105579,247.01896726973428,0.156827447924845,0.2926784880311053,1.008664218354269,1.6194466962784275,2.541177853018733,0.439148106679699,1.9228489337713568,0.3617993895775587,1349.8456448158722,2.5786597168012606,0.178915163416203,36.74024557370122,0.2372982464106695,0.2810076525617679,1.3213430634350225,0.7947795142339387,0.6329401635399905,-0.8324362014622027,515.8591041628029,-0.0720362818673989,0.3445509971306575,0.6645725826518821,2.4507938514897463,1.4850975385249474,0.3138981228209592,2.088835692081184,0.2041621379590138,467.6229542484957,1.517748777294125,0.1689394696665141,21.624591423851125,0.1555730044909164,0.2998219652252574,0.7517352855615649,0.5383673247122279,0.2064568877275645,0.3465108025841532,301.4748003205643,2.375900842089346,0.103309494838008,0.9789809807967298,1.5500430988473388,1.3081743898690532,0.5903483535512606,2.987347554780113,0.4629129414690003,0.3381152473421658,0.6702808581511108,417.79726563,1.4346130520160405,0.2694704105583927,20.44008966785616,0.3142588307609992,0.479191037235415,0.6670316941607706,0.9534163309883992,265.5594011434178,0.5550173731547097,0.6661445586445438,0.0928058943804428,0.8363943886242028,1.9448227942395169,0.104002991560453,1.8613862912475367,9.569649571693333,2.792079436871306,0.3718799758997104,114.45394308033585,2.777700577122957,1.5172760760484776,6.431324925977007,1.3212713963713465,1.4282012358061085,2.0510746959445574,2031.3005522900005,3.16329048010566,0.3524817276971567,45.0699517671142,0.8565020040385773,0.5768425295300414,2.7882854773808505,0.2750669767395202,563.8732171559602,-0.924466107887984,0.927368013126804,0.989287874679014,0.9306931456237688,3.8666134331598334,0.9306931456237688,1.7029381153586318,45.8197940245187
53,2.926657415579555,0.1104113232352367,0.4513188472982028,0.0943971814378971,1869.8859242251483,2.928729821612992,0.0335945186089928,43.24217760734476,0.0624636150370816,0.0500739864579146,1.4743625626171564,0.8964008272840303,0.1804698008404557,-0.1545192208564071,638.0113165963429,-0.9525411639766252,0.090041590616021,0.4960561647185069,3.509122904055519,1.6244238733857257,0.1310316643145262,0.6160113189982788,0.1064459576099591,578.973874113264,1.6296758755148693,0.0371995590411506,24.061875947508,0.0728317129996901,0.0552032290070202,0.8080257467101868,0.9109258213562168,0.1823660062529111,0.3085118449189438,354.12440439808813,-0.4579182654201923,0.0900923012718902,0.4589150735639084,3.420023571288908,1.5945154446215877,0.1932066598031754,0.74726416180977,0.165902211768923,562.360884189947,1.6061248654572668,0.0305157922972774,23.714149451117724,0.1096152858826815,0.0479535279630155,0.8280957385737853,0.9690432969661944,0.3536246439655794,0.2218544607149899,347.60436692750613,-1.1722687294007963,0.1657185473563289,0.2715412599127565,6.518929797893847,0.999282605497534,0.2223387765529137,1.0587949649460393,0.172749543609027,0.1691715183753613,0.506457443793757,228.41462154,1.023608076024585,0.0434400421266701,15.113392125528934,0.1192150795710346,0.0708265518114602,0.2887800202662642,1.0681658502010172,217.8436079984624,0.7744930070297875,0.9492413926286166,-0.2473825182081816,0.3492673889876445,4.675740102099064,0.0270569311184258,2.0183486440366973,3.75424394932422,2.0183486440366973,0.0643352361336173,41.57101410547288,0.5622904523777358,0.2155854139318407,0.9727001338107516,0.172021817196765,0.1454698071226845,0.4287638086331097,79.01070486,0.6020252702032555,0.0476089388222346,8.88879659234027,0.1202481929699295,0.0701740655286719,0.2839734761255416,0.4168348238378047,122.5793186183464,-0.2377913933962387,0.9467412876305392,0.0078620015167213,2.0183486440366973,4.758343137583531,4.036697288073395,0.0455262230337157,17.88415137562506,2050.7549019607845,18.687967348956423,273,6.070261437908459,1.7549019607845366,1543.2941176470588,858012412,2050.839631974776,7.58128078817734,29291.84890033404,4.435139573070607,22.31205024660209,27.437080457508983,3.25,-3.46423922224421,418354,49.89292375944346,0.2871010056690469,-0.3161635538959606,2,2,179,0.5833333333333334,1.2277626756238396,1.3133050362585053,30.23554388143786,13.127452148735395,19.396990066962555,16.15686418305895,378.590256225011,117.8547253791526,1.9809779786030373,0.1636843392327556,1.9886911937553664,0.096159732156902,805.9907356196187,1.9876958968935723,0.0601933026828262,28.389975970747468,0.0642317426263131,0.2015000884235995,0.9885830063346857,0.2339915385476755,0.1490298536897911,-3.6860901926382703,404.1195076350196,35.181876356408736,0.0738827729028002,1.2652548947583486,1.348604553388345,0.4494434643321292,0.1459536746245469,1.2185185371404816,0.0950542573527086,45.53228568938749,0.4724378042341092,0.0505589668671168,6.747761531751658,0.0680444161540351,0.128020061255076,0.2210972753492295,0.6105594331147528,0.1424296731937606,2.8051499062235687,91.68646672375436,14.298168267785226,0.0700108007622136,0.894600037582435,1.862408133505316,1.5692804351991254,0.1498769486318803,1.5855284785659751,0.1027830042975513,506.9387904423808,1.5763863964130065,0.0446550393379205,22.515301251424123,0.067791933305285,0.1354429239346811,0.8043536757793539,0.5912411484534584,0.1487785602092992,-2.748748260072495,320.1332087806216,20.226276981914303,0.0770299045138317,0.917581580965055,1.753758268399513,0.9896606650466704,0.2913813093846095,1.267420714784631,0.2518968650471643,0.2426346811172681,0.5035789563163239,217.03868201,1.0314626061531058,0.0529652151974041,14.732232757121372,0.1614135804209764,0.108600828497176,0.4804368270754634,0.656129233003843,201.8907756695208,-0.5615615026569989,0.9304907656529142,0.0388531547737373,0.381098043449261,3.931886252387355,0.0476863813810253,2.0196080228823687,3.5705232905148354,2.0196080228823687,0.0988955495908905,46.37784181568071,1.272704175929895,0.7640588619756761,5.074834764763227,0.5898119138479729,0.4669849810646511,0.918935385091916,448.94283431,1.483475705290206,0.1752648785042605,21.188271149624264,0.3994946181177368,0.5215371869758826,0.941422324146667,1.492472961933888,259.63165188969856,3.9206654522722153,0.7667638797831506,0.1587089987659683,1.0098040114411844,7.195034167290001,3.029412034323553,0.6429293265978773,118.6765362763134,2044.896551724138,11.070616622707377,154,5.101749617801935,2.8965517241379075,1536.3251231527097,848889944,2044.9263708185108,6.108910891089109,29135.7159513886,3.773716041554896,15.35971328115235,27.40334456337945,6.0,2.8352048525621902,415114,36.06927214264956,0.0371384530501899,0.0035025452137236,1,1,180,0.4679802955665024,1.4313611173667853,1.1758661955030023,15.190109790773768,22.21782307081196,24.9351485834227,23.227724119485227,190.6393803727668,135.1699388386439,1.3703565150452346,0.192914399083789,1.2220354762730865,0.1509563057445689,388.7266516058844,1.3838025920708816,0.0478502844893472,19.71615204866012,0.1035865254118982,0.0874198283870564,0.6682887490103663,0.8972140712377006,0.2396277715620016,-0.2891718813668886,278.1823725541826,0.9629166605768308,0.117292404323926,0.4665537258634978,2.8683443618942057,0.4682027456257749,0.2054785709589845,0.9265867241935432,0.1742423281275771,53.02913514625335,0.5111039686113894,0.050474647406313,7.28211062441744,0.1164289301249687,0.0845261569129779,0.2502940692072904,0.915282372671398,0.3366859662699795,0.1554743042670077,95.04515736203231,-0.8859248343781285,0.1698161200808397,0.4235010686624173,3.1586261736562102,1.929658108298611,0.2094008911937985,0.8543803835064256,0.1773962135088467,764.7442683422997,1.9409309994287145,0.0410188397725522,27.65400998666016,0.1186461991542457,0.0504812189354103,0.9682142261448352,0.970823883920437,0.3332762115067689,-0.0503665346703008,391.72059598461806,-0.9723659557938796,0.163202048263636,0.2469178760636276,4.313941615322232,0.8710555024986699,0.3050409919544679,1.313298698448094,0.2517730316649091,0.2330490056665451,0.4282594580409372,172.81985212,0.9226750895023542,0.0498636641673847,13.146096459405737,0.1660257330053663,0.0792793409696794,0.4515446062618475,0.906453898750172,176.82426700723,0.0565761393058825,0.9662184125081548,-0.159391864992291,0.2669864733246549,4.72750639181336,0.0519882456023367,2.0198020973465414,2.9801113436222457,2.0198020973465414,0.119152926627915,18.77557746191839,1.44113103265563,0.6545252408112922,3.626041657316563,0.5138794588069554,0.4092438834086791,1.136936541914732,508.13977137,1.5821351342737595,0.1467505023338735,22.54195580179324,0.3484771151110853,0.2108021371229907,0.8188926645384778,1.0087549412556058,292.54959962909294,1.1402803137969273,0.9478735728334232,0.1292277927526758,2.0198020973465414,4.162653285630936,2.0198020973465414,0.4259771782165845,33.73169891083419,2049.4,58.04111119056298,649,32.99317073170732,17.40000000000009,1534.2365853658537,861695503,2050.2177195510176,44.61764705882353,29354.650449289973,24.211860353897656,78.40305616292183,27.42480668715333,35.0,-1.2914147574445816,420127,13.97685651697489,0.0868862445418706,-0.2148123360551477,9,25,201,0.4878048780487805,1.3870701415501907,1.1943998773207043,223.27860138221968,14.13725616017658,24.6141557750002,22.21568825170605,4535.642845848769,125.71089534221277,1.7351319788314126,0.5358517898228745,2.8360250230867177,0.4412458523991511,675.7659884064009,1.8156044325901444,0.272792322960232,25.99549938751708,0.2929100513067559,0.5009316463540536,0.8244739499401309,0.5626553370289276,0.7447139684309452,0.2897837575454525,355.7020556604396,-0.3813535764093205,0.3705889166132123,0.9592179140243308,1.754597302901774,2.5217169202415173,0.5090067410770638,2.109651596367033,0.4203318854253555,1356.460450237861,2.5723297310148125,0.2081549358353795,36.83015680441588,0.2662950257366864,0.3257251008574056,1.2842137809646013,0.7951053218692292,0.6876689243534289,-1.0698941901737766,516.9519686495111,0.2344345816958548,0.3805212477740185,0.6570704537558996,2.3310062970248127,1.513800407473192,0.3586241844621299,2.220267566724741,0.2549897352853686,496.0129994604807,1.555498507593079,0.2017237414796272,22.27134929591112,0.181131077463876,0.348332032823295,0.7594241364249618,0.5226115009879525,0.3116441081798116,1.2322953960637804,310.3290835320044,2.5382110905039688,0.1674946532147618,0.9982523619699688,1.5040935214971,1.3224740840668825,0.6681688168344487,3.2265907311766187,0.5320500471919856,0.3825056005526744,0.6775126831452134,449.60794095,1.4809488404562732,0.2827021467769872,21.20396050151952,0.3642956423567628,0.4760030770979245,0.7814328315851711,0.7428542211573915,271.10718723371093,0.2521133162627911,0.7461145926840641,0.1453684510984042,0.7317962156681195,2.010392821331987,0.1384118145019067,2.0196080228823687,9.777759055175538,4.0392160457647375,0.5072832763333428,114.88933190796853,2.846068639053689,1.5864142149551383,6.89062901463731,1.4030333497073764,1.5918549576297876,2.1472843735042955,2173.9307256600005,3.256461288756668,0.4376156491461087,46.625430031904266,0.8917253807264405,0.810282366111271,3.2926299068992777,-0.0175610912511182,583.4440710060062,-1.2500381896492028,0.8690635172714761,1.0185176672290328,1.0098040114411844,6.876514048359359,1.0098040114411844,2.07768401601909,114.02162314424372,2116.449275362319,125.2018800339494,646,101.159140236645,86.55072463768101,1591.533816425121,930456165,2120.131439048197,94.45145631067962,30503.37956686112,69.15430795928897,123.46252526832208,27.794822292061333,173.5,0.0594862984556333,438105,-0.2974753138239103,0.512530687548889,0.1021119995986196,38,78,206,0.4589371980676328,1.034295156742422,1.70021914607186,3008.3406934295685,1.8252428681165167,13.464140586596502,8.213592906524328,14477.923494609562,176.04634041172184,1.1763924378880122,0.4702159341340064,2.722902538699211,0.3633932944926366,332.0143508504452,1.2664651839191812,0.2629600562099525,18.221260956652948,0.2570639657250634,0.4679118745804798,0.5996792936694172,0.5000210674940919,0.5686751216659884,0.2930635507146713,243.51323464281853,0.4666063324281886,0.2861060042559501,1.0300965274531957,1.5841088890278956,2.4896627573224204,0.4529012834833402,2.1593647631947004,0.3646943870856709,1325.3277055076996,2.530325928011956,0.1888595966411458,36.40505054944574,0.2430668340402588,0.3002889506373217,1.2534000990826348,0.7793352809329205,0.6297462671939398,-0.8977125316124471,515.360190765741,0.3318074255362249,0.321612670662978,0.6923625313383858,2.2505070129487845,1.4882997702242202,0.3254821168472249,2.088835692081184,0.2184893695396507,480.335847980034,1.52330661185461,0.1866517937593844,21.91656560640909,0.1654300550488285,0.3131344352011153,0.7271935010330187,0.5371715796982988,0.2182642217383694,0.3904608165221206,308.0780524364136,1.7935623649538457,0.1179162483040021,0.9886468032539883,1.5012483184548608,1.299373603360432,0.6002983610528999,2.987347554780113,0.4621193275191244,0.3396351546151501,0.6756054952165861,423.72672774,1.4307302411351173,0.2753653192962786,20.58462357537781,0.3168317290157631,0.4816294692567327,0.6165033077503083,1.038249647631963,268.9703358956094,0.7357606956429983,0.6779256101182102,0.0876274152889079,0.8305329188865396,1.959553065181073,0.1050660553564892,1.8252428681165167,9.644088301090916,5.475728604349552,0.4054722428188325,124.5672013515077,2.6860825416354155,1.6125528880480524,6.483916351075997,1.4184934942546634,1.5189921895203788,2.0170410786942186,2029.18048429,3.130943032367783,0.3869409546321833,45.04642587697719,0.9074905391469156,0.6078345269197765,2.98818165474774,0.3722259227682024,556.019086118531,-0.9992094539998906,0.9288918444277928,1.3244263355404753,0.9126214340582588,3.9534437428072007,0.9126214340582588,2.368114324711751,42.06131610239176
54,2.932741293917803,0.1096556238063915,0.4513188472982028,0.0925945707219757,1869.008075719787,2.934781157276469,0.0324145705450048,43.23202604227318,0.0618431306328509,0.0487877894158812,1.4484963528581007,0.9007723076627696,0.1726372335773964,-0.1759333518036783,636.4048607801633,-0.8368128380448017,0.0873633197125278,0.4842524419790638,3.5415587225696266,1.6249111458310914,0.1282470826436968,0.6160113189982788,0.105224762145665,576.5055821792357,1.6299410271473151,0.0373635617238977,24.01053065176269,0.0708669482639656,0.0552476519145333,0.8218591506384114,0.9069498236816868,0.1714193471817831,0.4110886207961599,352.6057186453468,-0.4216885610235419,0.0860860342937961,0.4669356969323831,3.3367404685260635,1.6010111266985223,0.1868643554986011,0.74726416180977,0.1596975781172564,563.7646983041823,1.611829395873447,0.0285442688064789,23.743729662885364,0.1063475521213381,0.0449911937286366,0.7675865886292379,0.9709744622536208,0.3289483281915015,0.0625654196806657,347.4194144935793,-1.1586989589012149,0.1642742389671212,0.2622344504721575,6.655080117818438,1.006255312002786,0.2392456890683269,1.0587949649460393,0.1892900880626009,0.1875407707858853,0.478064636817723,232.08681233,1.034178166847188,0.0456849705564774,15.234395699534655,0.1289629132656416,0.073356125936129,0.3310258846988053,1.0013872603102514,218.3574027046045,0.2882714970203111,0.9529803548351102,-0.3032775808367621,0.3345289044415554,4.845066041441891,0.0328658559406674,2.0370370574074075,3.408792083550592,2.0370370574074075,0.0767696745881993,32.689697749716295,0.5728173697099643,0.2083280251324539,0.9357440446699736,0.1665865086130436,0.1374596044346294,0.4310902048809893,80.57650564,0.60936056853761,0.0478122877551479,8.976441702590174,0.1160895339638204,0.0695773825070707,0.2751625494553206,0.4484415965526351,124.30136922706228,-0.173748757304248,0.9441957263188356,0.0086313016378048,2.0370370574074075,4.9293782960964325,4.074074114814815,0.0450003024815608,22.229905003617027,2050.862068965517,10.402812341337375,170,3.676235773738751,1.86206896551721,1540.687192118227,853847011,2050.8883224910246,4.475247524752476,29220.660687260308,2.69911720236063,10.965743237577437,27.43805507095628,4.0,1.6773729223251288,416325,47.91299942377108,0.4440798662443108,0.0231168887237593,0,1,174,0.5763546798029556,1.0696937855559443,1.270833264011189,17.207970115407072,16.00000016,17.359104431672495,16.00000016,185.3703946019704,71.72837639456893,1.9867937324106133,0.115355189768673,1.233899308720861,0.084988955538651,803.9998926355838,1.9901232635483104,0.0396294426602982,28.35489186429008,0.0565485742072899,0.1027087430151523,1.0085273615971506,0.6034933893677277,0.1499457530739461,-0.6626757710612841,403.3191276793545,8.713353205051193,0.0747270776095954,0.9027337064489298,1.76234286609275,0.4442199528424677,0.1221631043683825,1.2038774229146487,0.0834329994492542,43.07287986210484,0.4606318206524173,0.0404044017790076,6.562993209055213,0.0585236828499997,0.1060129667855522,0.2378119129365322,0.623451400825635,0.1340248427794982,2.99781530180291,90.17665042702096,21.12870085857295,0.0679603612675936,0.8797677082751537,1.9367496483828173,1.5704178305097791,0.1475413463342595,1.4966308040729246,0.1025430296411635,505.03829563713896,1.577299393749599,0.0406937249346687,22.4730571048342,0.0669394225065091,0.1290284536201334,0.785866046757282,0.6155800539204105,0.1535170157776435,-2.975434086953705,318.7948195934852,21.526045874861243,0.0809581429041761,0.8859916568366806,1.8484564541056008,0.9963608322204704,0.3066120801925228,1.0794547119042053,0.2664304766271091,0.2669114622592273,0.4658232556148931,220.5154018,1.0422488990100611,0.0480664893552478,14.84976100144376,0.1708445289871714,0.0853184448635291,0.5248629497154587,0.5807821477127644,202.26124894075548,-0.8878882021698531,0.9612332842440348,-0.2634504833275042,0.2822987591554527,5.609773453063071,0.0580092981830712,2.00000002,2.9567683482252622,2.00000002,0.1124939162625791,32.70038405707056,1.0939731408832658,0.5869519549816871,3.6624998090229233,0.4336369092530964,0.3834021592072617,0.8514444212231146,312.53732298,1.2408032575873618,0.1176328541009193,17.678725151435554,0.3010822713437869,0.2922073205955112,0.7387361433264321,1.6529257777725923,222.07654759930296,4.797088105260858,0.8754402877737757,0.0964121849857114,1.00000001,5.956839147430397,3.00000003,0.4197374229457687,83.3026377766332,2044.5172413793105,23.24628040673128,246,9.7526753864447,3.482758620689765,1535.9926108374384,848659461,2044.6487419193825,10.133663366336634,29131.76034845817,7.834999756133248,26.88414822423381,27.40054653815399,6.5,0.7023814650471247,415037,14.587073032622962,0.3310960420981322,-0.2541627440112677,3,2,183,0.458128078817734,1.170164080106697,1.3076857316078685,31.4343054750056,18.35643727728728,20.83739524630303,18.35643727728728,575.2658630168875,124.7945304145028,1.3810947349831992,0.188581184350266,1.2220354762730865,0.1470760908476379,394.3904997450294,1.393847317166257,0.0519623196138997,19.85926735166808,0.1006280997234026,0.0916311062325086,0.6989415489200027,0.8813991084594617,0.2247711490119532,-0.376211179754383,280.36223120158945,1.3151011487610895,0.1136180453129018,0.4986514089866104,2.697655511061459,0.4536231986922778,0.2147372175982214,0.9507348797597064,0.182151600210657,51.08676196714703,0.5016561830043931,0.0532515846133776,7.147500399940319,0.1215036078629883,0.0878668644361394,0.2528985949019218,0.915833878096736,0.3376191996573384,0.2658805615008624,92.0855093345324,-0.8592347419768838,0.1723186304247162,0.4198216399590548,3.23065983130685,1.916737929903669,0.2236271514101622,0.8543803835064256,0.193523318248572,755.9003500373357,1.929675372833186,0.0443501024553812,27.49364199296513,0.1269885868366389,0.0587521123116238,0.990621722333643,0.9653831282544152,0.3796679021325997,0.0794007782684319,389.0977997704449,-1.1433723015010009,0.1912330729264786,0.2669872744600465,4.585065548521495,0.8673232112746588,0.303953994437695,1.313298698448094,0.2457110734462701,0.2167813294561243,0.4246023541708094,171.36904142999998,0.918794030291078,0.0534153153654081,13.09079987739481,0.1646263589729664,0.0827195838179055,0.4275385949106703,0.9725069476546536,176.06661188875574,0.2971550572086703,0.9628843435567764,-0.1540134384437732,0.2785719752067791,4.493103509169346,0.0502580649582593,2.039604141920808,3.205195520494178,2.039604141920808,0.1191244407688207,19.82941880869502,1.548319979709746,0.7091707698293005,3.626041657316563,0.5814787206119284,0.5187712592054594,1.13951271699958,588.24131871,1.702275091240002,0.1684253339263086,24.253686703468404,0.3892033681240742,0.2328967482253114,1.0164209231645946,0.6967293602262786,314.3089558810784,0.1367005819341584,0.9459218579071438,0.1570139797689711,2.039604141920808,4.137139247861942,2.039604141920808,0.5769999508093124,28.66830427605253,2048.4048780487806,57.15782223593427,649,33.427293277810826,18.40487804878057,1533.7878048780487,860838793,2049.198288206938,44.19607843137255,29340.05441371914,24.186083213773315,77.21557548862286,27.41915693707177,37.0,-1.4169411154477864,419923,14.468949479551492,0.0869610866871542,-0.1944327332186135,10,24,202,0.4975609756097561,1.3869349389263803,1.1958020294452616,158.90386209378605,11.00000063800004,25.766443714266387,26.00000150800009,2673.6178764832034,155.06377685287802,1.7940241579996747,0.5623910978510871,2.906931216030103,0.4739565916068734,724.3190336709197,1.8796977360422968,0.307808595720949,26.913175837699267,0.3116912701406645,0.5376865215511052,0.8840659937040649,0.5416340593766089,0.8765500452297703,0.1380189151501182,367.7749523899333,-0.6202961999312859,0.4294810957814745,0.9818001424802336,1.6846940134827997,2.451778863710321,0.5241026612957446,2.109651596367033,0.4395011762777699,1288.3354716037834,2.506903124597362,0.2248717195303535,35.89339036095341,0.2837564620999607,0.338848817839574,1.2371725800836877,0.790629107478664,0.8151610944840448,-0.7932330408387755,502.6146670606159,-0.3511932050260622,0.4412663737352429,0.6641288936556362,2.2662496405388968,1.5277605740020843,0.3955957623946923,2.2541665085317373,0.2867277166239541,510.4059216262375,1.5779052517634329,0.234333319575434,22.59216504955285,0.2045557599425983,0.3715963401451711,0.7537415406066765,0.5584794516383407,0.3467875324691287,1.0015093715019907,313.19091767042727,1.634997218242773,0.1835259357746284,0.9659894101952936,1.577120201804182,1.3667907614767092,0.704393057504999,3.2265907311766187,0.5782725053565808,0.4211524367261867,0.642838473348551,484.18257627,1.5368364342724692,0.3166095882626957,22.00414906943688,0.3883623889328681,0.5097386472829766,0.8634622550167004,0.6336943486338695,280.1921061027254,-0.1936450773758289,0.7352683997604632,0.1477007787857459,0.7437415576571601,2.016771830490001,0.1455622231824706,2.000000116000007,9.016423416647106,3.0000001740000104,0.5065056728768481,118.42586119127408,2.911694569999008,1.6263833217838666,6.89062901463731,1.4452468195793022,1.5749284027946735,2.146472721053533,2277.5879128500005,3.333194404881256,0.5172168115725978,47.72408105820374,0.9133292543974384,0.8918858185170869,3.2742190078809745,-0.0540733708263017,596.8973868497965,-1.2772470998421084,0.8493305987181787,1.0747577360449474,1.0000000580000037,6.648365827165169,2.000000116000007,2.2897679409464984,110.30862769257156,2115.1509433962265,123.39051346951948,636,100.45336418654324,84.15094339622647,1591.6745283018868,951671586,2118.730024116886,94.49289099526068,30849.17480257778,68.23397120629527,122.02443232938252,27.787980103745287,169.5,0.0397801177431563,448412,-0.3018641125615962,0.49913359219472,0.1098187491239188,44,86,211,0.4575471698113207,1.0511362055802698,1.6734674921839665,1889.6632486275464,2.056603981301908,16.75730882328626,12.339623887811449,13840.412929330629,244.0911376947276,1.207508996592264,0.4631145319256866,2.722902538699211,0.3623875198403776,354.3667707951041,1.2928810353915086,0.2536404645414281,18.82463202283392,0.2539552146178855,0.4635518837559153,0.6041993883045205,0.4913726071233197,0.5804524229073342,0.1240320013434302,255.99190727756,0.4478436307290616,0.2929079927485135,1.0657390314660853,1.598129226079665,2.530223356510158,0.4675263720456427,2.1593647631947004,0.3710215963456572,1403.3509812776324,2.572854465446149,0.2086303185878586,37.461326475148105,0.2447239885569258,0.357061581407746,1.2970015778979036,0.7045625667852261,0.5726325819456255,-1.1419391921031876,536.4073515801535,0.799072195586469,0.3444336327162873,0.8056627668637715,2.0886168971400645,1.4997321905912948,0.2991505820473475,1.9359198478314423,0.1952555301432469,495.7123043470872,1.5291388382167477,0.1622831370649098,22.26459755636933,0.1486397528692647,0.2763254035486944,0.7432786763664647,0.5727009319756875,0.2066463790568937,0.4116199080875534,317.9432244053545,2.2936381952383904,0.1049108491755832,0.9885970016241687,1.5114318582221489,1.2865893864590858,0.556998026483934,2.5889521250932623,0.4366483033451005,0.3334826796129885,0.6346258513791783,416.38827198,1.4014619590082245,0.2492973545438756,20.405594134452446,0.3010989877176822,0.4562303051674295,0.6323194887333354,0.7941761278598843,272.7569499293262,0.2386871707742344,0.6622408547557462,0.0564858472575618,0.8756027823189553,1.962666775076004,0.0949972673821886,2.056603981301908,10.703345262957964,3.084905971952862,0.3306582990724628,170.8556927153953,2.698614143691412,1.5757952574914371,6.483916351075997,1.3813227789448788,1.5261815146986368,2.0467017477479184,2067.8344552000003,3.1231292175371106,0.3575382370952906,45.47344780418569,0.8893364663052822,0.5805488533624215,2.9990138460739795,0.3022280947607471,572.1061984625792,-1.031187372336623,0.9314990132998284,1.1170085946464603,1.028301990650954,4.120135809466444,1.028301990650954,2.0884310113484257,59.90185333675563
55,2.936174935413098,0.1039157314184719,0.4513188472982028,0.0869760367034791,1873.1162170575667,2.93800475969785,0.0354057920468227,43.27951267121161,0.0584769048498777,0.0520838206128013,1.4473078073656835,0.8732059166438181,0.1686441820748143,-0.1760632021659819,637.1499609846422,-0.7427051409193135,0.0820391237776623,0.5473836522014869,3.1215106510456208,1.6165063216814102,0.1262098578804592,0.6015226059404559,0.1017049189747171,570.4817618006643,1.6214031611733613,0.0419059226964558,23.88476003230228,0.0698297525810125,0.0612715852131529,0.8068349467558983,0.8806958679749379,0.1597911371806839,0.3474215494864388,350.781871804866,-0.3908396597004357,0.0805974142238845,0.5294883644595735,3.0166319121249785,1.608328383328896,0.1823102746776281,0.74726416180977,0.154283453664271,568.4974807614858,1.6185808780560489,0.0341724905261505,23.84318520587142,0.1036448987557557,0.0519991224917284,0.8156258756622894,0.9591048267323944,0.3289483281915015,0.0228514539366348,349.00725918237043,-1.1012017609260671,0.1647279836904791,0.312301842924994,5.62000058586185,1.0154096877648262,0.2247381842005306,0.9099745613070266,0.1852394306511736,0.1893702630975708,0.490119554729356,234.64889929,1.0398708252151516,0.0514071843740894,15.31825379375861,0.1254005623898618,0.0794305045092446,0.3619845122233477,0.579892430308808,220.3439022449673,-0.6224424634244765,0.9372517786066064,-0.2579922417906145,0.3870783368022412,4.4822945071424245,0.0275152631262762,2.0370370574074075,2.976558997094948,2.0370370574074075,0.0596709891617561,23.128706691876488,0.5864199456175782,0.2139284818174492,0.9357440446699736,0.1719796805898972,0.1466636835814361,0.4315276730404286,84.50909791000001,0.6240535614124165,0.0538539748868126,9.19288300317153,0.1198143931056916,0.077835188896017,0.2972128065508804,0.2247085182766388,127.25312819901448,-0.4061254184532092,0.9336486989045258,0.0078519832407752,3.055555586111111,4.905086439643553,4.074074114814815,0.0355048269267294,26.17270166654923,2051.0392156862745,13.83678368093728,170,5.361399461745475,1.9607843137255256,1543.0808823529412,858218286,2051.0856594381767,6.0,29295.36287537671,4.258765575195596,14.1994935037679,27.43896810226449,3.0,1.6432926649752455,418412,21.49148825884877,0.4734429576459743,-0.0391189035874397,0,1,173,0.392156862745098,1.0490873753721417,1.2708245519046015,29.984273828407023,15.843137413333334,16.820778657350505,14.852941325000002,316.1964216547648,65.52625641122629,1.9796272889533475,0.1174538033332939,1.233899308720861,0.0834187624887173,802.2610028176746,1.9830915194706584,0.0454689705480967,28.32421230709999,0.0568110356440819,0.1071164208765716,1.0006657528568126,0.5830914982759975,0.1267033725549344,-0.3493606120857038,403.8439669464829,8.070839610614893,0.0666716309324316,0.9262798246761804,1.688860127546785,0.4409362754135803,0.1344206546266702,1.2038774229146487,0.0875161115469232,43.33064820624587,0.4608743193820969,0.049757440504082,6.582601932841289,0.0625582804726486,0.1248903725521267,0.2211148541725642,0.5674322141157951,0.1227973580767511,3.034283999051812,89.95100018437039,17.289342022418108,0.0659539263025708,0.9470245212318597,1.7897210133512962,1.5612199272185552,0.1617853619467148,1.537455674661199,0.1106505025877235,502.544587051506,1.5695393776823878,0.0536732269985047,22.41750626299692,0.072113113825112,0.1633050391062592,0.8019907705649032,0.4902875178436519,0.1662791124286562,-2.9634139251661984,318.4888651525853,18.571356543701107,0.0860155183263489,1.0302356485173176,1.6079085381720974,1.0135270279695372,0.3003444497068262,1.0794547119042053,0.2639375870794747,0.2654304028306428,0.4866708760018167,227.86833349,1.0568829806345177,0.0538542986976397,15.095308327092892,0.1693182666839883,0.095962897137294,0.5467162245360128,0.3812381879240817,206.7595137057856,-1.0842331264708596,0.9483717167254724,-0.2783721763656633,0.3254484647761109,5.116947033140625,0.0498964637208023,1.9803921766666668,3.509071470174089,1.9803921766666668,0.0915131523023732,51.79885816631129,1.2117342305002672,0.6534017319210609,3.640031231541129,0.494155000058838,0.4097718959646465,0.8769120670728947,386.2007345799999,1.375914552501104,0.1649615566766688,19.651990600954395,0.3411325653636605,0.4084209898690529,0.7989556763729171,1.4091465459291062,247.1937830220545,2.784558234140079,0.8038007212432905,0.1030985706808359,3.9607843533333336,7.980095751567672,3.9607843533333336,0.5448295823611469,125.86994126130818,2044.6009852216748,21.43452842787831,246,8.552791865854541,3.3990147783251814,1535.7118226600985,848712624,2044.712782894463,8.57920792079208,29132.672791901536,6.769277666682924,23.202615933092844,27.40114734456665,6.0,0.5826805255482902,415054,18.79249192510474,0.4136011740150705,-0.2750691777579632,2,1,183,0.458128078817734,1.08748858230488,1.3468066356987836,34.36153094482271,18.35643727728728,18.332113053534822,16.316833135366466,482.65822981005647,107.60551470159098,1.3710931521550254,0.1787278618175717,1.002899830977813,0.1433907907879867,388.071592688096,1.3826361497521529,0.0463961655067707,19.69953280380264,0.0984481874722165,0.0660895180156782,0.6801840868055883,0.9311008314392026,0.2461686780760372,-0.0918628733353138,278.33190988747015,-0.1503911032880496,0.1190745998136761,0.3773857088749109,3.2411102469675126,0.4480982691668381,0.2075210993909764,0.8266304274874484,0.1744481553393651,49.45991929442695,0.4936040139956776,0.04507384109363,7.03277465119045,0.1171140945301711,0.0593327424710665,0.235698134284975,0.9587564759699524,0.3137278177835995,0.322054816244648,90.96394864086814,-0.8489515875169822,0.1604408028550189,0.2908347686837922,4.010796715672386,1.909709952347651,0.2164429730880737,0.8769253860721706,0.1817492527339416,749.8026039664596,1.9218763973092243,0.0413668767826241,27.382523696081403,0.1219628130304521,0.0556675759860706,0.9683241215863492,0.966628965253428,0.3267576409775066,0.2675317007121891,387.6711203265732,-0.8578572236044919,0.1632066406754522,0.2604442313853587,4.609870994962996,0.8731665698461557,0.293868265382056,1.2973922957708337,0.2472612285377004,0.2310161097861596,0.4069708811631198,172.21565991,0.9210608039010012,0.0506064549562928,13.1230964299589,0.1625471540619326,0.0724363972102042,0.4585428272352048,0.721804048612657,177.2528136787696,-0.2558250774945212,0.969450556184342,-0.0462999197021108,0.2514678344018615,4.446445735250953,0.0460859991078894,2.039604141920808,2.7868265745757954,2.039604141920808,0.1030948963575725,13.574033309356038,1.418659250215223,0.6061389748540276,2.985105719131876,0.4955812394719593,0.4432482547881674,1.069595375218252,482.77229613,1.542137688692777,0.1455720893131864,21.972079922711004,0.331209859230358,0.1946161757078006,0.8895731529399937,0.6882097857609155,287.9878277936903,-0.1464159850598414,0.9479798500016172,0.0795379245664063,3.0594062128812123,3.763668858334266,3.0594062128812123,0.3619876459194003,20.37813398461115,2048.131707317073,52.66577207771064,438,33.437096966091616,18.13170731707305,1533.4512195121952,860508747,2048.8054187507505,42.96568627450981,29334.42937914423,24.566403634624585,72.49127736574688,27.418332757775165,38.0,-1.074319326390902,419867,7.536998800171894,0.0507237365017863,-0.1848910651650878,12,27,200,0.5073170731707317,1.4139656966404703,1.1937446514259178,158.19983150015273,19.000001102000063,25.07387521695211,24.000001392000083,2974.6127794537206,154.96250493197678,1.754697267366702,0.5279932168619318,2.5030059921717367,0.4403930130426922,688.0577872800061,1.8320424258587384,0.2509185723020503,26.23085563377615,0.2927825227686665,0.4346435849932528,0.8842422652858973,0.6591938934759644,0.743337351089389,0.377169879651028,359.7129398101739,-0.5579893276889831,0.3759847494728749,0.8472754878137944,1.8571139600064208,2.498825636182491,0.5114299592471729,2.6945703593817587,0.4145553947813978,1333.404922864756,2.5503753170615613,0.1990779658855299,36.51581743388413,0.2637568949614475,0.3348417127342358,1.2714187922933309,0.783721199500536,0.6480850120668484,-1.187732620123764,512.2592554174107,1.0456685272599642,0.3871627039478831,0.6725070499413272,2.326469623854554,1.5054788100959524,0.3755256866258465,2.2541665085317373,0.2654284715845766,493.39360819625045,1.5513858606943012,0.2108540159364329,22.21246515351798,0.1895894403625038,0.3501638345308343,0.7538969930622499,0.5622224709020471,0.3123645428880117,1.2837791634374165,308.62315606967024,2.2918436893013205,0.1706207132574482,0.9595812921583866,1.622659920539621,1.31945377103809,0.661084454644225,3.2265907311766187,0.5260157919215964,0.3736354639621484,0.6506772427094706,446.05110391000005,1.4750793346337054,0.2740255019564785,21.119921967422133,0.36087185912196,0.4630144307315705,0.7321544308813879,0.7022739693307052,270.48802306280845,0.2834986357044151,0.7547191651034113,0.1404600490425243,0.7207396325366131,2.0250347303864658,0.1199376473999286,2.000000116000007,9.734946539381564,3.0000001740000104,0.3901506449718944,119.5848654920583,2.78269964042365,1.5282597796461366,6.56817209876087,1.352443080207263,1.6043921211401653,2.111956673317553,2063.85844684,3.1729484993783488,0.42522327364834,45.429708857090425,0.8608894782438193,0.7794333280984302,3.2144906526092933,0.0002565366687025,570.4534262868483,-1.2224051667884688,0.8693012699246149,1.0314538483911708,1.0000000580000037,5.422212575120377,1.0000000580000037,1.965677045265575,87.4475184176497,2109.0,125.4310238640059,588,102.56038647342996,88.0,1584.5772946859904,923952353,2112.7086730541123,91.2864077669903,30396.58456142729,69.7805919046949,118.59707833792224,27.752177008760142,173.0,0.1785416145762565,436563,-0.5606912884614581,0.5529407686877144,0.058955348121135,40,77,206,0.4492753623188406,0.9837682881307656,1.7163751529382911,3668.042966439162,2.116505068135944,12.684467626836131,4.233010136271888,17679.133048985495,202.1324227268809,1.1856700207095274,0.4913026594030439,2.722902538699211,0.3839535551008989,340.7273038340513,1.282975300770331,0.2874625871258755,18.458800173197915,0.2705692565664146,0.5040010301212308,0.6080698142019266,0.4717128787399892,0.593913810967425,0.2963602633940016,245.43369428687217,0.2469772964703525,0.302947022645668,1.0787306254800435,1.5541126994751595,2.4701343896185843,0.4702293353843386,2.1593647631947004,0.3784117434497244,1308.5735472130452,2.5142814757288923,0.2261124034602646,36.17421107934553,0.2498904226544819,0.3818222802685576,1.2727827232132514,0.6692480200080861,0.633908926015454,-1.0067834825926785,511.317818651047,0.4972980350274092,0.343623785557781,0.8475908676433821,2.002039399272579,1.4917365633125768,0.3219977596712513,2.045629066449424,0.216957295197995,481.9911474750498,1.5259291102924546,0.1931029359519371,21.95429678844325,0.1638585720850862,0.3042727533144904,0.7592759832225688,0.5534283028078845,0.2287659087582947,0.2205414392809036,308.7894686057034,1.695492269023689,0.1203439920521114,0.9974951316959052,1.5107760480340608,1.3506133035371484,0.6206797208958316,2.819948981835781,0.509297404752436,0.3998961708730872,0.6090295062355079,456.96047629,1.4857787630740764,0.2798433133128348,21.376633885857707,0.3399406642388844,0.4880246846327526,0.765312315952285,0.7094172140273759,279.5769538321897,-0.1572303259035972,0.6903922820126966,0.116259391203023,0.8324091811964972,2.040593370853529,0.1162144538109983,2.116505068135944,10.728083722658214,3.174757602203916,0.4159974054847823,194.350272666207,2.83755082667225,1.5907065214983296,6.483916351075997,1.3746050186245544,1.5238009752350443,2.097145293357602,2187.95233258,3.251125656105504,0.4074364347180955,46.775552723404566,0.8994086378245071,0.6422881088083477,3.1082381037947453,0.1885935068127283,587.3730211211557,-1.0309546432760843,0.9182718321786636,1.071729876324473,1.058252534067972,4.623594635411645,1.058252534067972,2.38377172172264,64.75270082113914
56,2.93630663700646,0.1026324363704953,0.4336891751782286,0.0845482859129399,1881.8592247911336,2.938091517481534,0.0342300415595276,43.3804013903875,0.0576701328567935,0.0484021111335412,1.464891337569432,0.888581063865808,0.161326026096936,-0.2524341798514863,640.1148468674082,-0.6479922711185653,0.0805587129244531,0.5156484180324997,3.155853506015795,1.6185849000045895,0.1341903003320108,0.6160150977875549,0.1108102493790189,575.0276500825782,1.6241125312429143,0.04382801874199,23.979734153709423,0.0748288042289239,0.0647872409399273,0.8215574362436677,0.8830222762370333,0.1887005336074434,0.3328220407035397,352.8515082010005,-0.632320023172475,0.0960913246945486,0.528544883245379,2.957801199496126,1.5798040242256293,0.1785426134147512,0.6178159522495057,0.153419675537368,550.9976144438479,1.589815081341754,0.0350119845668615,23.47333837450157,0.1016976196896788,0.0525580987125282,0.7933266668092084,0.95643278696354,0.2941406344074291,0.0666398958652543,344.3972772811872,-1.164420812856637,0.1516381722063223,0.3234874545975872,5.239120574873145,1.0214662013645015,0.2471518497620549,0.958351031131802,0.2099717769418153,0.215989226595589,0.4968878708305796,240.71495371,1.0508078013447428,0.0474006079269526,15.514991257168017,0.1371964916305482,0.072410645739212,0.4104988726772749,0.658214586534192,222.6796318974613,-0.6635017947238522,0.9567323074655536,-0.3286263347394159,0.3210765550021443,4.982117105272676,0.0305445553349409,1.9633028347522967,2.950523989251165,1.9633028347522967,0.0597252754445605,21.984637925977704,0.5507222298547831,0.1987760840900864,0.9018515796535026,0.1679753341232398,0.1674207132045992,0.421992397886713,74.69239359,0.5853423431375221,0.0541439168912668,8.642476126087939,0.1118813808252702,0.0779544918153498,0.3308824592716818,0.0133680609928838,120.05744610834272,-0.7463247304534177,0.922563473662505,0.0078238017924322,2.9449542521284457,4.5575612257678015,2.9449542521284457,0.0317998196417377,25.88338866060118,2050.960975609756,10.787539972179124,128,4.626484235574061,1.960975609756133,1535.7682926829268,862344129,2050.9892069021885,4.882352941176471,29365.69646713662,3.582544237207078,10.92263345391703,27.4386187270614,4.0,2.25255515391528,420447,22.27463024544504,0.4619082776287442,-0.0948552811631024,0,0,172,0.526829268292683,1.0428978697364004,1.2332609380870896,13.442458682896516,15.000000870000052,16.554643566985256,15.000000870000052,141.87003738783412,68.42830814618651,1.9919123364418485,0.1096949467543785,0.5644136682486509,0.0893360159427266,815.836253188254,1.9949157977074377,0.0375359324177143,28.5628474278783,0.0608334951454901,0.0579470496880241,0.9903204016996404,0.8591644292052997,0.1659309201463148,0.5260759297712201,408.3420289705789,-0.1954018140763156,0.0836603693204982,0.5431146211487683,2.5434906038350755,0.4410750159755449,0.117008634572164,0.8983436974237968,0.0897578899323765,42.67513798730079,0.4562580463028586,0.0405326667949218,6.532621065644386,0.0622310295088846,0.0818864373944233,0.221496995604102,0.7530705853337273,0.166756671906847,1.271310319480234,90.42037827498672,4.947192622456637,0.0850386346598788,0.7210632333519265,2.206919678135357,1.5627657916257307,0.1273579461303796,1.244889787598238,0.0945173124806788,503.96745796677726,1.5679215043299766,0.0404011981428656,22.449219540259683,0.060608536173532,0.1087861977161887,0.7802303471966852,0.633430492689984,0.1430812028809576,-2.063583358647474,320.3669872832748,11.953599503794646,0.0768351056632656,0.8811526000972363,1.86889895236202,1.0257940068142437,0.3150661678459869,1.1934390317712549,0.2804972459374493,0.2874589812330375,0.4843024381667538,235.96234039,1.0728633681790465,0.0493985856869313,15.361065730931562,0.1772153291362738,0.0739140499443994,0.5743631778289783,0.3591986798242325,210.28777139692,-1.136028249224741,0.97233175105667,-0.3542779753715973,0.2411869639277842,5.986564879296522,0.054367600493313,2.000000116000007,2.572247350235205,2.000000116000007,0.1003494227591801,19.26591990934183,1.1262193469192137,0.5957009905873472,3.640031231541129,0.435576607198502,0.3686980600895959,0.8645338090810046,332.40722628000003,1.2733808011669123,0.1282300214402449,18.232038456519337,0.3049894394549443,0.3155010894159706,0.6534038376353146,1.58809976375169,230.8749661184388,3.4585985946945814,0.8532785665909026,0.0594712720064583,1.0000000580000037,7.7057001520246065,3.0000001740000104,0.2871576020630694,134.40838000667316,2044.7586206896551,23.403390252606723,246,9.8936640054357,3.2413793103448825,1535.9704433497536,848861316,2044.8918889365327,10.425742574257423,29135.224660194403,7.950373116129347,26.94659184166317,27.40194212824853,6.0,0.846092537502733,415086,14.37268586585911,0.3370002482577103,-0.252868259482319,3,4,188,0.4532019704433497,1.1651179276386907,1.3329942720201409,36.041786971657466,17.821782178217823,19.416170044190125,16.831683168316832,565.0191033527095,124.13102088636394,1.3835781649123056,0.1640159488094107,1.13167013464732,0.1278194868863958,394.03462205538494,1.3932183071953796,0.0494514460591988,19.85030533909705,0.0876368738510116,0.0815141813279479,0.7003290790778057,0.8757860531523102,0.2132072820708581,-0.416997275726496,280.866367477198,1.456111935288574,0.1050169520700081,0.5093002680829516,2.7485927579513145,0.4305464779345629,0.2077372326753577,0.9409143073470252,0.1738531783483606,46.34742582495936,0.4778205128366555,0.0493155274988846,6.807894375279288,0.1165902314822905,0.0786013791911107,0.2266489557806152,0.9277679908860268,0.3118699643137329,0.3877612469376499,87.40093502071628,-0.6898306279868209,0.1595320085020658,0.387535540185182,3.6149721030020574,1.900503887884127,0.2233270507709595,0.9376733329363972,0.1885391293652203,743.2934949205478,1.9135162162765795,0.0424870321920668,27.26340945150749,0.125504881067433,0.0589553326478659,0.9741287325091422,0.964950371226812,0.3487836602684879,0.3110979657257574,385.80228924047776,-0.9041580565174456,0.1807788623002399,0.2680751846973503,4.479792345808758,0.9010597155294776,0.3064453674852248,1.2789000151123997,0.2546221667882101,0.2262272089045816,0.4234907673725296,183.78701820000003,0.9515013239392408,0.0497342160506501,13.556807079840004,0.1702968504102422,0.0725108460770968,0.4464418055652528,0.6742478656204564,182.915122252484,-0.3458657454704603,0.9716928135985852,-0.1130004385166438,0.2408888659166499,5.122156146480314,0.0475344407476902,1.98019801980198,2.6490497090588803,1.98019801980198,0.0923745000897121,11.706788193828498,1.4523526473097303,0.6995062252606618,3.053046352653744,0.593557340955298,0.5248670301705749,1.0717387166699512,527.03403682,1.6112810997354037,0.1494199127080579,22.95722188811181,0.388258523025875,0.1973502908098363,1.057782228523405,0.5805644049412928,294.82758740387527,-0.5310767929751927,0.9599347569253948,0.1288350691689315,2.9702970297029703,3.4755917039725115,2.9702970297029703,0.4694574902006462,10.905607148047656,2050.653658536585,50.94760908377762,432,30.86810232004759,16.653658536585226,1534.8487804878048,862591502,2051.28336033573,38.490196078431374,29369.90810336321,22.969010043041607,68.90025470228115,27.43324099840905,32.0,-1.351982970507464,420384,8.992620959574198,0.0765384790487172,-0.1795010787765051,12,23,200,0.4878048780487805,1.3899048050300526,1.202228565515426,131.13205620011934,23.22549226314724,23.94307509304245,23.22549226314724,1850.7800831188465,136.28533497923468,1.7800649064404956,0.547379875598356,2.5030059921717367,0.4598605942809736,710.6928141387621,1.8619329244929943,0.296223897455509,26.65882244471353,0.3071463597966688,0.4773105686774327,0.9010032925571038,0.6191340684505106,0.8559419807448809,0.1722416081252022,364.9133058203016,-0.7039022636998729,0.4155218442222954,0.896520217786363,1.7409778865927477,2.44926690389206,0.5069062512198778,2.649685630031806,0.4090257974821858,1282.1948204279656,2.500921606155702,0.2335724297397781,35.80774805021904,0.2655905395644518,0.3661226389908411,1.2287960264545403,0.7378530017808874,0.6534605764703025,-1.0885602496200215,502.0997152978723,0.8897455024091179,0.3801479029309695,0.7414558696450907,2.1498985696782302,1.5181847937585478,0.3952302431783108,2.168446229501792,0.2882110691031945,504.3676557449839,1.5685439196988753,0.2461235480099862,22.45813117213861,0.206165802540617,0.381607110374438,0.7368867040904767,0.5336139869808991,0.3878685088499218,0.9848783156696196,311.2278827205023,1.5155322705965069,0.2128806930211479,0.9926421086714768,1.5696645954662949,1.391013950564721,0.6957887702891419,3.2265907311766187,0.5766376118673191,0.44248555352012,0.5903293510215355,495.41945181,1.5545675452458498,0.3378798502098021,22.258019943606843,0.3879119543720369,0.5165275482310544,0.8915983248853114,0.463215731633455,285.1578598657678,-0.3177715853599232,0.7241803787989898,0.122237238183059,0.7629702196153672,1.9496065055908296,0.1583603860514823,2.0196080228823687,8.274536412016356,2.0196080228823687,0.4714165806955985,112.4261635946482,2.97980813602797,1.5399326836646725,6.528863545816685,1.3484952704268685,1.4488907993253917,2.1796911586170014,2304.0116928700004,3.352473926615112,0.4918429542416782,48.00012180057463,0.8636691254792885,0.8535073156233838,2.9542985890899134,-0.156452175973803,610.8606678857338,-1.1376667459222225,0.8457618112073247,0.8976880595431296,1.0098040114411844,5.207952583518072,1.0098040114411844,1.893329781768729,83.1896225966366,2098.743842364532,112.09805378502732,571,88.45121211385865,72.74384236453216,1577.371921182266,896697647,2101.720673205015,92.68811881188118,29944.910201902425,61.36053260498464,120.38722589384574,27.69761066402022,140.0,0.2608231915831909,426045,-0.0944618232143001,0.4187482787711126,0.1031474236194263,36,77,202,0.4334975369458128,1.0940141086258288,1.5254709387072258,2130.9590097094656,2.039604141920808,14.524285209569848,8.158416567683233,13126.095562712451,209.146628725146,1.2084454692517406,0.4832972806073436,2.5699074945981306,0.3838311652574764,343.6315165988528,1.3010634464237183,0.2336484758655773,18.53730068264668,0.2665696618502258,0.4296075024933344,0.5893070754074956,0.5978897472214049,0.6178623214980445,-0.0599293261388373,245.31443025810336,-0.1379509247817889,0.3117815006527105,0.9069635171868176,1.7163859709089155,2.503430797629112,0.5058429125281622,2.709941331695303,0.4092269659145059,1323.9218135144451,2.5537780507678174,0.2136576525120599,36.385736401981,0.2594484045217187,0.4096512438440711,1.2565336529076352,0.6715832549100256,0.6673898612427029,-1.2513106216993113,508.1964519187097,1.445776618248686,0.3612596203329081,0.8242534679564096,2.0486338855252506,1.5186627245232946,0.3144383076197037,2.045629066449424,0.2029247986388305,488.1583363422189,1.5507162437663706,0.1706996511912406,22.094305518441143,0.1530549019284229,0.2760705122085591,0.7553311492593441,0.6144476241246344,0.2045072699935302,0.4848646859497584,308.2885330782288,2.8741442291051924,0.1046406646836339,0.8907367753249504,1.537446578458054,1.3153061037546918,0.5845110529043591,2.819948981835781,0.4684912154100301,0.352586913128474,0.6606670038010318,420.21006029,1.438749560206735,0.2326804741080335,20.49902583758556,0.3161858492795932,0.4274480021816907,0.6735850535394863,0.7999972860787283,267.00713906220244,0.2275118641052036,0.7273336224243145,0.1520298098718455,0.7439196658970787,2.208701809669025,0.0944675976567728,2.039604141920808,9.335219168431909,3.0594062128812123,0.2988831901265006,170.0496038508309,2.6027997162877465,1.5178328728476151,6.05587106504219,1.3247321803313072,1.4470276626370275,2.033465115054814,1840.60793095,3.01115163062421,0.3538104464834953,42.90230682550765,0.8547956766222925,0.5721899386492955,2.7569552541681177,0.3337096144026353,528.3683424064126,-1.021025576216417,0.9284008967403242,0.9410534123775826,1.019802070960404,3.378018205757909,1.019802070960404,1.834319421501913,41.285986450634674
57,2.951546193549303,0.094302197670293,0.4321040878868301,0.0784637724545792,1935.9460669407767,2.953045509133327,0.0313223844106156,43.999387120058586,0.0528387479416875,0.0441579041516139,1.4644644295988605,0.8897142414136195,0.1597952723168232,-0.1928296064116941,655.2432549679452,-0.6442328357160321,0.0793130022697259,0.5202606665449735,3.1464495596187176,1.600128623496444,0.1156215543315539,0.5500541783138431,0.0920310148182328,571.3657817901983,1.6042816890414495,0.0400828013762811,23.90325881109516,0.0639935187644445,0.0583403716126974,0.8079348931367203,0.8720637689451657,0.1385924818637578,0.4343309082606386,355.22855441621056,-0.0936332210428401,0.0734568721535531,0.5622517414925465,2.7430326615488045,1.6160624324029398,0.1689572249094613,0.6284020494301259,0.1421174066196998,586.0968145548043,1.6248309885147616,0.0341487442269374,24.209436477431776,0.0958978740817979,0.0505367012798209,0.8091153289795442,0.9550782201991738,0.2991628944923843,-0.0649020999996385,358.76585999345264,-1.08579552290843,0.1508442122937647,0.3332986047915581,5.021326320791515,1.0432515209119364,0.2445507419749932,0.958351031131802,0.2037335342941422,0.1995602552246665,0.4958756336627715,254.83588881999995,1.0714053430420716,0.0489999997474226,15.963580075283865,0.1357155976409331,0.0735400361178878,0.3909103200315162,0.6810845559927309,231.60183764244988,-0.5522747569554567,0.9546974769738662,-0.3396880020655982,0.3353421983119836,4.587226886676486,0.0296690882084732,1.9279280089009043,3.0646901307382306,1.9279280089009043,0.0560683060712002,24.95239165338708,0.5908743724148604,0.2146024856917543,1.011532295772352,0.1786234972420353,0.1684878949808853,0.4295249194051219,87.68540446,0.6284737857455706,0.0530427283591568,9.364048507990548,0.1199641164459445,0.077408939574605,0.365056654309103,-0.0697813244066055,131.17411067609902,-0.6579755518141526,0.934821467041059,0.0091564167848715,2.891892013351357,4.969830693548788,2.891892013351357,0.0320930753626336,32.29140534647074,2050.7170731707315,18.305360599720416,263,6.381867935752529,2.28292682926849,1535.6829268292684,862183663,2050.7983727937903,7.318627450980392,29362.964138519805,4.618316594930655,21.91662007003173,27.43688039768391,4.0,-3.767154871658559,420397,51.774736286175006,0.2832435381233748,-0.2276769187361389,2,1,177,0.5024390243902439,1.2265276058321997,1.2846003642253316,32.186225389899725,15.000000870000052,20.64694028371485,17.00000098600006,415.0443339591994,130.06009363371734,1.97349567774302,0.1083399848485706,0.8508013266115539,0.0813749621656139,800.8049246370938,1.9764527533018847,0.0455515960897087,28.29849686179628,0.0566783050823325,0.0823080614586719,0.9829897196614992,0.7093543844959215,0.1264722109976892,0.7486720048268437,404.5666139373191,2.255411816842253,0.0671620689433365,0.7789573149939476,1.926431987532927,0.4329550664490275,0.1415330848400965,1.379366105978972,0.0876531643664996,42.51371763788397,0.4553943219644737,0.0541656372208916,6.520254415119395,0.0636380359649758,0.1388272504572475,0.2052074722844107,0.5170935515183526,0.1300035006924779,3.687918665141875,88.75578862205063,24.699421028472617,0.0630958479994138,1.0056393201000395,1.7287791277455633,1.5644214819825684,0.172236095607926,1.8606761098282791,0.1087668068853703,507.7717031407234,1.573828179081764,0.0566671901774666,22.533790252434752,0.0697184929853905,0.1923060561174149,0.7810788436179926,0.3747215946444114,0.1454285003516577,-4.216079016639377,320.7064038064265,33.18508602388095,0.0829185271377876,1.144899291819372,1.4810366242599553,1.045214857102279,0.3075028056702531,1.1934390317712549,0.2684120573912844,0.2701499888493049,0.4969919973024629,243.24701699,1.0892983129452491,0.0577267053570217,15.596378329278885,0.1738481656923951,0.0946390248629964,0.5327254351927018,0.3378634820710857,214.2690457059672,-1.0623733093462608,0.9524963631150132,-0.2182744467353351,0.3160180033215755,4.815711209160937,0.0522767272233744,2.000000116000007,3.077682259664391,2.000000116000007,0.0918024603558932,34.51329419434446,1.2114865994170938,0.6055722322718019,3.711549597751821,0.4439325426860342,0.3546406623340066,0.8933156981241575,375.68887163,1.3537461512771,0.1746843535746511,19.38269515908456,0.3106542692083229,0.4444027562960826,0.6976464892976139,1.6246953379847286,248.3547528805042,3.942927197713422,0.7302624780443985,0.0742513455404886,4.000000232000014,10.309764095618474,4.000000232000014,0.3827469501853828,172.24843395011953,2045.088669950739,23.411557180340385,246,9.792181319614643,3.088669950738904,1536.5566502463057,849135413,2045.2220097010293,10.61881188118812,29139.92815708371,7.944203287323806,27.030693957824763,27.40386239735352,5.0,0.8040036398098528,415153,14.301779473564482,0.3334350384381346,-0.25228849778322,3,4,186,0.3940886699507389,1.1682828705924049,1.33148228330733,9.05013505517162,12.871287128712872,21.99287522784888,19.8019801980198,196.56429523279024,173.7189735480211,1.3505467820815102,0.1676545101381438,1.0870194533895885,0.1329844972451781,375.94507497338816,1.3608622935973047,0.0503487264077089,19.389303106955342,0.0899506528383792,0.0863011923660161,0.6987005900541136,0.8671351167225559,0.2486694433946823,-0.5092272387126843,274.1609967625466,1.2621475964657818,0.1269196167182626,0.526234562587357,2.7691552371433685,0.4379580574874798,0.2079691901769508,0.9409143073470252,0.1749762783715815,47.673612984693015,0.4846084854406176,0.0511093147307804,6.904608097835316,0.1167006129008692,0.0825521388779401,0.2176895280737844,0.9210650605420962,0.3137094760819414,0.3636259665476566,88.90548566995841,-0.7013002599729963,0.1550839632594032,0.4059134445567223,3.551555870112921,1.890924004749079,0.2158634263835604,0.9376733329363972,0.1772589478073812,735.258096930178,1.9031450466587048,0.0429389414288617,27.115643029996136,0.1205945632548315,0.0593445813724042,0.9558863971632932,0.9621982729447406,0.3199325354593441,0.3849466856044209,383.857572964063,-0.7083577667206629,0.1704613778416071,0.2794212647259515,4.355391090623072,0.9136745319386914,0.300809962676534,1.1821541506405857,0.2512894899070151,0.2317638557539858,0.4379164530305839,187.74293351,0.9616870785214252,0.0507483797645056,13.70193174373599,0.167843630825866,0.07379953088084,0.4480611808815709,0.6114861947757169,185.47592998355435,-0.5599105241087443,0.969865513566972,-0.1570109068654772,0.2503484423627379,4.919483399485483,0.0451411109340032,1.98019801980198,2.402851013716327,1.98019801980198,0.0895114524480743,12.58702279158996,1.4182360902412898,0.6894046645168427,3.0082607545339584,0.579561480546813,0.4920648263813059,1.077553384166489,504.31921823,1.5761761082714438,0.1411815580597018,22.45705275030541,0.3770942853936234,0.1932255082447261,1.0226540627953278,0.7414700257344078,287.90192631898185,-0.3326424419212412,0.9603950365733434,0.1121707486619821,0.99009900990099,2.918153345395716,1.98019801980198,0.386537961790847,10.510666476932904,2051.9463414634147,49.17388164523216,427,31.4967757287329,16.946341463414683,1536.8048780487804,863642463,2052.5325974061006,39.50490196078432,29387.79445620239,23.348684839789573,64.01596767719019,27.441061130742064,34.0,-0.5651841740396739,420649,5.623640528941024,0.1516591186485812,-0.111969510665306,13,26,199,0.4829268292682926,1.3367373717677422,1.1927458575047791,150.8567089117425,23.22549226314724,24.40087533317972,23.22549226314724,2204.7091702278244,138.47751922143024,1.728796476908152,0.5264279747958759,2.650471505381643,0.4385233768364961,669.2249261869863,1.8067960136823609,0.2530278423537115,25.869382021745057,0.2919910953514593,0.4281231811988821,0.8797542805885873,0.6668980671373012,0.7780141841173895,0.2810959066248408,354.4032777661712,-0.5140320035638388,0.3887192268229611,0.8352476794057252,1.7144756863679624,2.485845061709592,0.521887240666271,2.7026491406751307,0.4111098187954988,1322.3449860812543,2.5397762395017844,0.2186956006297316,36.36406173794746,0.2651472098259396,0.3750315203264857,1.2288038451190653,0.7409594060302177,0.5807280530768937,-1.3871727294641691,509.59823765046633,1.99297764279952,0.3514220157598884,0.7378657821427418,2.191516822121496,1.4929159563080203,0.3735223574670594,2.168446229501792,0.2644167783258514,485.3654668944745,1.5387125865071376,0.2053508864058282,22.03101148142033,0.1931034074932341,0.3213985130418785,0.7701886192490184,0.6288090216967155,0.3429746364166792,0.8777856287134436,306.04777104314417,1.923231983277048,0.1758563966730022,0.8830325528120229,1.6670216061602965,1.3802613162907271,0.6531988734337137,3.16399587248101,0.5320441263353373,0.380686336611864,0.6824618899414615,477.59029548,1.5263383499208245,0.2943282923442284,21.85383937618285,0.3580667188560587,0.4691456796038963,0.7869207374581866,0.6106080258214975,282.9535698395991,-0.0392884941354849,0.740219656949165,0.1909749061393509,0.7374480129572883,1.924402280613751,0.1210741386630663,2.0196080228823687,7.716408712602694,2.0196080228823687,0.3474911153047342,96.6856960998075,2.724563312098036,1.5121401192591744,5.539272519029582,1.3482755223645333,1.5376763280442214,2.117566961391545,1988.22509355,3.1142670073272183,0.4376237987504644,44.589517754176256,0.8556735013823108,0.7332889731218181,3.04040322528656,0.0556223902430452,558.5354789800974,-1.3214351198121397,0.8819727702627524,1.0151383049837015,1.0098040114411844,3.4207037644068823,1.0098040114411844,1.9328926998057607,49.22038834552599,2113.325123152709,121.51246812676068,650,96.1452109975976,80.67487684729076,1581.642857142857,909609631,2116.798436481295,92.04455445544556,30159.73526077442,66.5957176998488,119.44357381932556,27.778282820142664,159.0,0.2163165632231089,429005,-0.1949198383293073,0.5165237442577763,0.1760617609986157,36,78,202,0.4236453201970443,1.0011628203092235,1.679317648392726,3743.614080405126,2.039604141920808,11.221933659980774,3.0594062128812123,16386.11179237866,183.1497782398212,1.1802213654532066,0.497108581926231,2.5904418010537262,0.3955833636831818,332.680884038254,1.2801648678425737,0.259362857350349,18.23954177160857,0.276105777813651,0.4395866614430244,0.5951068022766616,0.6078631559795226,0.6309758615043908,-0.0117903559336894,239.5849371870009,-0.2070266178357864,0.3178563829522909,0.9028461014453556,1.6980395012879088,2.451423120393229,0.4938530188344721,2.709398800422654,0.4007333414190307,1269.1894314360984,2.5004328998950025,0.2414662443826378,35.62568499602637,0.2588509886832578,0.4336722415446455,1.2423594747152988,0.6125262874769047,0.6815842123721434,-1.0806397174810245,497.63889343982544,1.0908233166212056,0.3597834960466364,0.8951267088508268,1.9241536840324007,1.511709743330892,0.3520209550867501,2.1291151232141283,0.2375330319828516,488.9406567302327,1.551958331816846,0.2093097831295921,22.11200254907349,0.1787290272638903,0.3228641095703787,0.763678084618728,0.5793817990639587,0.2587502697131654,0.4618277194417337,306.87707789617104,1.8349873346381336,0.1319772386017943,0.9349451503680026,1.5133302151178512,1.367660097853528,0.6181700159376253,2.996382883496907,0.5017921002026146,0.4130508793771926,0.6194272560038487,456.90141314,1.500248605244126,0.2761093432981048,21.37525235266241,0.3393539648056884,0.4773108113503415,0.8431771478627574,0.7077957427550742,277.6349998642662,0.0663955314371196,0.701638845952991,0.1244286079778452,0.7880059633620005,2.132448402527047,0.1332070860832073,2.039604141920808,10.204855454536323,3.0594062128812123,0.4116013052418383,185.9668427285214,2.926143885905908,1.501359057822298,5.864172611110713,1.2941593263076014,1.443187241226098,2.0992991180987377,2193.47452447,3.287140584762104,0.3867474833471672,46.83454413645978,0.850140658610292,0.6082446126340255,2.90007476781255,0.035153077720875,594.0072088388993,-1.1328083258278523,0.9174994697379518,0.8580033599237554,1.019802070960404,4.068903152401695,1.019802070960404,1.9571042141447983,52.22958329810676
58,2.9360165161950977,0.1096095979118718,0.4533202178485429,0.0887902787943541,1950.8668236314504,2.9380527712865923,0.0336346913294866,44.16861808605121,0.0612284022094014,0.0473261041759672,1.4825887990142652,0.9067666982361764,0.1685371145202134,-0.4154604448591815,663.5397326600921,-0.5498318945520366,0.0830307195223623,0.4886257490698881,3.407950335565989,1.611759958013332,0.1299738390364572,0.5560325348371855,0.1046991056623295,590.8970264072827,1.6169689583976574,0.0406316815159518,24.30837358622092,0.0728673568628203,0.0582501466952032,0.7994870116408253,0.8995522894728131,0.1779912265869609,0.3007447098052442,364.257750511013,-0.5696533338038443,0.0903248734728396,0.5047836029861107,3.068613737714629,1.5800696447794094,0.1873739941904975,0.7450908488342363,0.1578815842346808,572.135666694105,1.5910919981051042,0.0370297507542663,23.919357572771577,0.1063496750612185,0.0551124888463844,0.8005262956119436,0.9565751016334796,0.2978177974401061,0.026359902411859,357.0957397201465,-0.945659121298152,0.1501147207316857,0.3320790602101144,5.203412073293561,1.0315996431289185,0.2447726275815188,0.9947831488380576,0.2047627984550404,0.2006408136865831,0.509729571537999,253.98927698,1.0601162003849314,0.0498896955307806,15.937041035901238,0.1357757641305051,0.0757937459047895,0.3731544294865019,0.676197164043919,233.1415193471356,-0.5521686912945976,0.9519033794614148,-0.2465123441911214,0.3502627650866718,4.24835672384801,0.0339389755206049,1.9646017718761064,3.071429969711402,1.9646017718761064,0.0638454275524278,19.06239173064905,0.6060539175518107,0.2188610810389225,1.011532295772352,0.1788079866117885,0.1645645745320725,0.452040917552347,93.7876442,0.6441968457747947,0.0552967075619249,9.684402108545472,0.1223896347230704,0.0798940722493836,0.3415925905606733,0.1337080244625385,136.9681853667092,-0.4664388287260368,0.9332438099083108,0.0096699296137513,0.9823008859380532,4.148696735483182,2.94690265781416,0.0416045592663987,26.459143943669044,2050.8146341463416,18.357153344394444,263,6.501368233194515,2.185365853658368,1535.4780487804878,862266081,2050.896390576094,7.485294117647059,29364.36753958784,4.713151602104256,21.983170925086505,27.43744459697029,4.0,-3.7492339811514217,420417,51.24375740542844,0.2829125381156911,-0.2250953266132693,2,1,178,0.5365853658536586,1.226766771814142,1.2844570503912365,19.35823976261561,14.13725616017658,22.674715922864404,18.17647220594132,290.3131760243063,151.2580230568499,1.9936811489192447,0.1204287223035225,0.8508013266115539,0.0934406826272007,817.7853550687263,1.9972973874698248,0.0475883476388509,28.596946603942285,0.064584722472353,0.0839683323099848,0.9741047128036284,0.756581478570308,0.1462035748925374,0.5173717625513968,408.7046355284452,0.9134775850516514,0.0756655351524904,0.714825330369446,2.085045503704116,0.4505730219460624,0.1484320364571359,1.379366105978972,0.0985683677803252,46.11283202879913,0.4742790782260194,0.056058163470796,6.790642976095794,0.0704729710228836,0.1395901074737917,0.2118640926342462,0.5571108433771834,0.1488914917400563,3.013361733480848,92.3674694989428,18.621035370978912,0.0821676404313729,0.9641420918142588,1.7957862593304927,1.5589419247048484,0.1668293801698378,1.8606761098282791,0.1005897364052382,503.8892211294256,1.5677997960936672,0.0567082796821907,22.44747694351028,0.0648638513433586,0.1922796295566607,0.7716397733376247,0.3350365532382198,0.1266083973001235,-4.572096922912026,319.58309456449393,37.418824042433066,0.0768016978590107,1.1818373405755969,1.4355680363085377,1.0414643456307724,0.2999994287565868,1.1934390317712549,0.264807023371822,0.2734462859472777,0.5206965044427337,240.71276664,1.0836090705397854,0.0565265798351786,15.51492077453185,0.1693121532799143,0.0945490176084591,0.5285460468546384,0.3105608455641855,213.5001908543084,-1.1225378275414593,0.9502502674461076,-0.2203202466782869,0.3236459011203579,4.717146492321711,0.0510269417742727,2.0196080228823687,2.6180636631212515,2.0196080228823687,0.0945865188843311,20.44060187106417,1.1441074931984707,0.617275945465465,3.715710817057718,0.4427445922856472,0.3412797054807153,0.8743029619993579,346.07133792,1.299289370349207,0.1753928673082072,18.602992714076947,0.3108460100117477,0.4444312815637111,0.6293956368856115,1.770321182729888,234.5420361056865,4.235012655507459,0.7401246522584145,0.0648292801854339,4.0392160457647375,7.9507225289627055,4.0392160457647375,0.2850927328228874,125.89373734042474,2045.704433497537,13.700160078896426,157,6.516877381154593,2.704433497536911,1536.8374384236454,849573960,2045.7500822472864,7.985148514851486,29147.45203272492,4.963541920694532,18.341507328709625,27.40795439473576,5.0,2.0346128637176544,415278,20.003183388492683,0.1038265040497393,-0.0435969130443647,2,4,185,0.3743842364532019,1.369245598649101,1.2352510027425967,6.203210745579963,21.415843490168484,25.159307236611703,23.455447632089296,157.89929772674554,187.10031554472536,1.3761606606778134,0.171374512387646,1.1608234777455049,0.1300819460742665,390.37767043764376,1.3867381553543143,0.0521074497905395,19.75797738731482,0.0906280738775124,0.0899089990332414,0.6793455631958194,0.8616972914216661,0.1974960137291193,-0.6148860613497888,279.3606141175961,1.6870982450347811,0.1054489845120896,0.5354776785537031,2.69239152180003,0.4263679164661815,0.1952907469617779,0.9409143073470252,0.1644006307956293,44.60726096039332,0.4687645483345947,0.0518307593601352,6.678866742224561,0.1092301693846318,0.0867559669587253,0.2272043065239993,0.9011621751863992,0.3072628712402804,0.3786722899587146,86.55268704263486,-0.5574894283652765,0.1546733709665281,0.4534252583673803,3.2068746962545496,1.8846854149059304,0.2174842774648989,0.9569226296036082,0.174740695682242,730.6184209820799,1.8971308658285044,0.0448727218937785,27.029954143173825,0.1212583754827293,0.0642102280070943,0.9593705791414668,0.9564108299365136,0.3125339840039105,0.1628455778528377,382.5911392259039,-0.4830174159218487,0.1566286267933667,0.2994839440122143,4.355915265862689,0.9240675938552454,0.2829672783384555,1.181872070142085,0.2345397977720555,0.2106530325546212,0.4621980702047248,189.51612344,0.9662178650587148,0.0501183049972982,13.766485515192322,0.1575258642693993,0.0731759889000593,0.4162411247592616,0.6150301628747022,187.5857215526148,-0.4715020749619785,0.9664517838336724,-0.1207884523720007,0.2640308462963375,4.648640591191718,0.0410280527856696,2.039604141920808,2.67982825477172,2.039604141920808,0.0801894414312861,14.659916839670744,1.3888172864776305,0.6420811783233135,3.0082607545339584,0.5312978975996545,0.4691764163549505,1.0543137773473492,474.82731580000006,1.5293955723581685,0.1436909282510318,21.79053271033088,0.3544925724461276,0.1911364749114707,0.9290406778277964,0.6811346461153521,281.929909154959,-0.2213335987781861,0.9555147542211744,0.1368771494302265,3.0594062128812123,3.316057710942449,3.0594062128812123,0.4280347047794025,10.712570927755795,2054.2487804878047,49.49293434396556,427,30.94748364069005,16.248780487804652,1538.6170731707316,865587009,2054.8420021156217,40.91176470588236,29420.860099596,23.176996652319463,67.21052671985828,27.45438698669357,31.0,-0.6515669802917257,421121,5.808394764410547,0.0688030514337078,-0.1137577829075888,14,26,199,0.4682926829268293,1.395095973359636,1.1621319429464276,102.43069263121636,29.0000016820001,24.24610492334017,23.00000133400008,2071.3478565961764,124.91564833487143,1.7561572745222684,0.5126084065896718,2.6412267284024296,0.4240041123592555,685.8426616510899,1.829091019953247,0.261704222257635,26.188597932136226,0.2862500819807699,0.4226915087408488,0.8646573850809546,0.6597696527002671,0.7790289761211691,0.0165832005405409,360.012241277065,-0.5010598080424198,0.3871033777748844,0.8467738544015675,1.6902489342065803,2.4787770081103693,0.523389194649475,2.726172996078514,0.3911323144408037,1315.471763278471,2.533167075150529,0.2371940426742733,36.2694329053884,0.2589280216118584,0.3995342961330599,1.210711051867334,0.7076126140433503,0.5365829003665477,-1.6540376014282931,508.1492866626257,3.193955331185608,0.3236386731209202,0.7843696300530304,2.0313880227303884,1.4853230368576749,0.3510561079011346,2.164122865743388,0.2511484189923316,477.4088671256392,1.5260484075140897,0.2243920468823156,21.84968803268457,0.1833761218610034,0.3500549465076923,0.7484851284474142,0.5025789783424693,0.3275582615764922,0.7453674476560144,304.49122255582336,1.915809456554331,0.1762849521629834,1.024308847969075,1.5339191734961637,1.3834209262222297,0.6873988876181828,3.16399587248101,0.5593060116279575,0.3991038736421168,0.6616990102085931,488.73347418,1.544042009696406,0.3161980644260975,22.10731720901476,0.380579273684811,0.5094297757023499,0.8387929398279914,0.549364538264509,283.60128987555703,-0.2229000455523482,0.7249763628494792,0.1858572935638875,0.7615825979936525,1.9324376119696305,0.1728928694330253,2.000000116000007,7.999109520529784,3.0000001740000104,0.505871850100476,108.68864112736902,2.924851193507994,1.4677740620364552,5.663777875568275,1.2985262374674171,1.4568628934675587,2.1239828686452213,2193.21425558,3.2708723797758434,0.437600244260621,46.83176545444342,0.8241166819369077,0.7147536670391347,2.89002581581832,-0.223346765343806,599.5944946691387,-1.296047759299598,0.8805352761854374,0.8829768704246671,1.0000000580000037,4.215850402539242,1.0000000580000037,1.8622818433893344,62.30512424756218,2105.0,108.64457448191528,650,83.13300492610837,68.0,1586.8522167487686,901882411,2107.788058021239,93.67326732673268,30031.35712884118,58.51109593717992,120.06454534751278,27.73451246802749,133.0,0.1905980896695199,427315,0.4945855245039361,0.3845376273092407,0.1988861822620125,28,76,201,0.4729064039408867,1.125695511434557,1.4841172076277005,1843.5832455939217,1.98019801980198,16.09847482889197,11.88118811881188,11516.39043595479,232.88184539728869,1.2104362438846004,0.4736339220319281,2.5711002841952846,0.3632718464815318,342.7411244074884,1.2993767441314308,0.2266092236842239,18.51326887417477,0.2573092295892992,0.4041236580679641,0.5752039385757127,0.6355267837554863,0.5398824856400456,-0.177383220870988,245.7185575085739,0.2013233413428565,0.2717992017744564,0.8693267054245,1.6970192110272777,2.5058422031953,0.4777183487629154,2.675891664642648,0.3884923211321089,1320.7861586953218,2.550751998356526,0.1874654701084335,36.34262179171065,0.2452756587138851,0.3583478368038948,1.2149291381866598,0.7184750402478282,0.6366612672064704,-1.2320957245567634,508.68596724864585,1.521538816949452,0.3476621454522774,0.7599838070240432,2.178244244857672,1.5077041174809254,0.3430432807627561,2.1291151232141283,0.226407272445959,485.224952171642,1.546050031646103,0.1934490221416692,22.027822229436165,0.1719326522448451,0.3081787888059072,0.7680959908119244,0.5924971936469542,0.2258519875900564,0.37277302018802,306.06393584862786,2.023808688870243,0.1155992717260032,0.9145037368507668,1.5260187708889228,1.3571327265080682,0.5790844267867338,2.935481453379716,0.4606384396801878,0.3540396301306681,0.6772399536592741,441.6257074,1.4749563029345998,0.2411408424177676,21.01489251459545,0.3098704139796513,0.4195608190211328,0.720444699232003,0.9432319282191488,275.49794348113784,0.6605317586821724,0.7301026468023079,0.0814992791615052,0.7364928466108591,2.160021035752727,0.0935390445229698,1.98019801980198,8.293703101218885,1.98019801980198,0.2675869193221469,145.3521178713662,2.516582265917996,1.4205991874160642,5.864172611110713,1.2254031441344115,1.3295725060592147,1.993392801365257,1693.29343349,2.88813901379503,0.3267568945930348,41.14964682096312,0.797789055700206,0.520575282240525,2.365812467474272,0.4284787665325952,510.866199981353,-0.8894831825745544,0.9327908571554056,0.9356603614744546,0.99009900990099,2.69611751998588,0.99009900990099,1.7759656632448373,31.08155665927026
59,2.9338616665439847,0.1112779169805047,0.4581615712958857,0.0920385353099628,1922.231350094092,2.935961771734369,0.0335565599442897,43.84325888998322,0.0625834892339182,0.0476950360867396,1.470822441811405,0.9073737759616818,0.1732817206392161,-0.2733155456045792,654.2511516393085,-0.6781653959663663,0.0837784996149957,0.4777653377162049,3.46790349647186,1.5868344398504102,0.1208470246484729,0.5641874205866639,0.0955047063439447,564.7657980548047,1.5914088268127144,0.0377575776903644,23.764801662433555,0.0669690883137823,0.053540105058647,0.8105171154788102,0.9002025345861229,0.1549728874724518,0.4345477714706001,353.8640800866415,-0.1126812432698987,0.0793918238595468,0.4939022419953046,2.9484879372015915,1.6104021179418015,0.1966764518489721,0.7450908488342363,0.1652447027850369,586.9144019981729,1.6223141335678086,0.034913588752147,24.2263163109494,0.1115848617366556,0.0518302234025696,0.7968775894103394,0.9651160843074098,0.3382240814593573,-0.1312706058449917,359.1196723010217,-1.0043749112458866,0.1695178070822107,0.2954261110681712,5.703133153028172,1.0365779063498222,0.253380482220762,1.0306126670591265,0.2097038992628083,0.1898380053176338,0.5179190290246841,253.86487804,1.066961819768191,0.0491813779559271,15.9331377336669,0.1385460847689284,0.0766671823225999,0.3392849004741354,0.8233970915302663,231.1568731160104,-0.3177042624476542,0.9540194839004936,-0.314246497214661,0.3360939918713331,4.04581956577389,0.0281936457558028,2.000000002,3.2853750158512898,2.000000002,0.0549072113045829,19.60810134168305,0.5840317579352708,0.2386595354410226,1.0292223077692673,0.2031224523254677,0.1940041307086857,0.4606609818956066,88.70851902000001,0.6307107494066043,0.0506679416747079,9.418520001571371,0.1342810681666208,0.073120307063901,0.3815633668605963,0.3566001604680144,130.2390820195654,-0.7808446385038175,0.9529172619100996,0.0141838171748802,2.000000002,3.9679234284258857,3.000000003,0.0533555568109381,15.757128132271983,2050.8243902439026,17.12549957032602,263,6.124782867340861,2.1756097560974013,1535.4731707317071,862265369,2050.895543831357,7.200980392156863,29364.355416048213,4.275083692013391,21.130662601082445,27.437562294720923,5.0,-4.896769276959152,420419,65.95760732284981,0.2387552122828102,-0.2296456317793898,2,1,179,0.5219512195121951,1.2631681307768938,1.275540152514017,21.026495510584123,15.147060171617763,22.64014206074907,18.17647220594132,312.4879018665901,150.8087170262707,1.9744542711424296,0.1245547557199628,0.8508013266115539,0.0963395473921027,802.3511150938614,1.9783598961024864,0.0511230089554866,28.3258029911574,0.0666092793223659,0.0869863308436466,0.9942011445506008,0.7558265765389742,0.1403165826903252,0.5990877288484916,404.7631255841981,0.8807488434378818,0.0776986976675628,0.716328138559327,2.1371910769982656,0.4321184255127929,0.1512059627447604,1.4759067554848035,0.1014320294524507,42.94300000846159,0.457687719762901,0.060528647310122,6.553090874424189,0.0719660722813083,0.1402441554371048,0.2261562017494435,0.5696004818267001,0.1440379938404438,2.89460994849685,88.58427723012255,17.93753138738598,0.0826706488355026,0.950949287567349,1.8265862454523016,1.56208257208207,0.1652579272507335,1.8459647009176725,0.1030537462874131,505.7921794444382,1.5707574364360688,0.0555408810663398,22.48982390870232,0.0671037072490306,0.1864476898838572,0.7700449945446279,0.3633446553518606,0.1277693262532575,-4.336858640396427,320.2269272768243,36.51021004226225,0.075470275349927,1.156383215040298,1.487628251751438,1.0461607247833262,0.2989781226320655,1.2198735323631906,0.2644147666587429,0.2717712537345336,0.5317445093834124,242.59784896,1.0878438037091045,0.0592200630605934,15.575552926300883,0.1680050408367939,0.0945166402989767,0.5303603341457841,0.3661719058240096,214.46294858058187,-1.1263886316982072,0.949783248350717,-0.2047559399777675,0.3246267013437836,4.660594874094675,0.0471230988705503,2.0196080228823687,2.9855926010506963,2.0196080228823687,0.0830051606696629,30.989640890529344,1.131599964217583,0.6013260646983644,3.8173210026462407,0.43085193924662,0.3228514753292999,0.8501431524158293,336.27126756,1.2807605735008187,0.1766236605319941,18.337700716283923,0.3042051731299406,0.4174693913168207,0.6295214858958765,1.7149006883875064,231.9779926646045,4.274303199430676,0.7581851539563607,0.061150281875146,4.0392160457647375,9.1708667342138,4.0392160457647375,0.2963280893721345,142.9419081955521,2045.421568627451,13.702997604177469,157,6.495001922337585,2.5784313725489483,1539.075980392157,853522994,2045.4672437118224,7.891625615763547,29215.115847793582,4.972375156959336,18.247342744667765,27.406308321954707,4.25,2.081495403036647,417266,20.04310331322054,0.1131050890735899,-0.0410910793146401,2,4,184,0.3431372549019608,1.3623227133757472,1.240873372018377,5.988148331839629,12.117648137294212,20.98537427022409,19.186276217382503,106.0693682480488,162.6155491038348,1.3507907547108402,0.170574250596124,1.1608234777455049,0.1331927230096131,378.1320769726908,1.361465611982627,0.0509438867750873,19.445618451792445,0.0913884451072316,0.0887407973243607,0.7088924271451273,0.8641810316320986,0.2467269422848961,-0.5006677837476945,275.5613139610114,1.2089973494558204,0.127308367750547,0.5318458672606472,2.7225313449206405,0.4293810380822792,0.2044647518840441,0.9409143073470252,0.1732923541929462,46.09767193327135,0.4753619463788153,0.0549555843598683,6.7895266354342665,0.1153494805509423,0.0887356658233765,0.1975391356488588,0.9051328230175854,0.3126261052164897,0.184103642893274,87.59373176878495,-0.7314093940625681,0.157009527835202,0.4441050519333162,3.2314594439722963,1.8738516372691008,0.2189528359360963,0.9444661088489334,0.1797479995970908,726.0411614391883,1.886537914056458,0.0472494934700343,26.94515098193344,0.1233003571378488,0.0658802940151454,0.9367890866387546,0.9542523545531376,0.3276930783163478,0.035910394291336,382.2657340028967,-0.7014056668763353,0.1639593140250708,0.3062994961773885,4.167584786491188,0.9145233806853946,0.3052079698023766,1.2128255744287395,0.2459920452454775,0.2155158125422582,0.4642544760721419,189.5258515,0.9638715120111532,0.0511897306184349,13.766838834678062,0.167555232280437,0.0773809323945068,0.4104727607795648,0.7972660872675986,186.5627696598205,-0.1605605626210353,0.9678092036957708,-0.128513575417563,0.2602438920758899,4.545467314395993,0.0396116365237102,2.0196080228823687,2.2978158959347823,2.0196080228823687,0.0790162792908352,7.5604181175280125,1.2984147696056894,0.6452502486176082,3.0082607545339584,0.5193312457244827,0.4690442093063111,0.9752543754700062,428.43832676,1.4492024966423809,0.136026646952703,20.698751816474346,0.3552661025072715,0.1877877281107394,0.9216673351420837,0.7562501955459694,264.8766129995606,0.0436120574150851,0.957376252182532,0.1066293859645928,1.0098040114411844,3.0563686415559586,2.0196080228823687,0.3344113090904119,12.957128466010312,2054.5365853658536,45.845808049745386,339,30.19678762641285,17.463414634146375,1538.919512195122,865758494,2055.045538632577,40.51960784313726,29423.77429902561,22.54143950263032,63.81836972005388,27.45659016599089,32.0,0.0599187256310911,421180,2.9829378488591,0.030140312527601,-0.0634007523611106,13,26,202,0.4292682926829268,1.4308378320191268,1.1950140197722794,113.0700193680766,22.00000127600008,23.861032666839066,22.00000127600008,1925.3576257416664,143.8070225065796,1.7221579072277104,0.4931635192561845,2.5279987140627376,0.3932345239120087,657.6096031444498,1.7910476606321375,0.2493693579460475,25.643899920730657,0.27246961746528,0.4125706164239009,0.8891781682298638,0.6500500170110929,0.690792051179129,0.219718012890453,353.0423709816806,-0.2924661052002855,0.3391445149283605,0.8592734837443462,1.6601770954471409,2.52219580736494,0.5334727472144216,2.876904096301285,0.3928267200027083,1362.158703683484,2.577727022656602,0.2193087231050997,36.907434260369335,0.259166639552865,0.3753507625366595,1.2261819460308288,0.7518092157425719,0.5920053261039926,-1.7808821002088375,517.0501405098125,3.7210526134876463,0.3058316364802507,0.7234321027560761,2.130561949004101,1.4909227319640488,0.3433347272539014,2.293216308103436,0.2404811269866458,479.7316334283206,1.5297562908536908,0.2128630470218582,21.902776842864483,0.1764707045553526,0.3498727828850948,0.7409831413378255,0.4795422334980342,0.311226181480474,0.819405528480286,305.63916005263,2.631148853961997,0.1696869303943964,1.0467953387977462,1.5044096106445937,1.429143576325891,0.6670403299773399,3.2767372341008176,0.54705277913262,0.4234056482352775,0.6855317956139827,509.4708607299999,1.5764592322283657,0.3089900400336084,22.571461200595763,0.3634955087150206,0.5087774834592051,0.8596284180958536,0.6756236915545315,292.97443314680766,-0.1026874312626167,0.7075203676953676,0.1879845001179871,0.7837709456830466,1.93565456506642,0.1183985318881214,2.000000116000007,7.80608041207795,2.000000116000007,0.3605800802172843,108.88449119477671,2.618720297011429,1.5236863733666517,5.99323230065898,1.367111198082046,1.5291229493641432,2.0122167698247533,1879.4381923,3.0278690826968098,0.4624018913657023,43.352487729079634,0.8607038293880228,0.7702674758554293,2.935654125280001,0.1063017334396313,536.837660887343,-1.3351189649930442,0.8711761925767155,1.1425395564547998,1.0000000580000037,2.63271061074685,1.0000000580000037,2.0830944704287764,34.736468188159456,2115.941463414634,118.54078675839344,650,92.88409280190363,80.9414634146342,1585.0951219512194,920694288,2119.2431783022184,91.3921568627451,30342.944616500223,64.89218077474892,117.82277319072465,27.794165900369784,159.0,0.1525484328151399,433768,-0.0554106560624729,0.5017629879762789,0.1601446091475222,27,77,203,0.4439024390243902,1.0189757303539109,1.667006021990339,3269.447629309432,1.96078431372549,12.48692875334006,3.92156862745098,14687.162306144915,207.264348771602,1.1843395802584158,0.4633108071671727,2.5711002841952846,0.3632797978586961,331.33535790390056,1.2713260944996023,0.222446073973682,18.202619534119272,0.2545520469281507,0.3844032162490348,0.620524194431977,0.6557611651867667,0.5843420685570734,-0.0950270416372502,242.7896139529753,0.1270415311644837,0.2920299845343617,0.8519394869398372,1.7557967707761557,2.4784065720719584,0.4838136993441121,2.675891664642648,0.3862231143879875,1306.963764897641,2.5249619798129017,0.2079538235292171,36.15195381853713,0.2492391377131068,0.4040919972026061,1.2518990809944328,0.6504089609638276,0.6138417969556951,-1.240446447831702,508.0733472747514,1.577172303835591,0.3456132247938761,0.8535358029709649,2.0137118233400595,1.5131034762835425,0.3501876895615132,2.096355725021962,0.2347447015653938,494.3606458937428,1.5529054529568551,0.2052020645928076,22.23422240362237,0.1768174163677783,0.3285066419094051,0.7638454841007091,0.5598735753937082,0.2326457757362539,0.5179980782441624,310.1862126381262,1.797991417626315,0.1305305428789074,0.9617417284825214,1.4897915748008823,1.337974251683347,0.5835529948280126,2.935481453379716,0.4640917546842966,0.3564869873747366,0.6614956889678185,436.45485107,1.4591257841598166,0.2653734640679157,20.89150188641305,0.3164199347941984,0.4507242459030494,0.7203206281787348,0.8534889551610738,274.2847215950861,0.488148145838168,0.7012372804666125,0.0685143718872054,0.7908436434792792,2.0972013405345806,0.1283526547324512,1.96078431372549,8.498061002019183,2.941176470588235,0.3521520549399477,140.81908701442953,2.833158312952365,1.5027032440567432,6.940360657512043,1.306107698083447,1.40137961147647,2.0409068954790444,2106.1470114800004,3.205290604746791,0.3505124711470507,45.89277733456541,0.8491006548949582,0.5780439423938327,2.791680875695408,0.2075217082613152,580.7974541552348,-0.9960347166423986,0.9254538938775532,0.8975559138484582,0.9803921568627452,3.249928738120902,0.9803921568627452,1.868874769664147,38.90186540921997
60,2.930454900242016,0.1160539730067274,0.4581615712958857,0.0964684402941218,1883.6130753690247,2.9327415410994755,0.033986462316486,43.40061146307763,0.0653892990589594,0.0484209185159652,1.4701694115211177,0.9125595920950148,0.1741443902540989,-0.2863294387099162,641.7696231530014,-0.7488352960784552,0.087378364069806,0.4572642448848552,3.591346819963625,1.5983103326722683,0.1356993995866051,0.6033823028243859,0.1094141305230583,563.4708296728993,1.6040343396853918,0.0368707737566978,23.73754051440248,0.0759843219817002,0.0516409066363581,0.7828641201208372,0.9273015118050044,0.1863510355567346,0.3683979974102626,350.0299628552268,-0.4216748934083041,0.0954507410893978,0.4160391640833112,3.405098426438703,1.5897082233815556,0.1948580956136882,0.7450908488342363,0.1626674544978352,561.7281092505505,1.601551914672341,0.033034564799271,23.70080397899089,0.1106316207355943,0.0486633502287291,0.8138391630757874,0.9684940631634372,0.3245865918914399,0.0621491818599905,348.1461009205607,-0.9748396101061644,0.1555762936450178,0.2757072139260256,6.065655787734638,1.0392109784452617,0.2453740943709784,1.0306126670591265,0.2050621196940951,0.1955434728484181,0.5376353716235358,249.63656251,1.0676577070848676,0.0478236830027994,15.799891218296407,0.1357136304359794,0.0744868040748543,0.343368644256135,0.7037998312895919,227.58720427951232,-0.4849010664425295,0.953862031379894,-0.2259332051085213,0.3334589009007683,4.034840178525681,0.0263084688995449,2.1100917853211016,3.275983403025652,2.1100917853211016,0.0549994121062167,23.2660495251751,0.6138350236090583,0.226062711423909,1.0292223077692673,0.1922163942210281,0.1859246527937971,0.4541600957332061,93.65851072,0.653960574126159,0.0481638419164494,9.677732726212271,0.1269163921654681,0.073346709209409,0.370511016016752,0.3804126617874478,134.42987017038377,-0.7836464542551136,0.947043717962712,0.0107230543651829,2.1100917853211016,4.444147251375627,3.1651376779816527,0.0466596532864776,16.97079178326301,2050.853658536585,17.00801566449235,263,5.853182629387261,2.146341463414501,1535.7682926829268,862289161,2050.923838235809,6.897058823529412,29364.76053026825,4.087183165949306,21.00898500595381,27.43773800894789,4.0,-5.002806617599941,420425,67.90416483265682,0.2370565140507999,-0.237386690983433,2,1,177,0.5317073170731708,1.2644427538580558,1.27347704959067,5.045157521488714,17.00000098600006,18.22010482918041,16.000000928000055,64.1960986247395,112.7258058675564,1.987944213393236,0.121160176695227,0.8508013266115539,0.0952540843924302,813.1387269275795,1.9916150168284243,0.0461555245016952,28.515587437883504,0.0657346627442203,0.0832334118574756,0.972032954535735,0.7613636922758118,0.175076030696323,0.2761265240571029,407.5285637456134,0.6373556172097308,0.0862350404741727,0.7041904761664965,2.17641393854092,0.4459029317655877,0.147581832301378,1.4759067554848035,0.0985304336726182,45.20323306820314,0.4695780829025715,0.0562721823583582,6.7233349662353685,0.0703520328972768,0.1382518397977257,0.2053040774175162,0.5576985118565498,0.157480240980159,2.8237472731656506,91.41010101194549,18.788429586419383,0.078479910333333,0.9602646089701592,1.8154977016977007,1.5695982142161518,0.167246608491559,1.8459647009176725,0.1070259423354294,510.7520749070525,1.578440222539949,0.0522602516665987,22.59982466540509,0.0682925676078627,0.1854823016366278,0.7635475858481339,0.3840040346639919,0.1405068608578943,-4.29484087363017,321.7676339143111,35.44763491986261,0.0833030539737937,1.1366303515505345,1.515010135211693,1.0345884528231282,0.3040523599889904,1.175503546599715,0.270274309692029,0.2682069942791469,0.5445176791141271,238.28587855,1.0781327094881654,0.0564802043350586,15.43651121691686,0.1711356281580585,0.0923488899845167,0.5244708124985212,0.3478899511249113,212.0906328287413,-1.1967349400752811,0.9537341042707348,-0.1712315931609735,0.3117020383434443,4.829560619848153,0.0456987346583264,2.000000116000007,2.4508101116264864,2.000000116000007,0.0816452555271691,16.77093099149528,1.077718584011185,0.6200905426604334,3.823217047370538,0.4467479945994083,0.3425963764837562,0.800340110027235,316.54336134,1.2426238198892283,0.1785709578602633,17.791665502138915,0.3134536266745278,0.4173272008215227,0.6717943638518957,1.7282900417403984,220.93230972229293,4.105152345446873,0.7732278613782738,0.0616491937237501,4.000000232000014,5.805660881784323,4.000000232000014,0.2585941905538853,73.91335229420461,2045.4146341463413,10.994150873051389,121,5.29827483640692,2.414634146341541,1531.4682926829269,857687468,2045.4440367111176,6.480392156862745,29286.301712575456,3.9607125777140126,14.92628948021104,27.40636007502636,4.0,-0.3681684434610344,419310,16.457048652019314,0.0782709530696296,-0.0343726218833282,2,3,186,0.375609756097561,1.395990126043849,1.2157210168398889,3.359425489035236,19.6078431372549,21.77730987769852,19.6078431372549,76.73401399800284,153.0000739134799,1.361524186589237,0.168263615969712,1.0117196554694856,0.1339023007854961,385.7941421565114,1.3718318572864203,0.0503070528945757,19.641643061529027,0.0915873625426282,0.0824995324821955,0.6794451725304035,0.8794529543326836,0.2401120972216854,-0.3616792349963514,279.1124582507935,0.44339474054782,0.1215622838233463,0.5048489979756591,2.8488960058722244,0.4287283761524997,0.1956816297742676,0.7768606637337581,0.1663913487638156,45.49206945341081,0.4710759322222662,0.0513359887948414,6.744780904774506,0.1109225538607063,0.0797141252632841,0.1937932960462878,0.9160945659010662,0.308425423105788,0.0430678871173339,87.88931711126244,-0.9020815822353284,0.1552248002287864,0.4191479320660187,3.430982725284303,1.879945843459368,0.217388488703033,0.953431079637099,0.1760256253387847,734.1508387639317,1.8924121125501432,0.0441035695163795,27.095218005469743,0.1220077932963963,0.0604872430039367,0.9132619296102338,0.9609424080020488,0.3223960599184414,0.0531730827260666,385.3888979091704,-0.584627126160898,0.1642120417219172,0.2830496483839633,4.36562944412644,0.9064141817775556,0.3040348437676853,1.2160953583931513,0.2476873402001723,0.2189602714601213,0.4741132770806107,187.28245312,0.9558100972728738,0.0481617986362518,13.685117943225771,0.1676599023489257,0.0677920766421812,0.4263598176301713,0.7565130580706826,185.81490726439887,-0.2241822074151707,0.9750955939908188,-0.122807006471979,0.2296294077009799,3.9499853600344186,0.0476222536977733,1.96078431372549,2.332951529739807,1.96078431372549,0.0834024221599513,5.521916983055815,1.224728383878533,0.5544442755777313,2.539595891187942,0.4604493551109453,0.4554222313938003,0.8998804222103193,370.20304569,1.3438260734042091,0.1283853942343476,19.240661259166743,0.3120632764121368,0.1703184926802723,0.8942327321887988,0.3868231986149731,251.06931869509927,-0.6478483328374036,0.9527029270727814,0.1082590940574552,2.941176470588235,3.437382249697369,2.941176470588235,0.3071520436073798,10.21902269145314,2053.5268292682927,45.38177391985538,339,29.805972635336108,16.52682926829266,1537.5926829268292,864899489,2054.0257782123804,40.23529411764706,29409.173551801825,22.221472979435674,63.85469104637068,27.45078731114156,33.0,0.1024237067304379,420973,3.1116278318241943,0.0089721020493207,-0.100502629047696,13,26,200,0.4195121951219512,1.4462861895930017,1.1877318806672157,83.32216061523673,22.21568825170605,26.80267770606672,26.254904297470794,1814.8500135167487,184.5851256134606,1.7674477976160476,0.5083111752168011,2.8217323784596444,0.4080119219997682,693.103273219511,1.8387472846154096,0.2644100835668059,26.32685460170871,0.2789645858993417,0.4485014224866513,0.8603686098157037,0.6104178553492463,0.7211664299161074,-0.1256230619135,362.3267985112898,-0.0073733098029236,0.3758128546811052,0.905637931445465,1.6846998774610569,2.483999736310744,0.5367913611177708,2.876904096301285,0.399000374778565,1323.6837843839446,2.5410616029851743,0.2343428733972083,36.3824653423039,0.2660342480319324,0.3999513991774208,1.2550117733842625,0.721793791982137,0.5450027108400617,-1.6459163367198082,509.2199459437025,3.2974331796012284,0.3159454505878307,0.765571193000129,1.99904933671757,1.4646653084431611,0.3515458889914491,2.3300438153981005,0.2421859850945309,464.98635594178927,1.5060631217001874,0.2236369534273894,21.56354228650268,0.179533241795179,0.3668060784196584,0.73613602873925,0.455629681224395,0.2908871839035183,0.9106064072208032,300.256388230848,2.857899661300942,0.1555241666142013,1.0713944086659295,1.4897796926176083,1.393566577623038,0.6974870634651857,3.2767372341008176,0.5741990885270108,0.4480355627959197,0.7146260523321352,497.35929384,1.5576080690534728,0.3142587594859974,22.30155361942302,0.3863013716805685,0.5320522919835239,0.9556682266883686,0.5886721224006776,285.6811484127228,-0.3200802263879159,0.7086680790721587,0.2115702661664304,0.7835720677055162,1.9687610300868543,0.178171523120036,2.0196080228823687,8.167080167090083,3.029412034323553,0.5497448630378579,109.30016106463376,2.898108710832162,1.4920280493354137,5.99323230065898,1.325715064243313,1.4852190181883365,2.085470897730004,2175.93612126,3.257962943732127,0.4465393584715695,46.646930459141686,0.8375195488859868,0.7382267964334708,2.989003557340398,-0.1954137803019245,594.1122857205933,-1.3161733205854018,0.876347379579329,0.9400244872949396,1.0098040114411844,4.524443606959707,1.0098040114411844,1.9225780851427583,75.46271502029533,2113.956310679612,122.62002794268147,650,97.1677820718258,83.04368932038824,1583.611650485437,923657437,2117.4923768503672,104.22926829268292,30391.73303712705,67.63111532086194,132.03519486457702,27.781427591702112,166.5,0.0796174099447152,435475,-0.2014231109924655,0.414892374256421,0.1297145870281133,34,94,204,0.4611650485436893,1.1117840827613634,1.5584182005659677,2339.2775946592315,2.000000178000016,15.356490918077744,6.000000534000047,11779.273900777434,246.84627243310263,1.216102761125931,0.4513053920795363,2.5711002841952846,0.3432401206467796,346.40831484594446,1.2967628007419398,0.2157471464132846,18.612047572632743,0.2448616803288927,0.397161458051357,0.5691313472795232,0.6112623947759139,0.5110379684832698,-0.1192450152723625,250.5171687919418,0.4522315224056523,0.2568701654561727,0.9086361301014348,1.6898068303758378,2.5429674244357696,0.4624305180200518,2.1808755011652408,0.3669271601802291,1375.9743709979878,2.5844703979450623,0.1824264789522826,37.09412852457904,0.2376153406035169,0.3454184446521761,1.2097035958101847,0.7192063924677387,0.5436590990792314,-1.2528866517397736,523.8512894337686,1.0233639108965042,0.2958470732073359,0.7712172531591592,2.1877749326795337,1.4948982661145649,0.3040794702865058,2.0576033209903866,0.1993624566450126,479.3076766338535,1.5253643152831045,0.1859881699989365,21.89309655196938,0.152041191723434,0.3000390040486898,0.7524071659482492,0.5078467444387216,0.2117741796135626,0.5052988497582068,307.9490428196004,2.3933421057458264,0.1044735904062106,1.0187555726487816,1.4280436099989668,1.3891022611488366,0.5622365370322131,2.8667431207029743,0.4510447118544207,0.3640129809745734,0.6816908693422612,462.30118327,1.4980589111616005,0.2425757276767083,21.501190275656835,0.2993219404665536,0.4201554649506925,0.7336645551646093,0.9983014914100884,286.1550657966603,0.7337267277856152,0.7195256832821718,0.0167647940777918,0.7715691509760886,2.154814421452171,0.0921568586069936,2.000000178000016,7.591720275339282,2.000000178000016,0.2667712290189656,118.27740184471251,2.621359414447821,1.5403087141138223,6.940360657512043,1.3508261569660631,1.4233231899510486,1.9955829481551184,1901.90712865,3.038512609310968,0.3350755086067897,43.61086021451538,0.8645344864203829,0.5608424725860448,2.7756726681412465,0.4135247426519922,540.0000393762512,-0.9333659468598708,0.9334837298049802,0.9462150005896092,1.0000000890000078,2.6589168115899096,1.0000000890000078,1.855754530159313,27.28497184713908
61,2.9070005424573213,0.1190102146366078,0.5167518607137218,0.0999724873262151,1836.850818521409,2.909424395953066,0.0391116858451712,42.85849762324164,0.0668919268365285,0.0599680406868554,1.4650488025819086,0.8729634190121293,0.1799830579913304,-0.0768968117808158,630.8191177132387,-0.7203968005073769,0.0842851180286694,0.550828604191497,2.994438644061994,1.5906263467298725,0.136659793725012,0.6759474042384075,0.107162346382443,553.0639961874629,1.5964592102776929,0.0400803544651536,23.51731269060015,0.0754620602149166,0.0598401634626076,0.7865800173488086,0.9028287305537712,0.1840332827495263,0.4181378353725375,345.1659172403823,-0.1651940444656232,0.0870326888201831,0.475281371652353,3.1069033627610496,1.6239228226232096,0.2160008950811847,0.8840492828012265,0.1843854679842153,582.3339769645162,1.6381595508747595,0.0352584262707405,24.131597066181016,0.1208924090840854,0.0558145288207918,0.7862225473760267,0.9665109370914986,0.3513602622997089,-0.3946987815109707,352.3912525092365,-0.928597952026673,0.1804173157748843,0.2832949343925551,5.634215005833746,1.036915409357952,0.2656761434635071,1.0925934132279718,0.2239272459770945,0.2039615691002819,0.5336464279045631,248.56310751,1.0702579634560137,0.0462469091464081,15.765884292040203,0.1464031236279224,0.0747089572755115,0.3812332792244087,0.7517039024998021,225.0106438306756,-0.4433802951287013,0.9603435091075349,-0.2065211621458454,0.3051548278521127,4.368502187666726,0.0286017798832679,2.129629672222223,3.155609419606763,2.129629672222223,0.0577868718396839,22.95885441433665,0.5781078034745544,0.2469864705294854,1.1236212560774042,0.199055772457488,0.1768060965257799,0.428420299894635,85.69977362999998,0.6284344296713169,0.0480223086656071,9.257417222422244,0.1361477334797083,0.0801502626274861,0.3381105093700353,0.7000658226288309,125.4493933539783,-0.0348110357304407,0.9472755862155916,0.0145426607928319,2.129629672222223,4.168063478985441,3.194444508333335,0.0536638681927405,23.393529607092333,2051.2048780487803,12.082517576645897,136,5.2839976204639685,2.204878048780301,1535.9756097560976,862555279,2051.240289880556,5.5931372549019605,29369.29142829292,4.152702056432329,11.980580692332495,27.4399943438705,4.0,1.9414584759672635,420497,19.807754239469457,0.508395626900465,-0.0827276528545128,0,0,179,0.3902439024390244,1.0234379838369725,1.2675762622598767,4.257969566347863,12.000000696000042,17.38936214724254,16.000000928000055,52.87836490869242,100.52175910843154,1.9753863880823888,0.1241555332711782,0.8310524520860447,0.1000603021019853,803.0856110294811,1.9792652135349784,0.0444257632325939,28.338765164161284,0.0667261871085026,0.0828202629908859,0.9914714462800062,0.7769600431820518,0.1890186382535947,-0.012808647369713,404.95420955688985,0.6750683714103873,0.0890597445741365,0.6880803668798359,2.364502958442916,0.4289295684030664,0.1254469699554244,0.9478987235605724,0.0998730259489595,40.92635402662378,0.4468117627697197,0.0439558032948956,6.3973708683039305,0.0678809116568136,0.0824250263966452,0.2192840057664228,0.7838684538395803,0.1807125673336704,0.7811953683735764,87.93056152262861,2.2895326060120342,0.088138199516,0.6778133144421978,2.39005429989813,1.5840821930514144,0.1329582120946713,1.067052274459571,0.0974866268398013,518.0161496175646,1.58962512779427,0.0453972548028804,22.75996813744616,0.0649666256128714,0.1177233027763502,0.7781667784554503,0.602391484560555,0.1382801586465156,-1.7493831281479135,324.73684957554,6.87215304024819,0.070910699128984,0.9139090957818584,1.8070869375155767,1.0265164612139996,0.308212377803804,1.175503546599715,0.2750355606517166,0.2735650285173083,0.5416776236182355,235.3948427,1.0715724545572518,0.0563284156469636,15.342582660686563,0.172980024562185,0.0799925719196023,0.5330910725561261,0.3782907968518277,210.43587454886995,-1.1987674272016715,0.9662175658917972,-0.2645018917522307,0.2673887509019828,5.494109456784168,0.051869006847014,2.000000116000007,2.521418988442937,2.000000116000007,0.0900887537499085,16.222106127162395,1.1223281470848896,0.6224040455359628,3.402691143324004,0.4579308349033488,0.3377462074507937,0.8122558916193261,337.24910266,1.2826213681173488,0.1694702466460032,18.36434324063891,0.321342215893716,0.3787842732952753,0.6509759463571223,1.4326254201065551,230.07727015240235,2.328929570670534,0.8146705696321281,0.043550003093316,1.0000000580000037,6.586050135527661,4.000000232000014,0.2139258950847511,90.18879887355024,2045.3446601941748,10.963026359410954,121,5.31214063530966,2.3446601941748213,1534.0194174757282,861812203,2045.3738982140028,6.307317073170732,29356.6381419944,3.959649538242956,14.782817976186854,27.40595384456627,4.75,-0.3620436421166246,421341,16.563409861852808,0.0908394876496851,-0.034156487854867,2,3,184,0.3640776699029126,1.3872802814239014,1.2197588948924951,3.287617860855493,26.21359223300971,20.57557694923756,18.446601941747574,64.89439950920573,159.1603806851113,1.3454495887572475,0.1777679016469897,0.9997050805812844,0.1415207343794239,379.38661925820617,1.3570860760313923,0.0527010647154213,19.47784945157463,0.0976467409217222,0.0800075202035905,0.6897280279700458,0.8983416192998741,0.257886597901239,-0.2954893438495252,277.162615283993,0.0586042325149835,0.1324811867576125,0.4649645102782077,2.9551255631424134,0.4385218893535411,0.2287031183441423,0.9330270337357124,0.1949016550362754,50.33664702286169,0.4943203975669878,0.0551811343408489,7.094832416827172,0.129666120542416,0.0803304154979304,0.1945239838331392,0.9380148526718362,0.3577630236809596,0.1376433427102015,90.33550920682949,-0.8660098398384384,0.1803882448042428,0.3622085884399941,3.754221747280652,1.872190414796604,0.2456296210089439,1.027739285789283,0.199051983406549,734.4184232437779,1.8881572966550064,0.0469478619046814,27.10015540995619,0.1382337962689487,0.0636791334987763,0.9199032229681142,0.9662036367295892,0.3411448954589482,0.1282947908294329,385.6712254481004,-0.6913766624086901,0.1720857185238226,0.2642273483776233,4.495021792123984,0.8935601498889115,0.3277330050832517,1.3512565670982792,0.2638006425332608,0.2306808052856169,0.4685758828800237,186.49947588,0.951492123747432,0.0500581795448235,13.65648109433759,0.1783415597556151,0.0702492531865266,0.4477583395685566,0.9022793565624724,184.07339087711577,0.0337104009352935,0.9769764165940454,0.0642003120825706,0.2208651659335444,4.082144997210882,0.0553069131446729,1.941747572815534,2.253190563236218,1.941747572815534,0.0956916230796387,5.261952460292517,1.137071069591683,0.5187024020864925,2.506124246828888,0.4293382887159064,0.4052145516899706,0.8563770935437676,321.49940445999994,1.2492704753893815,0.1242180611340424,17.930404470061458,0.2883704972868605,0.1719131485763736,0.8039551911468087,0.6195744968849688,234.2366403358867,-0.2566764246681723,0.9448188943387305,0.0927855097388429,2.912621359223301,3.524836180535457,2.912621359223301,0.2895972052549207,10.499830728714828,2051.478048780488,40.54222872388208,278,27.14674598453302,17.478048780487825,1536.0219512195122,863090557,2051.8766627222967,37.41666666666666,29378.40290077049,20.166212338593976,58.88519072122048,27.43947008386,32.0,0.0925357649934004,420553,2.605385748500876,-0.054937535049062,-0.1026311091132592,9,25,200,0.4536585365853658,1.4917470950406937,1.1892079872162369,57.43984907112688,42.411768480529744,27.429733852288344,27.264708308911977,1379.1095392628015,208.1150865567479,1.723403628560949,0.4704199983733499,2.8217323784596444,0.359990538174852,654.0187885954895,1.7861510445996271,0.2387636185017526,25.573791048561603,0.2530249439594418,0.4182109396572864,0.9099307228302528,0.5992270668587831,0.5704053328059429,0.0695194971788079,353.29774385499456,0.4063301746081404,0.285002150054886,0.9116486935891048,1.673369842910809,2.579118010377152,0.4928335257723501,2.876904096301285,0.3634400525546745,1413.1777072091604,2.625557043993559,0.1971725069015954,37.59225594732458,0.2381864325866689,0.3438018503073823,1.178657413910652,0.7555031871508388,0.5986265397155428,-1.8612950396127257,528.7191921273161,4.621274063654537,0.3151125934625591,0.7155262490008695,2.057247847578326,1.4752971355799858,0.328026800466281,2.3300438153981005,0.22367019271139,468.1335585334804,1.511151327402276,0.1947505871269853,21.636394305278326,0.1649304508290059,0.3409224734320785,0.7435192052877023,0.4575268696043931,0.28302010573987,1.1092749877372714,302.4359127938971,3.8071856545358194,0.1596297204110781,1.0662028385687128,1.5135524904506314,1.413364246838535,0.6665711083984024,3.2767372341008176,0.5516235007134604,0.423104831331669,0.7481565298903741,500.148368,1.5619693135863348,0.2791526913024073,22.36399713825773,0.3642933021596339,0.4961404539609521,0.9429421985301673,0.6550780631722244,289.73967060189966,-0.2601072314348585,0.7207343822061909,0.1808443822520242,0.7638708255965782,2.086980445241161,0.1219156045339325,2.0196080228823687,8.671782868026364,3.029412034323553,0.4037007935935819,128.14305416829006,2.614325016948027,1.5854111694847954,5.99323230065898,1.4323408561244655,1.6220544742027534,2.049941955598109,1913.87236489,3.0554807732271816,0.408015927307393,43.74782697334806,0.8945241637054943,0.6992370255580822,3.234496034675344,0.0697337694716197,535.9366284743455,-1.4285210816259877,0.9019357508203392,1.160792988580786,1.0098040114411844,3.7910094373080905,1.0098040114411844,2.280809795513851,61.1578032749418,2104.2281553398057,124.28272797015109,560,100.17876331416724,88.22815533980565,1578.4563106796118,915288353,2107.877450104772,96.2,30253.732877117825,69.27743310442813,122.65547624814204,27.725144023308573,176.0,0.1385746976434246,433471,-0.4408730351002239,0.5115982152266328,0.0953524832323574,31,90,204,0.4660194174757281,1.0173678271143611,1.6889921566583246,2636.014301547634,2.000000178000016,13.980733137710462,6.000000534000047,14530.305090163693,212.0629335353124,1.1575446593973129,0.4894094752811554,2.612594540434564,0.3891265338692602,325.1233206023136,1.256291585028401,0.2292815933491926,18.031176351040266,0.2702214434773572,0.4165789518813106,0.6512101085196946,0.6374142733249868,0.6103738032884044,0.0058379011368224,238.4541998358464,-0.0394139214806004,0.3102184047196401,0.8765276595990668,1.7726621339827655,2.4758662753521303,0.4828328391128157,2.1808755011652408,0.4001126104536808,1310.5533934235398,2.5222826322229035,0.1763223677713833,36.201566173627626,0.258635145722102,0.3252507988951377,1.3133963512262798,0.7724587637204575,0.6712328316708533,-0.8795855618397531,510.0284527225388,-0.0481390719576935,0.3532996619254789,0.6938885752825452,2.32756131229242,1.5039844257963269,0.323959543771103,2.0598205983715348,0.2080934328885416,487.4803516558869,1.5383138412098174,0.187750246288478,22.07895721396024,0.1601225446531966,0.3050369305714061,0.7464683996989124,0.5561025631437344,0.2112736091790306,0.3559851884958968,309.8207917140433,2.4251879976151742,0.1080952540077873,0.9683686218365808,1.480236249087933,1.3156136506101743,0.6205198987379625,2.8062733147978465,0.5035269258445978,0.3854051217023332,0.7557049932576301,435.48710487,1.4539652926340665,0.2346133824281273,20.868327792853936,0.3407559451076671,0.3847797310404438,0.7539117696503331,0.6273160412731585,271.0164120256959,-0.0360968871815683,0.8076289138304091,-0.0006082558622989,0.6388387031688313,2.511686211134504,0.0934967035782553,2.000000178000016,7.929045529215369,3.0000002670000234,0.2829438290235711,121.1558757808762,2.840854000403844,1.5155854792193837,6.940360657512043,1.313080698064061,1.4471547324955545,2.093052401810175,2133.3978647200006,3.218120618338405,0.3638319019935184,46.188720102639785,0.8567361007091976,0.5985461623622282,2.853937179925326,0.226200448529231,585.2159240831918,-1.0014303975416363,0.9217217523786536,1.1248227237196202,1.0000000890000078,2.90653529923834,1.0000000890000078,2.2456273410410503,30.14829507376586
62,2.922960892276846,0.1103259634266608,0.5167518607137218,0.0922700269727954,1830.944478122772,2.925032532867063,0.0389875727854181,42.789537016924726,0.0614259120443392,0.0599092665625285,1.4571030507410057,0.8524927066140626,0.1693748598064139,-0.0881762575604612,625.513630947245,-0.4692458121364087,0.084154820250534,0.5873782814082852,2.7768381108008886,1.603832154718397,0.1430682962204073,0.6759474042384075,0.1164085717307046,554.827200691519,1.6101709445028245,0.0446283021088466,23.55477023219541,0.0797278472296672,0.0658973583455947,0.7840417833900997,0.8936672903165229,0.1932077096276605,0.2973536674265026,343.2200811097369,-0.4199079788287947,0.0968943951120303,0.4984057551936308,3.01825334540138,1.59862957030899,0.1930371323168284,0.8704634327207821,0.1633009339417852,554.8390218947007,1.6101880976421112,0.0343635986042559,23.5550211609903,0.1081637615080945,0.0544924087245356,0.8269361577863412,0.9599770868060138,0.3363960892700872,-0.0327831399641724,342.10672804612386,-0.8391869609653306,0.1588244855799624,0.3050168923433962,4.996032358958073,1.0238049829479825,0.2559033589654614,1.0883670371515672,0.2068653846561027,0.1758926327865003,0.5431225090380476,238.25843233,1.055157410257143,0.0440667681913744,15.43562218797804,0.1377075836110155,0.071738588676808,0.3300049473800812,0.9736064961000332,219.09426635086825,0.0632954614494152,0.9603762845518756,-0.2848226837062511,0.2993107307761972,4.607877627556584,0.0291294389795592,1.9439253580560825,2.538580082846206,1.9439253580560825,0.0555738617445068,17.345789740149222,0.5317686909288553,0.2528301341130872,1.1753649525009409,0.1983512380834322,0.1678795195092811,0.4111535710976444,74.13009464000001,0.5885595223950328,0.0473176273070985,8.609883543927873,0.1394097152793381,0.0797260298904933,0.3237276689529909,0.654950829715498,113.79849985877505,0.1524045223873504,0.9500770397610092,0.0135614854784633,1.9439253580560825,3.5669911014577766,2.915888037084124,0.0469461033969746,24.67784189046448,2051.135922330097,12.026433117737003,136,5.231124516919558,2.135922330096946,1538.3276699029127,866704316,2051.171008193702,5.609756097560975,29439.84232294732,4.10277054226853,11.926604816083428,27.439595618053257,4.0,1.97851451915567,422534,20.1578790974038,0.5079923232189958,-0.0739176029076933,0,0,183,0.3640776699029126,1.023933158218716,1.2711994994186844,5.988027277908978,12.000001068000094,16.569261068472436,15.000001335000118,55.79971672433748,78.1460402977836,1.986740823636692,0.1155818901991267,0.7614801993392231,0.0933700353671267,815.8492851978583,1.990083772932832,0.0436367684412536,28.563075555651537,0.0621837379768537,0.0821298281492826,0.9750156873856448,0.7469126227556938,0.176458576444028,-0.4552050286655556,409.26860966915854,1.2049354980135507,0.0856173982564141,0.733663646872178,2.233823022606912,0.443240194843712,0.1172863628574303,0.9478987235605724,0.0924900943499657,43.29114392399549,0.4584224951909161,0.0431974763855306,6.579600590005103,0.0631537050759669,0.0818560117104312,0.2043805522955661,0.75555229923574,0.1650670345709964,0.5663767603227606,91.30748013780467,2.9628394938331737,0.0828470539191081,0.7205917825957014,2.262560505148828,1.5876018114214734,0.1425300318854232,1.067052274459571,0.106467818745354,523.3833154433194,1.5939559925027826,0.044304441443169,22.877572324075807,0.0700578702938585,0.1171987824916445,0.7956687037227603,0.6617486532296992,0.1546853275059243,-1.6613749386485728,327.04597315282354,5.077698586414643,0.085691229977725,0.8490008167455693,1.9460867457872104,0.9950108450420988,0.3019358032980443,1.206063006488916,0.2619192786409192,0.2548205949876999,0.5344602129688195,222.63846785,1.0396005297265711,0.0552929052378371,14.92107462115246,0.167610886900837,0.0786587829244709,0.5068977148090724,0.6044182972465706,204.9722340786724,-0.8025993951286403,0.9657142310213916,-0.2736057276262598,0.2684891207966909,5.3874341325337705,0.0540760955529881,2.000000178000016,2.3517116361216845,2.000000178000016,0.0956100221733429,10.04889671359287,1.1289523554656489,0.6174031037721885,3.402691143324004,0.4479249022177669,0.3421677724428011,0.8627046601685753,340.69713618000003,1.2860286128647356,0.1678265818151276,18.45798299327421,0.3181217455536702,0.3784355683644191,0.6003071855763789,1.4346313136115705,232.5641852259237,2.4097267994055023,0.812140561287177,0.0580972522841161,1.0000000890000078,5.946306275907662,4.000000356000031,0.2307902755173507,79.19793914571567,2045.004854368932,8.091246443106185,116,4.1422377226882725,2.0048543689320013,1533.9296116504854,861514661,2045.0207834773632,4.931707317073171,29351.56999208049,2.983755623964007,11.216929713389575,27.404054135252075,4.0,0.4463856734750318,421271,26.52244530044064,0.0387569130939548,-0.0760027150287765,1,2,183,0.3495145631067961,1.4534812606453331,1.215399654474748,3.636886890244504,22.42718569951463,26.841143228513232,26.50485582669911,90.1525883773348,186.08618954521887,1.3459282722591677,0.1847835307382733,1.0153305698763475,0.1512595437768156,380.1734357102898,1.3584925892688904,0.0531212197615396,19.498036714251253,0.1021618339475693,0.0760336051795368,0.6488719321174585,0.9151927732846756,0.2702938238315979,-0.1995288051556747,277.26122408538856,-0.1590447610719061,0.1340912377345874,0.4271541206860556,3.1470130598215045,0.4662501062694832,0.2133510105955534,0.9330270337357124,0.1718231458734803,54.1134913018782,0.5125298537451173,0.0508527418047806,7.356187280234116,0.119338843737536,0.0725432564065599,0.2239103349933724,0.9420657398553864,0.2760435437435976,-0.0786248566848741,96.04752189151355,-0.4771971236936081,0.1396356834593325,0.3531697799771288,3.7611764547775897,1.9096400386375607,0.2285993565124943,1.027739285789283,0.1828202134052793,761.9381873851141,1.9232080139642416,0.0431665026173994,27.60322784358949,0.1276455457702454,0.0545784671322452,0.9286454534292028,0.971489989739191,0.2913952192706774,-0.0330882873105515,393.3858479593376,-0.5139362056448906,0.1461651409969279,0.2455379729884868,3.5617402175945,0.8843908513634382,0.3314678294148138,1.3512565670982792,0.2690459902948825,0.2431558809913572,0.4671003070386946,183.64585766,0.9441846990511604,0.0494419830300412,13.55159981920954,0.1816637739850166,0.0689777349936847,0.4641713849236313,0.8468536067668625,182.18451538086828,-0.0309153912923383,0.9782331485479272,0.0542348528668429,0.214704449761427,4.182902298780435,0.0476263253067865,2.038835063592239,2.797085138526031,2.038835063592239,0.0951120643907514,8.101158650456659,1.1871465337761462,0.5662488551120325,2.271187365903572,0.476188057029857,0.4293752519790288,0.8745128202770821,356.05002190000005,1.3146855763121108,0.1176912659004158,18.86928779525078,0.3180281026070627,0.1600488536837578,0.8391181494654392,0.4686027744975756,244.5521859578861,-0.7554453698103281,0.9599651343287922,0.0706388059632523,3.0582525953883586,4.090274250563039,3.0582525953883586,0.2458396476641543,14.5427737047069,2050.243902439024,42.329346242574665,285,27.00773349196904,15.243902439024168,1535.0853658536585,862083034,2050.67869074678,35.67156862745098,29361.250552386216,20.517168818747013,59.29252011153237,27.43208993951584,27.0,0.1493002953002465,420300,2.869051612389037,0.0177239470871625,-0.1282362695343575,9,23,199,0.4341463414634146,1.4387464579096962,1.1832387265396571,105.36089975010412,16.000000928000055,26.57105293973104,26.00000150800009,1986.6112745557168,150.1315899589315,1.7592578958835765,0.5265351906017827,2.994867242249135,0.4068893134206968,691.0294291830648,1.8359943530162703,0.2553603985696797,26.2874386196728,0.2832522586970134,0.4390926709070739,0.8092790088655056,0.6519145506558894,0.6490697857455698,0.3324866443288531,360.6478686561332,0.2541828216339872,0.3226888392555018,0.8557099887011707,1.7429902084155462,2.487589731504646,0.5594310589926071,3.055551163259842,0.4426320537497841,1332.4055222110885,2.5494193716878,0.229044600593753,36.50213037907635,0.2832184136237428,0.3939702501699181,1.3341583044189915,0.751562845260155,0.7232758069993661,-1.410453605676599,509.9558949584524,2.3936165510674896,0.4388678046125536,0.7234771814206918,2.2449473503306163,1.475056063752346,0.3985318999834095,2.562525776930597,0.2624778230482085,478.43787596067074,1.5276921474463123,0.2183594200573585,21.873222806908696,0.1958167801932118,0.3819705970608424,0.7295579432854186,0.5399487798116802,0.2924717861425494,1.202493388763915,302.38649306923094,3.3877831717615474,0.161567077124014,0.9845635797175122,1.5364527117978923,1.3763102031613987,0.7197407187291416,3.325723455972541,0.5945832531049495,0.4789792608664169,0.7509832158968196,493.99455119,1.5523303507952164,0.3005087545135178,22.22598819377892,0.3972393648172579,0.5077255660716726,1.053612758966492,0.6181828002507254,282.1435916480867,-0.2169702002506537,0.7509781091804013,0.1741456698810457,0.7242576611991967,2.1787160826474783,0.1916156814805419,2.000000116000007,8.106326544452317,3.0000001740000104,0.5456722276353599,115.89107348517147,2.878316821878088,1.57244195526026,7.20474432118526,1.3628365242099736,1.5323006564348978,2.098518042798567,2202.7701194,3.277990252370216,0.4422171327874264,46.93367788060083,0.8847039335747509,0.8086990377643345,3.155671655934265,-0.0413007039390236,590.054948485008,-1.0035990403977708,0.8660667714629702,0.9004662566579623,1.0000000580000037,6.000650873578143,1.0000000580000037,2.166624383704597,91.77957742299934,2103.9268292682927,124.5897169150633,560,100.17441998810234,91.92682926829276,1575.2024390243903,910600771,2107.594595857516,97.78921568627452,30176.16229741615,69.36334289813487,126.83536882239798,27.72335016135981,178.0,0.1858799086862585,431305,-0.4469426873600284,0.4787872627701415,0.1046500397698972,34,92,204,0.4439024390243902,1.0471338506632162,1.6491921979711972,1966.2178213990028,2.0196080228823687,16.024791425462713,12.117648137294212,14543.450510840768,226.6224637037249,1.166150215530014,0.4561027551798085,2.3009284648107298,0.3641524946127875,321.2188602116961,1.2517672584491684,0.1899568460417919,17.922579619343196,0.2497332043377894,0.3461287027071104,0.5290060475489682,0.7106165615090316,0.5801780757655601,-0.2059734287224039,239.0607941836529,0.0023451207898537,0.2916420696506145,0.7803903753334711,1.9078530940428635,2.536037378624546,0.487403953662225,2.1839130978941745,0.4034940526535939,1366.917318350372,2.5822256597374857,0.1676455711191126,36.97184494112205,0.2583789232891225,0.3198855971612056,1.1558498423996009,0.7841945551960028,0.6585239002524874,-0.9750373635687622,519.8876626180319,0.1986388774310659,0.3762043654063451,0.6758775062071061,2.397782999362644,1.508354309376999,0.2955388988698628,2.0550217885566866,0.1914595370244569,484.22022924833664,1.5368961899791325,0.1670615666603223,22.0050046409524,0.1449726641169572,0.2860755741931243,0.7468971210656945,0.5311067926952774,0.2257164807215168,0.2986253871375081,309.21263342228485,3.29804653649462,0.1135162947617733,0.99485784216055,1.4797796236918486,1.2823494976293497,0.5889492129374196,2.8062733147978465,0.4543072881706271,0.2825851553966413,0.691633829020011,407.86582777,1.4105280584788442,0.2054664729519205,20.195688346030696,0.3136513202653784,0.3620666402896401,0.6110723873449564,0.8483681314757789,262.88164701401666,0.6575991561516301,0.8099946080209235,-0.0058296142925243,0.6330001059654738,2.5610124909022445,0.1403104940446179,2.0196080228823687,5.968742723657278,2.0196080228823687,0.4090650586467543,86.09631652713357,2.61347172148522,1.617933930360499,6.940360657512043,1.4277218516865433,1.496178716047524,2.039778850068268,1934.21094141,3.071673049650828,0.3458727832073828,43.97966508978894,0.9075604521316708,0.5803427792128605,3.114425447921845,0.4018860867992024,535.7617029044701,-1.0695904467096229,0.9356160282921868,1.1154489854276637,1.0098040114411844,3.7209989279533615,1.0098040114411844,2.396326014879477,47.653709813714016
63,2.917507195350345,0.1026562171151073,0.514097605218923,0.083448670592327,1849.34733954294,2.9193043640984,0.0400257495613081,43.00403864223615,0.0565617612268662,0.0611750491116593,1.447155146400582,0.8215771145951777,0.1457771404242906,-0.118666714422983,633.0990613910249,-0.1267950177998926,0.0737784651356459,0.6507900171026686,2.576296858164671,1.6081544819327305,0.1405840578115126,0.6759474042384075,0.1122768249130915,565.4658992931134,1.6142594702511284,0.0486717636706173,23.77952689380328,0.0780904762434142,0.070256682695052,0.8064027680836287,0.8750652911045124,0.1695909672152673,0.2193602795799732,348.96952257940245,-0.2806083376726827,0.0858535539274016,0.5458438958369685,2.848791514126357,1.6300132914653995,0.1889235837657704,0.8638019737024993,0.1625623271928084,584.2662007154158,1.6408750625927566,0.0390102962595888,24.17159905168493,0.1049394422231559,0.0619575628065874,0.7857488243015176,0.9461621697789478,0.3260827424797687,-0.4656896291804797,353.7128842479917,-0.6694321290927787,0.1641061351787758,0.3582360602503759,4.584273273089656,1.0080642917687626,0.2400321082339742,1.0883670371515672,0.1878138415001659,0.1544768680094852,0.5171942181592797,232.95894395,1.036119452817537,0.0380736301139718,15.262992627594366,0.1290445920267781,0.0609798293597982,0.257575416571325,1.000995318746633,218.7499513138215,0.3340902791255393,0.9676560360763996,-0.2101501157468867,0.2758492975583998,4.994372843709808,0.0301274643886315,1.925926049185193,2.7881252500686013,1.925926049185193,0.0686628686849888,16.665127654559743,0.5224749063860935,0.2518195184893312,1.1753649525009409,0.1988065344892924,0.1928347085946227,0.3870368517564546,72.93388913,0.5797420733108994,0.0498906292931653,8.540134022953035,0.1390199917239115,0.0859530517528636,0.3676320640051814,0.6697922292061114,113.3770546857823,0.1677419416949788,0.9417089501738716,0.0217351265006512,1.925926049185193,3.9852411442371927,2.888889073777789,0.0838175161921198,27.0700903799692,2051.135922330097,14.170080842972547,178,5.236403054010702,1.864077669903054,1538.2839805825242,866715828,2051.1846304878345,5.824390243902439,29440.037839649594,4.0432867629647165,14.206147758852202,27.4395151432738,3.0,0.2595059178755802,422534,24.375151396905203,0.4820925152418084,-0.0364755137150307,0,1,184,0.3446601941747573,1.029679406692066,1.3510276966140016,19.81538016948595,14.00000124600011,15.72144249004255,15.000001335000118,167.8326583583029,38.96210714560421,1.9796435677016688,0.1230804717052964,0.9163981623359876,0.0969161989354105,810.4171674749892,1.983447483494711,0.0450572647556816,28.467826883606502,0.0641691586702322,0.1058608837802154,1.007774194869815,0.6299035631013654,0.1763711797538034,-0.7321062034455459,407.8065749465437,3.280794853318993,0.0891761825347078,0.8834047062443935,1.9322486141191504,0.4388911492020828,0.1201470434659868,0.9388347123056556,0.0961431167208324,42.64007978566415,0.4549622825808588,0.0386374336158526,6.529937196150064,0.0646436074332678,0.0788836142820114,0.2360574330789157,0.784332712833472,0.1733220732541167,1.0524093247479125,90.41157673562904,4.435461053695425,0.0869611134422807,0.6734557087908216,2.403096391339385,1.5931050453831976,0.1482578277505606,1.422327460238526,0.1007323780339612,527.330617854142,1.5999554269491354,0.0486751289722785,22.96368040742037,0.0657301268153563,0.1406250030422328,0.8008503456213278,0.5489195052653316,0.1340656317264783,-2.842568727835156,328.17963934893874,16.30207672643676,0.0762111319572118,0.9726161981265292,1.6712959121111546,0.9895523820861452,0.3026337065534953,1.187155082505369,0.2583101826019986,0.2453231517304101,0.4969491079544125,220.49343475,1.034580339736326,0.0550667803015425,14.84902133980553,0.1669238182199802,0.0829170844610771,0.4874688142986388,0.7032983058117163,203.8477907097459,-0.6436215330234045,0.9624346260220636,-0.2463363621311769,0.2816114790707459,5.32632810299426,0.0527670744861012,2.000000178000016,2.4153048469727194,2.000000178000016,0.098916682277594,13.586584657979104,1.1218196178086028,0.5801389907917175,3.402691143324004,0.426192096378222,0.3524195571439057,0.8731262937285652,328.24178248,1.262302147295948,0.1587327584227804,18.11744414866512,0.2979789204854424,0.395494269715008,0.6575465180056936,1.527502977522343,231.09484126857217,3.433871266742436,0.7648647627761249,0.0788506174460892,1.0000000890000078,6.5303389337619695,3.0000002670000234,0.3959324577606853,73.06047415970531,2045.043689320388,23.797582045253428,281,8.92680742765574,3.043689320388239,1533.7087378640776,861650057,2045.18147531956,9.42439024390244,29353.876353899155,7.159838977030547,28.78871730213833,27.40357756838933,5.75,1.307468171172598,421279,23.41796087884797,0.2680421697080171,-0.0263964926987492,3,4,188,0.3932038834951456,1.262178098341287,1.2917061835050183,3.25236216660327,23.44660323131075,25.7828596118466,24.46602076310687,78.051067418091,183.8316590260692,1.346087733249509,0.1865794425594803,1.0667428629855231,0.147933212350383,380.3985873536793,1.3588948024925116,0.0599811168926036,19.503809560023893,0.1015254659228847,0.0879983049472982,0.6702723654525455,0.8884700549518421,0.2604346269527213,-0.3989511664638143,277.29407304939883,0.443578006328476,0.1324085422429902,0.4896544338799963,2.8057626199982013,0.454360172363453,0.2249803384947793,0.9727404977800072,0.1859259167136943,52.90360354880145,0.5067678062586466,0.0561276986448936,7.27348634073107,0.1266241055802805,0.0812987365664148,0.2517442348197566,0.934622364119136,0.3226148432131427,-0.0473052087564729,93.59819550687132,-0.6822495116331364,0.1626739049059392,0.3751107198324125,3.594970284413769,1.894874874191392,0.2369292464991466,1.027739285789283,0.1965344601950213,751.1612334099832,1.9095585234334649,0.0436214323022957,27.4073207995598,0.1335436027523969,0.055332018917312,0.9677612928366678,0.9727186548576644,0.3639171253003781,0.084196755292818,390.3442240834266,-0.7919908646475267,0.183560055942924,0.2397473005763341,3.744924404041768,0.8551588195188307,0.3042612374839315,1.355109230668307,0.2384030309913389,0.2018098486594599,0.4674634365307011,169.62495558999996,0.9074260931417848,0.0515706597578011,13.024014572703765,0.1634785324143938,0.0721296497529524,0.3806682667853855,1.0389432105936474,176.16271682087913,0.5323875089232519,0.971878869519978,-0.0101650930514463,0.244632528737176,4.48050604087418,0.0527331216441184,2.038835063592239,2.799351102920558,2.038835063592239,0.1192690839973508,8.745570702030724,1.259747348248062,0.5613798053398003,2.271187365903572,0.4758363658275996,0.4206592075636968,0.9374125961338374,391.51965017,1.3786155468686552,0.1293531439487902,19.78685548969316,0.3162669537697806,0.1705428302159828,0.8379128047170019,0.3747875028558247,259.50795373910074,-0.8526328114759747,0.953536341767339,0.0458549808922376,2.038835063592239,4.729651990285486,3.0582525953883586,0.2268858049123213,17.830482158384836,2049.43137254902,40.24078018907008,299,25.5044213763937,13.06862745098033,1542.0,857163188,2049.82446402938,32.98029556650246,29277.349401884043,19.411330049261085,52.55590502226519,27.427622071236904,26.25,0.5914682187377617,418084,3.494922243686496,0.1454797003481794,-0.1968041820662773,5,18,198,0.4607843137254901,1.340271827930665,1.196082045902496,128.0219431596826,18.00000104400006,23.40984738841432,23.00000133400008,1730.8603306613545,101.125643156643,1.7521826547624055,0.5139126431928102,2.994867242249135,0.3961727291493588,679.9229469338314,1.825638414972873,0.2576605638653937,26.07533215385437,0.2753508772567715,0.4395298914060888,0.90592454888734,0.6333860402939264,0.6371020313706266,0.3606059762459537,357.44526157153075,0.3526520086975391,0.3251340088763456,0.8769458657892015,1.6937788456457734,2.5110078530929583,0.5337747680728656,3.064229341408257,0.4366305166782951,1344.0905765274215,2.56684228122864,0.2225925564082737,36.66184087750398,0.2733301256935326,0.3710734852807683,1.2475204710967975,0.7581567122318965,0.7283466026191907,-1.2598052111221485,512.2456020309635,1.879631989228292,0.4129101152036294,0.7140982259935785,2.3169467055788098,1.5068312388670373,0.4265496669655403,2.562525776930597,0.279650089744449,500.1249955476642,1.5657564036048923,0.2150361118987468,22.36347458575398,0.2091687259332422,0.3626759176054436,0.7205151709700837,0.638019398672126,0.304598362797932,1.1826088895876878,307.3935727288756,2.9540484563286,0.1734683222330835,0.8729765834412035,1.6975248010295818,1.3494328906951665,0.6713989832136953,3.325665720945638,0.5501109347716456,0.3903448560643271,0.7035920714640546,462.98535052,1.5064979362617077,0.2752440559196933,21.517094379120987,0.3655155897491728,0.4660351385855641,0.7603442374307467,0.676612408313576,275.2843097018139,-0.0376918255973066,0.7577655155058359,0.1517322804162242,0.7127826286931334,2.274545356106293,0.1577635665193525,2.000000116000007,8.644118679788775,2.000000116000007,0.5112686791588638,140.35039619874868,2.638529247707168,1.606484863873881,7.20474432118526,1.4228582125466178,1.6929964652148364,2.027766443499235,1944.11576899,3.0870664488726027,0.3955755062212406,44.092128197559255,0.9030506913724128,0.7295442211817813,3.401751891838587,0.2026032764637348,538.2599665322623,-1.132180811117153,0.8965284287516665,1.0520629039598193,1.0000000580000037,5.626244114375817,1.0000000580000037,2.3526707129149504,81.66207914284946,2104.317073170732,123.0058660773172,598,98.6936347412255,88.68292682926813,1575.4439024390244,910857431,2107.891596000089,101.17647058823528,30180.41469231329,68.08163558106169,129.47283763892142,27.72623725607888,170.0,0.3371301233618102,431385,-0.3191439312402253,0.4457573905193513,0.1504322085477958,35,96,204,0.424390243902439,1.0828277531923622,1.6004205823786548,1782.4370243342485,2.0196080228823687,16.3376826366693,12.117648137294212,13529.893927155155,232.2909568248021,1.1768068595772836,0.4789202821750248,2.8255745281002382,0.3773393956112107,330.68963475580574,1.2700866779635616,0.2123966094205438,18.184873789933373,0.261173625862085,0.4042797116684899,0.588930065314441,0.6435128379677633,0.6221209436362373,-0.1086527758209537,241.2454062133432,0.3358120518288512,0.3078464343070377,0.8690602787570529,1.7726133895659406,2.535319042480312,0.4720001086404424,1.873376606997392,0.3993890847432386,1363.155699590017,2.578670199540857,0.1635606045056015,36.92093849822912,0.2554298089449064,0.2888701130552148,1.2846058230731898,0.8125693970083655,0.6851185217332243,-0.7985330923265048,519.7404037084639,-0.3948202586419196,0.3833776426306556,0.6299090374194679,2.55362952127725,1.5038523284679923,0.3091880372598847,2.134680894429218,0.1949040869632657,483.12406174337616,1.5351556078168724,0.1687954023209656,21.98008329700723,0.1498900122596907,0.30368408770695,0.7554744055882158,0.5176047460340788,0.2166437853803118,0.384505345638966,308.2897273359385,3.3716385579709027,0.1108421528836014,1.0099986468044193,1.4927862542127106,1.2709743536108815,0.589988944333927,2.7739802970584027,0.468150326687053,0.345634139500546,0.6226560207795091,402.1617792499999,1.4006301356279849,0.2009412660886048,20.05397165775398,0.3207080942834923,0.3560472941295228,0.6699269360047233,0.7059772331179461,260.5497424902307,0.16877092544728,0.8177574975827265,-0.0531489080899944,0.62139372704573,2.547628181517824,0.1540448664349465,2.0196080228823687,6.207084226286161,2.0196080228823687,0.4205302572853917,89.80729548047003,2.724515268177499,1.529929425949657,6.596460698571163,1.3328154755638884,1.5113416202605985,1.992552367785161,1999.21115241,3.122859190541773,0.3350912472182293,44.71253909598514,0.8654558816734689,0.5562225302839073,2.8101084889453385,0.2113187970259929,558.5256299763873,-1.0683574888343796,0.93348587916455,0.8315064795740209,1.0098040114411844,4.430639714646599,2.0196080228823687,1.798301156271792,63.08625470555271
64,2.9187744955899246,0.1027011983516889,0.514097605218923,0.0837443020520635,1876.5437127586567,2.9205725721000304,0.039944432499209,43.31909178132267,0.0566758050620583,0.062900569121627,1.4697648856542778,0.8113789057792147,0.1502195051251336,-0.1257986307255846,642.1303890297834,-0.2060875058170208,0.0753539295127083,0.6752300399039316,2.4701205973335867,1.6135854261723852,0.1420660877363196,0.6620540151174814,0.1142390151736613,577.224771411652,1.6197990495620296,0.0496022320341946,24.02550252152184,0.079161742105354,0.0732285457101058,0.8123874840215943,0.8665109667597899,0.1815378435730135,0.0956891636854053,354.9887937579247,-0.3550835622015671,0.0918785923781297,0.5681938464675829,2.7329399315359337,1.6076021486541965,0.1908976243399307,0.8638019737024993,0.1653989762058944,576.5454037909892,1.618845553572878,0.0374365836764032,24.01135989049744,0.1069840439881509,0.0619770182958332,0.8337222534576033,0.9468407915129696,0.3336378701982923,-0.2423609868968382,353.6724727039232,-0.8637756902635778,0.1660006625669281,0.3576234766987318,4.601202149279056,1.004368768555754,0.2259520707749069,1.0883670371515672,0.1741466605735509,0.1435402316217138,0.4998218987750967,233.1073572,1.0293584877794697,0.0375191115571154,15.267853719498364,0.1204946366162376,0.0599720484336963,0.2478756860791399,1.093526552918679,220.96112908226587,0.8024054086063743,0.964734122342908,-0.2027114743177606,0.2925984764599588,5.022811189342093,0.0257500759409195,2.00000002,3.0406103935592794,2.00000002,0.0633574595788317,20.80505781769459,0.5093910165833727,0.2483765278481688,1.1753649525009409,0.1951036757419048,0.1949777361911951,0.3721036083015928,70.59573272000002,0.5664712650980791,0.0535555741542538,8.40212667840708,0.1364334821774051,0.08697157527809,0.360787299969462,0.7294170705333263,112.066023648342,0.3915352658984776,0.9384390118564628,0.0176031912953805,2.00000002,4.349322495599013,3.00000003,0.074461414825857,29.607624016765744,2050.8243902439026,14.47744663341684,178,5.556026174895882,1.8243902439025987,1535.5975609756097,862248297,2050.87524088096,6.348039215686274,29364.064722037376,4.350454328072693,14.84082207965583,27.437692621018662,3.0,0.2502111244812718,420419,22.369184305130645,0.4745478919235671,-0.0158431263887797,0,1,188,0.5414634146341464,1.052501573249068,1.2854634394524471,30.29958412430186,15.147060171617763,17.44916118422647,15.147060171617763,297.29787877092275,80.65742737094217,1.97783631111844,0.1141268824504571,0.9163981623359876,0.0861387152808351,804.5835659243762,1.98111026511851,0.0477758908494171,28.3651822825868,0.0580560565033538,0.1074056437660361,0.9808617456137952,0.5551950253921496,0.1375494820173957,-1.03188292578807,405.45644377928016,5.100475889249196,0.069009186516034,0.966329513400293,1.7570606629198486,0.436375742391601,0.1116967716754245,0.9388347123056556,0.0839171330263223,41.58201508805652,0.4503766179438267,0.0413721924927458,6.448411826803288,0.0586908085197919,0.0811370684558006,0.2210854636097209,0.7351605505796298,0.1383637444918191,1.2977784581517104,89.45702719027821,6.803534641356665,0.0714356248776665,0.7447323156564155,2.153028690296575,1.5776177078981268,0.1482009151360636,1.422327460238526,0.1029473192279837,514.7004709105386,1.584529584590219,0.0509486359684644,22.687011061630365,0.0680422924555824,0.1418840213126232,0.7935171166446462,0.5413518684263655,0.1601889260386479,-2.5807690047453047,323.411630119116,15.258559874607387,0.0851499786412948,0.9816133223383436,1.6543567384405098,0.9894685808878172,0.275662909507576,1.187155082505369,0.2350908256007692,0.2127643832252117,0.4788682739934357,216.20682297,1.0269700234777797,0.0529988888891228,14.703973033503564,0.1533208454601076,0.0812621974245768,0.416904585266651,0.6187724019814943,202.8410590820025,-0.624423712671927,0.9564427357418044,-0.2597271774223779,0.3025765638873788,5.169872411532174,0.0428708076389267,2.0196080228823687,2.913081117886499,2.0196080228823687,0.0928315550704172,30.019583896989744,1.2369069419864167,0.5930177276286265,3.344755931099116,0.4341254844037251,0.3232472747498647,0.8765486442344915,385.3781357,1.3710920264074358,0.1683203839880808,19.631050295386643,0.309305200744648,0.4017022423798944,0.6846606828462101,1.325371465595015,253.56592310721544,2.251113913009235,0.7700321361974016,0.075385870183702,3.029412034323553,8.40605811841342,4.0392160457647375,0.4228078869997382,118.75396621443704,2044.780487804878,22.91150087423126,281,8.037358715050566,2.780487804878021,1530.990243902439,857238172,2044.9082178699844,8.318627450980392,29278.62995428577,6.378574844571975,27.08528650574033,27.402104371397154,5.0,1.4892052529766353,419180,27.52744571390823,0.3012118738368713,0.03073876262103,2,2,185,0.5073170731707317,1.2318264506201275,1.3042436782115685,65.19009492658522,13.862745236666669,20.617058105498653,16.83333350166667,782.6228526649865,141.88069977188346,1.3523621660034666,0.1851420607208743,1.0667428629855231,0.1507245890230927,381.9137296078917,1.364915309814248,0.0542928405338184,19.542613172446814,0.1014085903155851,0.0735707719591775,0.6642827676352703,0.9210114553714702,0.2801122364906347,-0.4068640754194823,277.23424403071067,0.1533527070431093,0.1403994520519531,0.409646601361826,3.076582214110781,0.4605530486503827,0.2134803753212613,0.9727404977800072,0.1746912928371024,52.77943728938872,0.5074058234828758,0.0497345792383853,7.264945787092201,0.1195083024121046,0.0666155094041758,0.2321622621880812,0.951024262716058,0.301559480964537,-0.0456096571704073,94.41337497332847,-0.4771587465056131,0.1508682562289469,0.3212108272120154,3.6163297124987146,1.9130083390266333,0.2183990884588531,1.027739285789283,0.1751166554649018,759.9486105783052,1.925374351409332,0.0416682945664175,27.56716544330057,0.1217546236344419,0.0537920755870913,0.9416870195064106,0.9694570795635856,0.2787059744923463,-0.0322476489437963,392.16670950045983,-0.4481563731141267,0.139938119403747,0.2517515985090642,3.5427490089560414,0.8719090715348782,0.2992164420870967,1.355109230668307,0.2422675954661037,0.2160382763320425,0.4088316446373841,174.11043071,0.9215851421301896,0.0485571325414476,13.195091159594162,0.1632611710231431,0.0681393303083012,0.4197222508326015,0.8899484895799074,178.74135966465002,0.2540134076380997,0.9740636806231728,-0.0724453395774979,0.2340920190282068,4.869884981002182,0.0487410643073716,1.9803921766666668,2.655203034333088,1.9803921766666668,0.1119291171230253,11.221476996021735,1.216209761904345,0.543556401798442,2.271187365903572,0.4489090057800047,0.3773775617594054,0.957613394621805,363.50159455,1.3316074909672144,0.1167195920038865,19.06571778218696,0.3027501609366808,0.1592259343996681,0.737536641388856,0.5754395192035812,249.3230011903908,-0.536795351811397,0.9570501756054892,0.0610803035890517,3.9607843533333336,4.502918385580494,3.9607843533333336,0.2883625949782683,11.452913033776351,2050.176470588235,47.07093729915312,393,29.01095732410609,15.176470588235134,1542.3578431372548,857907388,2050.71411282729,36.29064039408867,29290.05612831768,22.187240413406744,61.73074379159901,27.431136512175865,27.5,0.9380305991154848,418236,4.842183339794236,0.1376384641512322,-0.0609078854196442,8,19,197,0.4411764705882353,1.339130703873862,1.220879060917525,176.42871084896908,15.147060171617763,22.83177211326036,21.205884240264872,2533.5638198222023,122.30673797454124,1.7359921066143045,0.5023806999666445,2.489479391271704,0.3862237524549083,666.0228258652346,1.8068806750444784,0.2165147391613396,25.807418039494664,0.2701744244343571,0.3699654006658227,0.8850140790532379,0.7288309091551104,0.5664974787815904,0.7064174753579864,354.14238974931806,0.1942775235393821,0.3162193743624235,0.7538894487985949,1.763658640980515,2.527531316811596,0.5440598939335736,3.064229341408257,0.4337814896429227,1363.3248068644891,2.585143079121891,0.203459876584186,36.92322855418374,0.272729805207799,0.3542320175930132,1.2666496479004548,0.7876135651198337,0.6980624624442564,-1.415409138958853,515.6163886295656,2.129298727451828,0.3958367223375287,0.6671977551240721,2.501169227593608,1.512987209712261,0.4081611885058172,2.562525776930597,0.2704219114928676,500.8014783654938,1.5668149883358882,0.19498634981723,22.37859419993789,0.1992330071905768,0.3385365705991363,0.7761095841069843,0.655114746058949,0.3204351151054603,1.278078813712049,308.64939078130124,3.186004287568346,0.1666422738753045,0.8499724920206385,1.7006911080331564,1.2969838053259115,0.6709665855413878,3.325665720945638,0.5341344314409309,0.370774354696588,0.6731756539074889,434.55188648,1.4595055005975517,0.2534208309871144,20.84590814716404,0.3625649355165455,0.4350666696661093,0.7265290531459647,0.770204969413722,264.58469628648595,0.3205931154107171,0.7889296124720525,0.2676851612943658,0.6642259464345944,2.252999616538152,0.1599701509383692,2.0196080228823687,8.294984173420668,2.0196080228823687,0.5063608751110855,118.9991837829179,2.6884124199893265,1.5711379925467153,7.20474432118526,1.3906492152694407,1.6925928581583014,2.012870682259873,1975.52285545,3.1119022423481386,0.3624217275732882,44.44685428070248,0.8835059483170402,0.7015945292434141,3.389105150603733,0.086897221299927,548.4361336778226,-1.1463819309548584,0.8995201955103744,0.9295628245914416,1.0098040114411844,6.084132975427848,1.0098040114411844,2.0052159295789225,89.0653012706735,2103.7463414634144,121.14771428002668,696,95.04237953599043,78.25365853658559,1575.9878048780488,910272538,2107.2147123400687,86.48529411764706,30170.72319318846,65.84550454328073,111.93798615795282,27.72340206265705,144.0,0.145686516720381,431268,0.23086719622132,0.5714354215118866,0.0986036999176839,27,81,204,0.4439024390243902,0.9493543224697664,1.7671198770767942,2423.164535912412,2.000000116000007,13.839236074919418,7.000000406000025,14386.621762305287,200.10858388321776,1.1463201005267434,0.4733830246114387,2.8255745281002382,0.3667503691064986,315.0948669887027,1.2397774524696794,0.2235127083626158,17.750911722745474,0.2568017345079145,0.3971918989480076,0.5910059289766466,0.6454924488342443,0.5750221191089911,0.0511169317573854,234.9956206079824,0.5901407010928859,0.2860751465635704,0.8636709998927855,1.7102563776247803,2.498927167455708,0.4566179264835387,1.891366254845579,0.3834393200503644,1322.6845684712523,2.5401023298680765,0.1808481736790384,36.36873064146249,0.2492229546533935,0.3081782695388778,1.2866321513687295,0.7709982435861602,0.6612476810611909,-0.7259630939001291,512.2800693284202,-0.3723009749442481,0.3442516625659526,0.6948491817731391,2.278940297289746,1.5085400499902166,0.32946792424694,2.232260125873795,0.2169712971457097,488.6611009709673,1.5439276821351624,0.1794931032744655,22.105680287450262,0.164250308783573,0.3085502075865387,0.7550440019052569,0.5614040013547328,0.2405678896509646,0.1880741013930333,309.2507102479944,2.624184524514676,0.1214077242246354,0.9631404388092324,1.5266433631074852,1.237351819152084,0.5737357006480353,2.7631964671723885,0.443516505309006,0.3164796710681392,0.6080408167322029,381.01432395,1.36330717679204,0.2018337102561385,19.51958821158889,0.3082467699511747,0.3468090276361579,0.609405122977388,0.8121717865758096,253.6571229261772,0.4719430057047278,0.8168882652078504,-0.037318164463015,0.6223169498902087,2.4957929470654263,0.0972622640995987,2.000000116000007,7.826744980590899,3.0000001740000104,0.3550862551597112,107.0239262900028,2.6301273262917104,1.5820585290358444,6.596460698571163,1.385731799923206,1.514730957282021,1.93820961718696,1928.6952738800005,3.0672902746044315,0.3442826744901519,43.91691330091404,0.8919360238278238,0.5690421666472847,2.903075644481916,0.3206969572740962,539.1761018898006,-1.0924384630638844,0.935156261204976,1.087152671421035,1.0000000580000037,4.294351347971831,2.000000116000007,2.285752642086451,48.36927317140407
65,2.938458651641885,0.1023066654982027,0.4526097869740906,0.0867382165628143,1901.890831613364,2.9402309986658,0.0356120728502057,43.61067336803416,0.0574228639682714,0.0527141099925178,1.472532133567939,0.8665990839774544,0.1653654013366194,-0.0440131802270683,646.4609033612147,-0.7603235280993075,0.0805482219066364,0.5680435609796508,2.942466297891592,1.6088533415514592,0.1376469976822296,0.6094375652496185,0.1104117048640027,573.5993228343192,1.614704198683742,0.0467299848175881,23.949933670770765,0.0766932178986266,0.0670310190261317,0.8276793683436663,0.8804449308069986,0.1763651584012318,0.2865114938667473,353.947735141321,-0.3470380512713187,0.0896279937368302,0.5368245850260628,2.868637894949388,1.608774536014877,0.1720541843780063,0.7055073180486515,0.1477010066363253,575.8771903778479,1.617907164403008,0.0349527577534373,23.99744132981364,0.0976064318410703,0.05561197174095,0.7931831858336711,0.9474225551984335,0.3005025710156879,-0.0043786165228221,353.9303979232729,-1.0743881524661891,0.1485508502032823,0.356239860041891,4.90397220486599,1.0035825409473615,0.2024604436390964,0.8469453483036296,0.1622739746750497,0.1376073139652234,0.4933090619834238,230.55600227,1.0237098360863786,0.0341638707232879,15.1840706752175,0.1112546181090202,0.0532589295866226,0.2545492267673782,0.7521801913044249,220.7881590084196,-0.1550349763774212,0.9653166111338312,-0.155467055354897,0.2899413751467451,5.1033052770481255,0.0216517541823532,2.00000002,2.8601218249977087,2.00000002,0.0494401202834782,17.581081008378032,0.520642783908749,0.2259151026949783,1.0109020065774277,0.1721233604563465,0.1259747434360894,0.389057585954805,70.81240162,0.5673398917916682,0.0494754609901646,8.415010494348774,0.1241663325154299,0.0762788574984096,0.272857370119302,0.5189771036445391,114.54141245992476,-0.0052454246622328,0.9427961848381644,0.0096526551843731,1.00000001,4.356988661031212,3.00000003,0.0418706267168164,29.384633937537743,2050.878048780488,10.684869093565387,177,3.9966686496133152,1.878048780487916,1535.6341463414635,862273948,2050.905746368615,4.8088235294117645,29364.501494151064,2.8362745098039217,11.77713803910597,27.438137901841444,4.0,-1.3560621305924618,420430,50.8247003488271,0.3922396696150296,-0.065966540730642,0,1,182,0.5463414634146342,1.127917520867091,1.3201091116354706,16.532960058126402,15.147060171617763,18.575127725200616,15.147060171617763,192.00785348119413,105.06597628507734,1.984698578595895,0.1097731890353231,0.9163981623359876,0.0873233597820916,809.9590630338369,1.9877172383609427,0.0398644223045817,28.45977974324181,0.0573373186860674,0.0884931189247974,0.9859927316312632,0.6742503632489831,0.1570841687023128,-0.6509735078562755,406.8632086121585,3.906356062875492,0.0770640766554566,0.8256087048582138,2.0372084792389504,0.4353335477325876,0.1112743685729869,0.9012862918534998,0.0860512657864319,41.37656100586408,0.4492625991059511,0.0381864635345453,6.432461504421467,0.0591635623559762,0.0775226706364252,0.2185145501015549,0.7567403039877805,0.1505932516789776,1.3415126291236044,89.24337728518046,6.710259496137471,0.0759772322538233,0.7137922542306393,2.2619232362742343,1.5744611338107684,0.1293963797236739,1.3822835655181591,0.0888175728502642,511.59586999500254,1.579743526567436,0.038736867458203,22.618485139261704,0.0574982440346368,0.1219791248590375,0.7813235797791984,0.5481001031042582,0.1380104241881687,-3.185722594769177,322.7645324312075,23.800631223896303,0.0725572005273686,0.96397482835058,1.7288688480765582,0.998851529547208,0.2814430642265123,1.187155082505369,0.2405143670943714,0.2204817845031191,0.47958872978161,220.68827798,1.037558762320618,0.0483947533811889,14.855580701541086,0.156267112663208,0.0763132733935205,0.4242680622053471,0.6360218625014058,204.76456355717767,-0.5990074313943938,0.9631304973226578,-0.321644004927256,0.2780585752828439,5.365657558869531,0.0432565913626445,2.0196080228823687,2.8625253796048686,2.0196080228823687,0.0935589158775517,25.71646487020068,1.1238463334981437,0.4495650382072468,3.1175569340655533,0.3286542580318153,0.2801050105797981,0.8652292116113802,300.15144878,1.210022069502423,0.1219175976019943,17.324879473751036,0.2342576895828568,0.2928139991071389,0.568478767640701,1.3387212614531725,230.38849836711944,3.784795396412041,0.787662588332587,0.0471487106296199,3.029412034323553,8.927642132878251,3.029412034323553,0.238226871267024,140.31020401434367,2044.8878048780489,23.38073820856448,281,8.71871505056514,3.112195121951117,1531.1536585365857,857332576,2045.0208132997736,9.509803921568627,29280.24207550204,6.906838833094214,28.05649063348206,27.40269789427422,6.0,1.3394579039485244,419202,25.27281886825295,0.2797973890369176,-0.0027728067758712,2,3,194,0.3902439024390244,1.2480180678153403,1.2946630257466467,65.82726721855869,13.862745236666669,20.97457087815244,16.83333350166667,807.1164826630365,144.20016878855304,1.374172907126288,0.1698600974080027,1.0667428629855231,0.1371889100816599,392.9978919784395,1.3845804013128689,0.0543234759937226,19.82417443371702,0.0920892941037015,0.0835373693454522,0.676178507015602,0.8785074905980373,0.2549549175443404,-0.4198295637877061,281.70544596088905,0.6290644376991765,0.1310306354683272,0.5049039892444618,2.754986343679818,0.4321609757528656,0.1954660012674125,0.8730404081304881,0.1624024216043351,46.08065669845245,0.4741135847156915,0.0481193145035813,6.788273469627785,0.1102534725646681,0.0743297784958217,0.232873664239938,0.9271946591976924,0.294774091159161,-0.1174806649145093,88.59300002933746,-0.7671390270246876,0.143303684373678,0.3902366396794322,3.5220134739495563,1.8994846891647903,0.2055094445328318,0.8488347881220832,0.1706089821158198,748.2643901817569,1.910515688501032,0.039649197813328,27.35442176654,0.1162842690857172,0.0514113690059946,0.9645434067842024,0.9685613803559724,0.3011275967427291,-0.0075037186307515,389.39436127878207,-0.8514508643911789,0.1534617692655897,0.2562508172195085,3.90286969498217,0.8627448602062769,0.2717143389707226,1.0896393154939263,0.2274024125609209,0.2128290842531451,0.4189936886717481,167.64843335999996,0.904321422892568,0.0442547949106481,12.947912316663253,0.1507883317557363,0.0624262017695373,0.4198911669079781,0.6532017844039419,176.86269634228677,-0.5054291446677399,0.9735029492382212,-0.099992111004168,0.2365941133780265,4.84980592662976,0.036530925996579,1.9803921766666668,2.705411867319332,1.9803921766666668,0.0815733115599825,12.268705591883773,1.2919839373238362,0.5348959244010109,2.2274678621373107,0.4370976190701178,0.3961650549597726,0.9450577377408214,400.55779592,1.397834206156953,0.121754470344541,20.0139400398822,0.3012032890786231,0.1556136507445461,0.7777116293232826,0.3496023049386177,264.85670715138644,-0.7100172098759869,0.9576814938383436,0.0866064120519126,3.9607843533333336,4.100536547236265,3.9607843533333336,0.3028078682110015,9.899697760837885,2053.705882352941,49.78299474933878,393,31.65743944636673,16.0,1544.7524509803925,860915506,2054.306220849172,39.61083743842365,29341.36169300941,23.74007534048102,65.11532021044182,27.45128665214156,28.25,0.9848189648470927,418956,3.728256616636919,0.1431092647134953,-0.0144088296081129,9,24,198,0.3529411764705882,1.3334303369611589,1.2220078804820866,158.0606882347994,18.17647220594132,22.89999835950081,19.186276217382503,2259.565201397363,154.80724223027403,1.7802117863571203,0.5396831125313309,2.658777485591116,0.4295150361203237,705.6327628502568,1.8598344366149653,0.2930368589728369,26.56374903605018,0.2971785748790818,0.4817277575595444,0.8794591080025231,0.6002803652430203,0.7393462210101884,0.3588649502077935,363.1632044168525,-0.2438607350691537,0.3680746221382033,0.9126256896809444,1.6164371785221388,2.4415712530651885,0.5595442737354269,3.064229341408257,0.4571240035572224,1279.6563457308716,2.504560884500702,0.2556410952581608,35.77228460317948,0.2917245663963435,0.408272049597733,1.269776160337006,0.7332371780241623,0.7766799957288826,-1.1152437053509472,498.08053562529847,1.177626078863654,0.4353729489413529,0.7465923417523174,2.164277964341418,1.5345746889735952,0.4442108712296135,2.562525776930597,0.3072995762318344,520.4602026299049,1.5972712678464385,0.2466715739563957,22.81359688058648,0.2248618443207335,0.3808981292006597,0.7697839234917027,0.6322215583767259,0.3421050611388847,0.9648108251613904,313.0532365506134,1.9519310809952324,0.1945602031694938,0.8780209222565648,1.6726349746484712,1.3311039298490408,0.6975583445056104,3.325665720945638,0.559622895568489,0.3766827012698271,0.6238564013022634,460.23217683000007,1.5020120114366595,0.3111371395884769,21.45302255697318,0.3806911634680273,0.5032248303388752,0.7589939990752472,0.7114029077968821,271.5452016892043,0.0887067080894619,0.7395703652021033,0.2098714193490148,0.738208619874778,2.0793866535962144,0.1343484909775687,2.0196080228823687,9.461520050518434,3.029412034323553,0.504704453487132,134.3721944106222,2.7568814492389184,1.5479517183854232,7.053389998676922,1.3502802882822216,1.6303325143378071,2.03730440819357,2036.90001439,3.159874046873996,0.4335202235139173,45.13202869792139,0.8710204116649485,0.7712802746304462,3.332414259109157,0.0638156920367378,562.4038156447393,-1.0734636745463353,0.8750595673298462,0.9606414001661646,1.0098040114411844,5.313072379004888,1.0098040114411844,1.94726336518271,76.02258672270987,2102.522167487685,140.75022906346317,1274,99.62522749884734,73.52216748768478,1579.71921182266,901383438,2107.204902818673,105.28217821782178,30023.048446152166,70.72711310539921,163.82136794099665,27.709923746822245,138.5,0.7921672743886925,426812,5.168362762353528,0.3167875055006315,0.0727922553824678,28,85,200,0.4285714285714285,1.178352112495332,1.4656272992111434,1652.9240077653858,2.0198020973465414,17.84320998133235,14.13861468142579,15171.99757246908,232.7946030019943,1.2379460619241918,0.4511533152174637,2.818314636909212,0.3473726807207582,352.2145631974289,1.3172118695741168,0.2056012182827375,18.76738029660584,0.2436535487257534,0.4000966542483927,0.5818008692491867,0.6066500520819466,0.5678469739084755,-0.1151922140986063,251.3030505706109,0.6772257093368803,0.2765895205218884,0.90751643974382,1.660423865786143,2.5810664300607336,0.4435340298082526,1.982765080087213,0.3620305836870719,1392.104427017237,2.618712904452678,0.1685964282756131,37.310915655036354,0.2337922824358163,0.3052633762328586,1.275710974921683,0.7631025736928705,0.5913503474111139,-1.0590644848281965,523.9564853023289,0.5343642524224737,0.3083170978856202,0.7053959545485194,2.3200372871456905,1.4976214015163276,0.3142376574158267,2.5707202182628026,0.2031974310414566,475.2491337210988,1.530074749004884,0.1636775123647259,21.80020948800949,0.1511454373469195,0.3047468539763712,0.752399921990892,0.5292461370131187,0.2296597233862924,-0.3487001265637346,304.0171445078145,4.006119355311963,0.1218250122016573,0.9903345078480076,1.487756434756765,1.261691454120473,0.5038082998899265,2.7425421883855554,0.3879593818395667,0.2538557085746025,0.6301651944145992,374.42086727,1.3581007951558512,0.1919401138380924,19.34995781054832,0.2651187763030987,0.3506154704347692,0.505179107984651,0.969491890412543,256.12336518645594,0.9406227091415764,0.7573352466161747,-0.0245780337785001,0.7123347844327045,2.1927537396519434,0.0816730459091295,2.0198020973465414,8.67266361416558,3.029703146019812,0.2751027031676931,120.06035253580713,2.5268782848451665,1.5019508739153458,6.596460698571163,1.3321121730530956,1.3603842342816843,1.949577715611439,1751.8611132700005,2.937661944614703,0.2842838526553309,41.85523997386707,0.8449827502688498,0.5039437599802117,2.5848832090608624,0.3386500865551151,512.9562918235688,-1.0267277243225077,0.943400497606597,0.9002372575317944,1.009901048673271,3.750838701555452,1.009901048673271,1.7322667853301614,42.64467327095025
66,2.946696668125992,0.0975820096648542,0.4487533267519215,0.0826959003701363,1912.3500483135017,2.948304634804013,0.0333394894890294,43.730424744261306,0.0545717558558067,0.049851180386756,1.4786603537346945,0.8691337090549401,0.1592739461740611,-0.2781222900703203,648.2732669877182,-0.5840930566883267,0.0774199510770718,0.5632275912111329,3.026146603484164,1.5837055412504242,0.1194101358848648,0.6094375652496185,0.0921421969617046,554.9097860461031,1.588180471262781,0.0426908271790613,23.556523216427824,0.0654096740634659,0.0622743321328687,0.8125423278168885,0.8629903117833169,0.1515439650167345,0.4192033037435596,348.4152190750933,0.375300757025907,0.0737554355697411,0.5748253633777728,2.662376663852021,1.6216636384609824,0.17393150757547,0.7055073180486515,0.1511417137190175,585.17967547015,1.6309223205822554,0.0330216621970639,24.19048729294534,0.0986132543635465,0.0523617636531974,0.821194655693327,0.9544132101334704,0.3166868610743882,-0.0837847846594669,356.7660004614161,-1.1501977617170456,0.1602060237507315,0.3316732058171953,5.282805305240713,1.022975706480418,0.2056151862983622,0.7956497275034988,0.1682396806290555,0.1593068082221591,0.4993402216348783,239.48424059,1.0433430547785063,0.0359191368297034,15.475278368740254,0.1149268651745377,0.0578654055149448,0.302840454827861,0.5673597524477012,225.054655425692,-0.5809984776981487,0.95996314247112,-0.2718393501777741,0.3098032031819916,5.195324201837646,0.0201968249926037,2.00000002,2.961374339057152,2.00000002,0.040155626288603,21.923128460604225,0.5506668854089394,0.2015843396138509,0.9763532916783044,0.152320603398055,0.1095082813328003,0.4205897060961182,75.61082198000003,0.5862470080559435,0.0480023688642152,8.695448348417695,0.108919258959666,0.0742868244441515,0.2032117453568045,0.7553247945890356,121.14671478996668,0.3354342053309866,0.9318897459547326,0.0094806439560803,2.00000002,4.1421521951514775,3.00000003,0.0314903369623902,25.40092985020629,2051.10243902439,14.400580186515851,177,5.858512790005931,2.1024390243901507,1535.680487804878,862481654,2051.1527443093564,6.705882352941177,29368.0379664696,4.515136298421808,15.990499630448468,27.439310262115256,4.0,-0.5385677808884377,420476,22.159829331193137,0.383256075308521,-0.15351362825644,0,2,181,0.4048780487804878,1.1409790142199845,1.2990938412153843,25.299546900424048,15.000000870000052,18.88980672315247,16.000000928000055,286.2994101048213,103.86665615834306,1.963487894733264,0.1075485700939093,0.9163981623359876,0.0831514751443925,792.6929718821996,1.966416788168576,0.044727841971366,28.154803708820268,0.0553201259667505,0.0954850724692232,0.9837696168251624,0.6018474710592283,0.1417196649453678,-0.5896554417339943,402.5150184203192,4.229645464733196,0.0711336978094008,0.9102558816512504,1.8228428441828093,0.4187423496413309,0.1100452709632743,0.9491445994441614,0.0837125313733204,38.41618903246584,0.4328926472704392,0.0430652596942137,6.198079463226156,0.0574619728500369,0.0876635633436476,0.2104200526887166,0.6801031266753069,0.139095922176906,1.617578006572293,85.84218167647283,7.997222458821321,0.0711722692980375,0.8175207324969421,2.019772972489891,1.5627491660204214,0.1404784404045604,1.3822835655181591,0.0999092034260438,504.6736911715657,1.5690197206420748,0.0487210080514263,22.46494360490508,0.0644302917695363,0.1413509732564045,0.784460833190454,0.493435457458059,0.1681297967043122,-2.6579821817938765,320.3635790341864,17.06738809739669,0.0838144076356857,1.0316298018463048,1.62574317833209,1.0337237413980376,0.2861992937053572,1.2132830603154776,0.2458316603506036,0.2272678219579234,0.484212437281548,235.76952586,1.0724249382113231,0.0579462830721676,15.354788369104927,0.1611442422096785,0.1094795422278427,0.4354793160597252,0.4254593041596481,211.9133669865977,-0.8495279965101505,0.925925099886496,-0.1073780570395095,0.393400665502326,4.159456051769789,0.04073698948902,2.000000116000007,4.002765416081176,2.000000116000007,0.0796465389228573,60.09940174456163,1.1584957671718914,0.5278832225482939,3.440502634158322,0.3889437168332584,0.302208542399351,0.877208351542229,331.97983284,1.272561911551539,0.161496891487002,18.220313741535847,0.2727784796118183,0.410849304829505,0.6251990062714754,1.3901748630547044,237.4916322702377,3.655978593472293,0.696842651728471,0.0459814202085611,3.0000001740000104,10.98193136782236,5.000000290000017,0.3181503464703665,152.83186317322446,2045.2243902439025,23.285280847795008,281,8.485901249256397,3.2243902439024623,1531.470731707317,857613885,2045.3562931317515,9.264705882352942,29285.04541570663,6.711453849832616,27.99177049931416,27.404662990734508,6.0,1.3155053834666266,419271,25.657124609671342,0.277387970307538,-0.0035162987548691,2,3,193,0.4390243902439024,1.2503960654842057,1.2947389372378966,3.3654605345181228,20.39215816784322,25.766092627978846,23.4509818930197,65.57174552335431,170.68427400455258,1.3634666492214127,0.1741275712977861,1.1846289561920158,0.1399341301246563,387.288831087066,1.3744867442724975,0.0535593440168658,19.6796552583389,0.0943702088116474,0.0853158828913639,0.6862126744322431,0.8797588066549861,0.2773340041528047,-0.1968999659287837,279.5106630903896,0.6556945015709772,0.133949976235792,0.502784391520739,2.785708506787652,0.4083886570765438,0.1968794772052784,0.8730404081304881,0.1661792255897424,42.09751734500375,0.4531597324855329,0.0510180522498381,6.488259962810041,0.1110375808393672,0.0768177594287893,0.2168467972963026,0.9237762366684744,0.2914834806088612,0.1607777560831781,83.71967470069148,-0.8194878292724019,0.145808470612038,0.4002136152650112,3.395935622667437,1.8675486636851089,0.191559897848211,0.8488347881220832,0.1524372557902597,722.4721119731454,1.8772997109537544,0.039000700087425,26.87884134357628,0.1068419178332419,0.0495458883948556,0.9499094571579104,0.9664420832101492,0.2405391358452799,0.3168511637373629,382.84747605544726,-0.4030575361027364,0.1219207790520158,0.2652627911768214,3.8378462417545607,0.8865545643002533,0.2774994159706764,1.0896393154939263,0.2385069655874669,0.2260633304447236,0.4181269161566457,176.83490295,0.928767615005458,0.044619668897258,13.297928521014091,0.1547601462212002,0.0636403670216126,0.4252417207837442,0.5690430077159553,181.7436856815519,-0.7058328576376254,0.9734289247734051,-0.1128382624549971,0.2355471532409968,4.957645574114719,0.0353166722267292,2.039215816784322,2.3555961388806868,2.039215816784322,0.0762386140860486,9.053553578362436,1.254684101569481,0.464965202683359,1.8775006822811384,0.3807782490125068,0.3174333026901201,0.9191137667522598,366.82089842,1.337673441537628,0.1102244335080704,19.15256897703282,0.2609464758355153,0.1434592327849881,0.5969898085728681,0.4293231948723404,257.2102408217436,-0.5531979069708002,0.952368959990609,0.0663403395524094,3.0588237251764827,3.7286993588200783,3.0588237251764827,0.1951787858556407,12.264330913862524,2054.305418719212,49.582767289415,393,32.61860273241285,18.30541871921196,1544.2881773399015,857191270,2054.9007503030552,41.00990099009901,29277.82898372077,24.079524947568647,64.37636858104973,27.45480140686348,30.5,1.0729645706106914,417024,3.3975383631182425,0.1569500037299123,-0.0439253758280493,8,26,199,0.3743842364532019,1.32054992366021,1.2530063114401349,209.26450896824392,15.000000149999998,23.106657400445066,20.0000002,2705.2210846879007,167.5445225594968,1.7426635719373111,0.5199620577765867,2.6190408453883784,0.4246178033689207,671.0987233548407,1.8182147951099863,0.2515658901652396,25.90557321031212,0.286613427328607,0.451863702797562,0.8822047487280413,0.6184117684062127,0.7714949823930328,0.3569596292342108,353.7607051032742,-0.4363834173366894,0.3787910647971431,0.8857086779226606,1.7491314916367382,2.4948926643379488,0.5355683557619174,2.4368194745743583,0.4332213389371963,1321.5117091992554,2.5514525074030434,0.2196627668587144,36.35260250930125,0.2784480654942471,0.3533649514176376,1.257318253216406,0.781994225421887,0.68946809701059,-1.1473799826351103,506.4632108606036,0.6487821275378995,0.3820430423834247,0.671529501986425,2.277622542446029,1.5237951098302651,0.3926389031609008,2.4610731695423222,0.280619730752123,502.4975542303837,1.573326860509885,0.2005015474702833,22.41645721853441,0.1997056725384128,0.3206336217782824,0.773944159392418,0.6664574307233898,0.3670662034751326,1.0885362604555957,309.33040729554386,2.1978512959446586,0.1933368311547261,0.8314315165571501,1.7197758273407315,1.3231663587522244,0.6218799403982083,3.026481036448846,0.4936275528470184,0.328821458830673,0.6606046072696788,433.5265516,1.4613688023064817,0.2663521833312323,20.821300430088414,0.3381437297626725,0.4501839775644317,0.6756347128585105,0.6527849282562542,268.60277082670154,0.1193952247504341,0.7361766934756893,0.1955946261626326,0.7372793250409251,1.9938338160963864,0.1036605845566965,2.00000002,8.748574263792598,3.00000003,0.3377654447638302,107.30417616422582,2.53917188650318,1.4760315974722231,6.18488582555104,1.306371860075356,1.4814340172747018,1.994909337771001,1748.9121493500002,2.9351883729967607,0.4029717909160082,41.81999700322802,0.8335449142784814,0.7169904337859055,2.789493889515536,0.1935647123963358,515.4518929601454,-1.192524919059711,0.8810955516526032,0.9374093005953884,1.00000001,3.618880151840427,1.00000001,1.7574921269846655,48.76483166815325,2117.5320197044334,160.63186714329197,1274,118.1437064718872,88.53201970443342,1586.039408866995,915452321,2123.5859636067444,111.36633663366337,30256.44263623865,83.60905721113983,172.01447671059492,27.787871541928663,169.5,0.5035016883473086,429859,2.600310586783245,0.4248299531641809,0.0967154686605479,30,84,200,0.438423645320197,1.0803902490541282,1.5643075336499137,4497.475187389254,2.039604141920808,14.598190667515324,9.178218638643637,28303.91941905068,219.03564770486216,1.1763797819403314,0.5002189853180711,2.818314636909212,0.3942975903390955,331.4697311667437,1.2778324688922988,0.2655630847914793,18.20631020187077,0.2757976751232069,0.4561808569630582,0.6217748200369193,0.5824546952462396,0.6543177840002251,0.1419771493563136,238.8050957338873,0.1698069716020915,0.3310120007882939,0.928771410278368,1.6159099128140475,2.4701055047102947,0.4496883574067144,1.982765080087213,0.3667195635953095,1279.4368674882244,2.510506854686853,0.2103460662702466,35.76921675810395,0.2435709961905519,0.3472799534946803,1.2773485301606258,0.7001962689363311,0.6040985043228226,-0.8007775118928956,501.4314174561898,0.0199704601662462,0.3324598941046099,0.787424876644328,2.030629835041184,1.4814381628589548,0.345784005106299,2.5707202182628026,0.2317361580645472,469.66823195995306,1.5210643019412962,0.2144435944364615,21.67183037862637,0.1725146842364622,0.3513948760743715,0.7509226671271639,0.4834813489760506,0.2788256266205933,-0.1369373769082752,300.7319470603678,2.740483085803461,0.141264673467466,1.0329212359463875,1.4217224039074163,1.3482554854403517,0.5772627738465498,2.7425421883855554,0.4641156976341455,0.3676416763965693,0.6000985557909966,436.324876,1.4660776328747955,0.2676522718080211,20.88839093850936,0.3129162286136192,0.4420139912747723,0.7302001128436548,0.7821045741679795,273.69586354439133,0.164645208701827,0.7062332938204926,0.0019463974372969,0.7776887349291532,2.069118812278198,0.1048108089753287,2.039604141920808,9.803616048368504,3.0594062128812123,0.351435533523953,156.53719289958727,2.8189017828720324,1.5417594300497142,6.629162182161415,1.3490591103929206,1.4974973993167504,2.0463186477203665,2093.23854639,3.211155544808701,0.35464500120088,45.75192396380725,0.8716246192877157,0.5638478910911261,2.864941788070402,0.0856675909272497,572.2370619230226,-1.1357320224578666,0.9328888469921346,1.0105320997270495,1.019802070960404,3.577913064064279,1.019802070960404,2.162692014716548,35.694328399132175
67,2.947216711590968,0.1116734347420799,0.4720896731965291,0.0960422570564705,1913.6701352877708,2.949322060227471,0.0327884184000965,43.74551560203366,0.0626296773561018,0.048980071437301,1.4889507209404935,0.9036925048917628,0.1849714007877243,-0.3608692252115903,648.387676550013,-0.889155001298573,0.0941459343468502,0.4835365273054633,3.442113559991314,1.596277981260615,0.129006800012483,0.6025547970566656,0.102925341077424,564.2275097850741,1.6014588658542137,0.0392539782093864,23.75347363618791,0.0713571395103744,0.0582647189378507,0.7960261551977812,0.8979681164761997,0.1551149114220604,0.486598478230904,351.1811558773353,-0.2515885816150609,0.0835777459905868,0.4979315839126331,2.975138366794005,1.5756452023450742,0.1803324344966061,0.7718589950361061,0.1500564609772886,553.3065501460636,1.585884539741528,0.0286426529398601,23.52246904867905,0.1017857572978207,0.0437351892554487,0.8145728849733892,0.9704895413180662,0.2477761104055691,0.2884295256987146,346.64194451591635,-0.8986041677348702,0.1324277027744637,0.2673734310460657,6.196469738425561,1.0384137491286085,0.2076169130561659,0.7356182455346761,0.1778529701946375,0.1823372162319148,0.5086703183333267,246.66663255,1.0588729697826664,0.0404200359440581,15.705624233057405,0.1172193935684257,0.0683198777475416,0.3538723335071501,0.4241379023946108,228.45102480829388,-0.942497208973132,0.9456676255046312,-0.2590723720351784,0.3627260878181245,4.636731356994377,0.0227691908925916,2.00000002,2.698081933805786,2.00000002,0.0455444264438291,16.80611583111985,0.5738342968359188,0.2105302352548129,1.0654617476890538,0.1558797189921486,0.1151960541741579,0.4352213881015149,82.14960865999998,0.6110706277435605,0.0466751172179875,9.06364212996078,0.1097867347278671,0.06979937314677,0.1933530287888928,1.1088417414169442,126.24354530390212,0.9361969225100903,0.9448224044495848,0.0066404441467842,1.00000001,3.7355089683991607,2.00000002,0.0260549867953651,23.43208429378422,2050.853658536585,10.888834395410475,144,4.929208804283154,2.146341463414501,1535.760975609756,862254337,2050.8824240002573,5.436274509803922,29364.167568654146,3.691296030607365,12.34452327560529,27.437990770080543,4.0,-0.02199497267767,420425,24.56005367786445,0.3570652487058923,-0.2287302372896977,0,1,178,0.5414634146341464,1.1699491880633297,1.2845251802489444,11.860113760514713,15.000000870000052,19.884510632749407,17.00000098600006,127.49455035960966,109.51594651314186,1.991137335425272,0.1027872508596533,0.6999780160928086,0.0845221490322789,814.9040218111268,1.993775706996746,0.040005867332787,28.54652381308671,0.0562191001018486,0.0718879676249691,0.9757745398300526,0.753265385244147,0.1504288466058958,0.1046435642306169,408.1831537621807,0.250557544994153,0.0744019393316781,0.7215778234377798,2.1971042153118794,0.4368137770098468,0.0996763976965251,0.5597579762038567,0.0822247875757159,41.14210492463189,0.4479879404116832,0.0390697026921645,6.414211169320191,0.0554632954058453,0.073896373131783,0.205922123065093,0.7221373788287285,0.1447111152595933,0.3140997268321996,89.54682428701861,-0.1830861876309431,0.074497002976564,0.7649187458067664,2.1676187477315843,1.5620498873211768,0.1094808021164934,0.7912858560572845,0.0853591877822226,502.645122738963,1.5658631574933173,0.0362194572786334,22.41974849856624,0.0562312749644185,0.0832400787912461,0.7776813094409264,0.7107262242419353,0.1502868676768767,-1.1415193344916847,320.2202269008412,3.072314455711638,0.0735929243671382,0.7846807281306389,2.1204578677645305,1.0446925977894947,0.2900708464457892,1.1771702881868136,0.2493997138321344,0.2520031298197234,0.5111928539201803,240.89822147,1.084026418249765,0.054265909667171,15.52089628436451,0.1640534372018999,0.1004926221126281,0.4676742724823582,0.3383762990057607,214.16198254684645,-0.9104621384079988,0.939937477707432,-0.1425438232377184,0.3574585536474573,4.376776388303831,0.0468942947586753,2.000000116000007,3.152702001050144,2.000000116000007,0.0942466446850478,38.15591024376209,1.1120892076417348,0.5067570762373385,3.440502634158322,0.3782240082042347,0.2942991979204128,0.8292846412708945,305.91995098,1.221594222237842,0.1316532713234777,17.490567485933667,0.2656572573622968,0.3150414510814451,0.6144695623889977,1.1760209667237926,227.9782875665556,3.239744177977395,0.8056330329052392,0.0405073772541817,4.000000232000014,9.082753599945368,4.000000232000014,0.2110637342097712,117.39858295756592,2045.5621890547263,16.637528758324635,204,7.062448949283428,3.437810945273668,1531.6194029850749,841104620,2045.629511789094,8.43,29001.803737009188,5.328955223880597,19.99899997499875,27.40700036942512,6.0,1.1190018022079298,411158,21.188938448829745,0.2771974858076005,-0.1451196485435553,2,5,185,0.417910447761194,1.1688249505918715,1.2942651506686802,2.797522961143734,44.72000286208018,28.90514252962512,28.080001797120115,69.39472561602909,180.661015239526,1.384647146469184,0.1674561583466404,1.240366919900039,0.1316874454847848,390.975104758919,1.3946862639748034,0.05150416839574,19.773090420035988,0.0894570822387954,0.0894743339088302,0.6829241664835539,0.8559392486603776,0.2241788681876269,-0.2817349957725421,278.31407644030594,1.3014227480328469,0.1257861808790836,0.5311152732945953,2.722262906224143,0.408822114452637,0.195862280240924,0.8538289203298834,0.1637320215409717,41.26664633860539,0.4531078218283335,0.0491956322899742,6.423912074320865,0.1100623259290554,0.0826452616281152,0.1904961235634828,0.9101841808038336,0.2823350793659885,0.3198978493386876,82.17324500498005,-0.7645310693957255,0.1426825784737388,0.4185411607384666,3.528736097446787,1.8712603808977395,0.2162423753394056,0.8868894803543843,0.168960798629472,713.1768510151137,1.883651649692327,0.0386820182379147,26.70537120159751,0.1198511143064645,0.0501115002435931,0.9190368122705193,0.9730980108359824,0.2408345798725752,0.3151759090380053,376.1233365604456,-0.3716673263960017,0.1230437638996833,0.2322499642160189,4.526254312197114,0.9200589432848636,0.2722565704183234,1.0509384941292566,0.2338175566117437,0.2145833519282243,0.4450478410161881,184.97292831,0.9593035624479735,0.0432358517456355,13.600475297209284,0.1538412560822625,0.0587246026232834,0.4145645262542755,0.3688383682884525,184.9318476002576,-0.8630108143900954,0.9767069536039898,-0.0771019537718038,0.2162917755232221,4.730541173418447,0.0373963697249005,2.0800001331200084,2.318359114934088,2.0800001331200084,0.0752193760911293,6.240064581703045,1.3402347374114203,0.5931296738731923,2.890867223557748,0.4703951299242991,0.4003972088991782,0.9973562323518178,431.40262143,1.465019350949576,0.1342418982172163,20.77023402443988,0.3264762706750625,0.1806876919215548,0.749100730537608,0.7572165561617477,269.38718221969555,0.2397872055122469,0.9534957555543676,0.1048740629331208,3.1200001996800126,3.746818139089392,3.1200001996800126,0.2821430093552741,9.17082728149975,2056.0049019607845,47.28141279146429,393,31.08472702806619,18.995098039215463,1547.5735294117646,862793669,2056.5458250163447,38.35960591133005,29373.349638745665,22.911523229981647,62.005998438574736,27.46497085362145,33.5,0.9967046748536664,419425,3.799267803267838,0.1389282353441864,-0.0662185979566898,8,26,201,0.3578431372549019,1.3365948331472337,1.2476534640264814,98.15883987880449,14.852941325000002,23.545736660048984,20.794117855,1834.867000476386,165.42753461456695,1.7758525479208322,0.5416284682341135,2.6190408453883784,0.4527130802440254,702.8974271923411,1.856226177892088,0.3021596061861966,26.512212793207983,0.302210306556765,0.4985879713460984,0.9241512216738944,0.5752590536033854,0.782530817856413,0.2026681851818529,362.2739197758498,-0.6505502433079506,0.4039375474077815,0.9420287949901124,1.6702727357694052,2.4460663352391787,0.5352781435788366,2.437843056128424,0.4242533145287976,1278.745171615267,2.503669044500204,0.2588399177575843,35.75954658011294,0.2809924244053776,0.3933655456838326,1.2196000840897063,0.7290809956109467,0.6532842930390599,-1.1184179225213051,498.9975323887924,0.8249671097188491,0.3918903523286523,0.7512570303842376,2.0471180852307347,1.5038309117687223,0.3900280925198734,2.546463429140801,0.2889241336593622,492.2282602127966,1.5533459461736463,0.2336826860578994,22.186217798732542,0.2055456249456874,0.3658117724573269,0.7591535912362211,0.5600431448790546,0.4098801405784875,0.7054104845072489,306.7815060008194,1.4476037101484738,0.2074752020746232,0.9602115726627204,1.5667807563041745,1.378347388409441,0.6723913464716961,3.026481036448846,0.5440886866907577,0.4313176464990857,0.6296130932682615,479.34602565,1.5328846727177297,0.3266199026977979,21.893972358848,0.3744969473685668,0.5113386115267015,0.8753209455996654,0.4817076612362485,281.182867235526,-0.3041528921570271,0.7108340038775011,0.2376306141570556,0.7780395316351869,1.976380448124924,0.1605194937011727,1.9803921766666668,8.412945924335219,1.9803921766666668,0.4657761880794643,128.54285787050034,2.940960232093425,1.446446798723284,6.112098784573338,1.231938404081614,1.4046900280030732,2.103785385513614,2189.16469903,3.275850958918769,0.4596666595194965,46.78851033138371,0.8147827933959975,0.7627293405756306,2.6578497435654658,-0.1461150280912644,599.9558873470587,-1.005107687513107,0.8601726335339034,0.7742460767735996,0.9901960883333334,5.004139964636859,0.9901960883333334,1.7495439361503025,77.34130616791323,2116.108910891089,158.74704688694317,1274,114.46965983727084,87.10891089108918,1591.0,909604544,2122.025634171088,123.28855721393036,30159.650926361865,82.28821240332988,183.9237214808984,27.780361077312783,164.5,0.4273779880916142,427454,2.893060915749463,0.3265423423850369,0.0745734092387486,34,90,199,0.4603960396039604,1.1669064345724365,1.4605751083240597,4581.536763182712,2.039604141920808,15.684645434515744,11.217822780564443,32081.711215883897,231.0668255476984,1.234927650920508,0.4795158616202507,2.538211261205033,0.3660665220554207,354.2763809782526,1.3243275539644146,0.2352311163896913,18.82223103083831,0.2611597872103363,0.4313127682113315,0.5876717120185057,0.5954068503702495,0.5823214806331194,-0.1180295727634746,249.45538548594263,0.2350773399352084,0.284940051240537,0.9093458782103784,1.6231058838906691,2.541624480454228,0.4544231824730296,1.982765080087213,0.3698340336288205,1346.3972961106854,2.5817306499832235,0.1834320354687936,36.69328679895936,0.2397508725731797,0.3155583573109586,1.2323566524092913,0.7587970359048266,0.5420196273554043,-1.0341551140955851,513.408145051754,0.3515902256174454,0.3018881048529518,0.7031947751620435,2.154187875093484,1.4804240872889325,0.3223164910798783,2.429745058381609,0.2084259897228745,463.5958786063353,1.5149353458189432,0.1811182255608849,21.53127675281555,0.1564126835461946,0.3081563545375284,0.7460406769757283,0.5400677798458688,0.2042620865298536,-0.4233658273236272,299.0456656323644,3.370035190454497,0.1017684099704561,0.96412636676454,1.4288133787861006,1.3433247979720897,0.5337494412126382,2.7425421883855554,0.4171058867782364,0.3293586198795791,0.6752915744762564,421.77592726,1.4449912248525905,0.2398792280382684,20.537184014854617,0.28026877838872,0.4037629492576035,0.6429518367504878,0.9872558040578012,271.35160919036207,0.8278143327358838,0.7127107437514129,-0.0336709009346556,0.7634571622793542,2.06849654968742,0.1046069643948656,2.039604141920808,9.995519588392211,3.0594062128812123,0.308751667106914,180.4616265503938,2.4293623129182564,1.438994330178806,5.88986108216335,1.2657142641515773,1.229338880118921,1.936001487954504,1608.37549312,2.8217467846062383,0.3179238186778894,40.104557011890805,0.805553793112342,0.5247729455332771,2.3888344985307954,0.4679763349105404,490.7311872094878,-0.9849009015743704,0.9334181201697485,1.0197357437516006,1.019802070960404,2.744617122935782,1.019802070960404,1.9564305944696645,24.5423936976124
68,2.9512222939478154,0.1012858102119283,0.4720896731965291,0.0871959214737975,1918.383546786526,2.952951948926028,0.0312720770090583,43.7993555521828,0.0568056940914131,0.0451232321467978,1.4870874929065006,0.9006535696959045,0.1723699845080886,-0.2789654626164694,649.2689046685194,-0.9050140387075832,0.0870536473154344,0.4911454169141439,3.4713811996992363,1.578825440079464,0.100704907419258,0.4824459077809251,0.078015440638486,550.6127332181173,1.5820193269968108,0.0391840574778251,23.46513867885969,0.0551609836495421,0.0572714541798877,0.7952495540454677,0.8376227608632425,0.1168829362156802,0.5117783836250838,347.34159681748207,0.2321726956365561,0.0616690389709464,0.6269880293254063,2.5127739018088726,1.6181662868784177,0.1839581343193715,0.733063961347074,0.1577791575885115,583.4727593826906,1.6285419571767126,0.0291739988784993,24.15518079797149,0.1045446311921096,0.042344102075271,0.7971636312312536,0.973331268897643,0.3307595437850448,-0.0386461048711215,355.99658311325186,-1.152077775388068,0.163419281182762,0.2537719722322757,6.641875157499561,1.0420201992247624,0.2047824960376739,0.7356182455346761,0.1740313103212108,0.1733346339209763,0.5275884042886688,248.06129671,1.0618622079544116,0.0377639099397176,15.749961800271135,0.1151362977297203,0.0652941812971406,0.3449359682352995,0.4757820072031706,229.24444382944773,-0.8454190859892705,0.9490508785535956,-0.2665869212153252,0.3515175551516005,4.675801789052924,0.0195746774035202,2.00000002,3.2625875419373447,2.00000002,0.0399829577192744,41.2481672844016,0.5646322212082955,0.2219256099410208,0.9785512603451852,0.1671676973896182,0.1308645211357468,0.425879219666082,80.92406377,0.6064953862149324,0.0475094083847433,8.995780331355363,0.1168342637808358,0.0709245949248702,0.22155815595837,1.1457224274875035,124.219088665825,0.6276976104748395,0.948870403514815,0.0148168347942483,2.00000002,3.60863951389668,3.00000003,0.0493251103785511,15.927916858710876,2051.1796116504856,12.671911394301748,144,5.910029220473219,2.17961165048564,1538.3859223300972,866744505,2051.218563948605,6.7560975609756095,29440.524876435204,4.513663272555055,14.484474446799926,27.43982573960065,4.75,0.3449145117596781,422543,16.500472100044423,0.3466925477767729,-0.219498302718704,0,1,183,0.4126213592233009,1.1801970707921003,1.254276860758003,16.87097240954639,15.000001335000118,20.14839539269981,17.000001513000132,179.35124698269067,107.74032759481352,1.9730635215722008,0.1100261579945294,0.8583796185652683,0.0862636478445033,804.4354898585548,1.9761140275294868,0.0442838065256606,28.362571989482102,0.05774080244647,0.0867774899427819,0.9974978461931804,0.6871125478136285,0.1567855198570495,-0.1564931141710855,406.45108544387335,2.1862675237198927,0.0790781112164741,0.814338411951007,2.01409311942581,0.4241007230156018,0.1040685162082283,0.5597579762038567,0.0872665306160371,39.27165568553077,0.4366223829232382,0.0405518434961224,6.266710116602712,0.0579194878177114,0.077026391788398,0.2222034492122979,0.7247829526724702,0.149454261499208,0.4123657348479906,87.36474894121399,-0.2815278364196989,0.0750123805756331,0.7642121490205306,2.193309107059871,1.5640749823498787,0.1225136741551509,0.7912858560572845,0.095586902899472,507.0210614578053,1.5688426589783064,0.0429341432144266,22.517128179628177,0.0638382670969111,0.0940809358933899,0.7796759192978403,0.7049129918299214,0.1554147175843905,-1.0497689083326254,322.199446364075,1.807041694391296,0.0817913028025089,0.7928759082993049,2.0899403831136225,1.0543237188665229,0.2811050294307239,1.1771702881868136,0.2418725252877363,0.2445639333417933,0.533836210719894,245.18839956,1.0909788949931103,0.056474902866972,15.658492889164014,0.1585394170948174,0.1022643015760517,0.4521343060559294,0.3811746445839558,217.1906860865037,-0.8658922456305786,0.9335880397682697,-0.1369335645128815,0.375593279307025,4.207957618408502,0.0447934051891377,2.000000178000016,3.654409408874948,2.000000178000016,0.0885774563214182,55.95418847737561,1.125398509166472,0.5039636005853839,3.440502634158322,0.395732067345846,0.3261894321334259,0.8195305548368257,312.96925041,1.2325859831564638,0.1559750414400575,17.69093695681492,0.2684459916748859,0.3734042299576476,0.6732345036531812,0.966980013419639,231.83209288829323,3.030601368521387,0.7248587469336591,0.0512368174956206,4.000000356000031,10.457715473751872,5.000000445000039,0.2567994157132526,131.41079093622898,2045.482233502538,17.079822774444203,204,7.421783606895307,3.4822335025380653,1531.6167512690356,824304698,2045.5531787530235,9.13265306122449,28710.7070271702,5.635087537553093,20.90674141837254,27.40651397467301,6.0,1.0165134143217394,402960,19.39898277677806,0.2506266110622223,-0.1397958570771429,2,5,180,0.4416243654822335,1.18752018952161,1.2884278059968386,27.171162760552964,17.52040833846939,18.44405175956191,16.489796083265308,373.5134341896044,108.35459183122394,1.3461342551156876,0.1874270388938355,1.5778637747074604,0.1398544591942306,363.8645176628541,1.359054085914495,0.0610767418061402,19.075233095898305,0.095385931681932,0.1210986556387712,0.693308883504204,0.7912543294388511,0.2631039699204414,-0.7242763705951982,265.18844825779047,4.323409521456094,0.1301798758278856,0.631231212277579,2.410777584801261,0.4246470637352064,0.2071084645837522,1.2099763908885854,0.1694052306119063,43.931257917608605,0.4722301443432424,0.0613864750154899,6.628065925864694,0.1150451870023571,0.1117982509290091,0.1908262457543729,0.8540432873985299,0.2799796734836971,0.4984603405401537,83.65547155583566,0.2671935183761786,0.1451028931101849,0.5271913290827126,2.8866109875071584,1.8626497139815463,0.2104902849681524,0.8868894803543843,0.1639616324396183,692.1684069010516,1.8744453080033288,0.0428207202743829,26.30909361610642,0.1161615303615248,0.0554477304527636,0.9116394155358656,0.96521474672032,0.2315975992583236,0.3291579031948184,366.94199365436464,-0.2926935687177128,0.1170218293484535,0.259833799794694,4.219992248652029,0.9129613328229412,0.2899949666146694,1.0948915679148954,0.2470475889177794,0.2374759813903584,0.4687460717436318,180.68221167,0.9576891913127976,0.0498860299000175,13.4418083482097,0.162893199298639,0.0736301066015462,0.4383912641932233,0.5083486264290407,179.85338256611942,-0.7763373109654057,0.9677453201519234,-0.2916002441359055,0.24847131114823,4.765047685525625,0.0326014308176273,2.0612245104081635,2.1821736055903105,2.0612245104081635,0.0735883576614681,9.127583514070402,1.3969480590137613,0.5632047436110057,2.890867223557748,0.4443129755554093,0.3991449622055784,1.0735483707942723,446.60950259,1.505673707228626,0.1388889830571562,21.13313754722663,0.3073182835036001,0.1884751302444313,0.7291155083798501,0.8088801477902162,275.19876762571096,0.4473824448344925,0.943977522708709,0.0675403279617141,3.0918367656122454,4.269328572930448,3.0918367656122454,0.3162904335107091,11.526578615976575,2054.682926829268,44.45180195755884,275,30.41189767995239,20.31707317073188,1538.239024390244,865856092,2055.161369250244,38.91176470588236,29425.43274108301,22.52783357245337,57.67700802661283,27.457639710443008,37.0,0.6100924635338761,421210,1.878093201920899,0.1535346280946957,-0.1264121091055732,7,27,203,0.4048780487804878,1.3323803518004658,1.2221108383328962,100.78279133804688,15.000000870000052,23.18704017789016,21.000001218000072,1625.708420242997,174.51165134499342,1.7321288495109315,0.5170626849647529,2.6190408453883784,0.4139967105598522,669.5956013354767,1.8072963250431624,0.2777137351163342,25.87654539028494,0.2844499361810013,0.4776893582210101,0.8982095245916549,0.563311981500449,0.7673553543881999,0.394989304848359,355.08641414974096,-0.3846559449525446,0.3788908571787963,0.9484350901387744,1.5969455331382436,2.516245543318268,0.5210833120452835,2.437843056128424,0.4167660527471823,1353.3474599159392,2.5693763691641625,0.2205080393275447,36.78787109790317,0.2678456453621781,0.3406218583018426,1.192240114087999,0.7821431882240548,0.6421390671527316,-1.248807629596025,515.8303363802448,1.0774376287293983,0.3686151894052898,0.6712643580730852,2.2694386826382007,1.4824854145447086,0.3624162763338186,2.546463429140801,0.2584539947132991,477.3359095889891,1.525931797838162,0.2045848674636189,21.848018436210392,0.1862486424834068,0.3472553401150783,0.7542762313814506,0.5399562285166483,0.3338863419972591,0.7755743507168958,303.9095099816653,2.224505497571453,0.1680362127879593,0.9847506640753076,1.519135405039176,1.422491262456248,0.6139414227594703,2.814590528092668,0.5014175482834898,0.3973924525847314,0.6993761225658182,491.70619571,1.5487307087875102,0.3062691582651832,22.17444916362073,0.3349794561186892,0.4952643650229322,0.8247962093903669,0.625369123372862,291.6107088035308,-0.1238194820466662,0.6741745293599587,0.2115161481289456,0.8289094144594675,1.9425423259497567,0.1132455388182219,2.000000116000007,7.538365479869334,2.000000116000007,0.3286794616912392,124.17511678214908,2.52772687892444,1.4627965205527262,6.112098784573338,1.2674883836355448,1.339399498632932,2.008923413052897,1746.34147751,2.918687875515799,0.4420040248978795,41.78925074118941,0.8249845010387121,0.7490574774827071,2.7206009131929965,0.2952074037475788,518.1840101795101,-0.9569479711121178,0.8688623181548363,0.9576915797192084,1.0000000580000037,3.55731752159265,1.0000000580000037,1.894168079721704,55.47065353632413,2136.18407960199,167.36609855425806,1274,127.1946733991733,104.1840796019901,1598.5348258706467,922822049,2142.6979424633832,126.77,30377.986256498305,88.97793532338308,186.0940622373535,27.89143918604431,202.0,0.3689489128561583,429373,1.7060932898831371,0.3814437485797631,0.0787632398628611,33,91,198,0.4278606965174129,1.1181644364143388,1.5265323406624307,5310.019734805045,2.0,13.58875941036178,6.0,28945.44206305315,207.0939541319064,1.1900413999542967,0.4844730540069548,2.538211261205033,0.3842214235239101,331.59873326640684,1.2844239726912274,0.2468670512361725,18.209852642632967,0.2674724186897474,0.4316241361937729,0.6258006566786068,0.6029039240393075,0.6513921298056277,0.1063029915998121,239.19832139081365,0.0671350530026058,0.316883572313452,0.8973112709453573,1.6606567192883372,2.4813300547288666,0.4606401978841893,2.140567202272746,0.3700828180652622,1279.9946453220095,2.5235159131242053,0.1982590152319597,35.77701280601847,0.2461972045579638,0.3476307567365136,1.271427114342119,0.714680801755855,0.585207535807116,-0.9343234736890474,498.74734100050216,0.4295455461592197,0.3222570102882889,0.7608151172517876,2.1056252419873784,1.4588748713859503,0.3341317959359697,2.429745058381609,0.2216906799688277,450.12030537371527,1.4964640003511085,0.2052348460520052,21.21603887095127,0.1648751492585145,0.3429469574829001,0.7438606985376116,0.4731359050597722,0.2595591329176336,0.0571447002906612,293.23384914857604,2.828096433098951,0.1280552588208257,1.0333586495792093,1.3980696756275204,1.352160065003269,0.5989391416107375,3.178864181117811,0.4720198397351635,0.3550632091261682,0.6838603058618816,439.24132419,1.4782693326490766,0.2962848929358001,20.958084936129065,0.3238427971581463,0.4960655809357494,0.6950149874972559,0.8503002478106798,271.78417306565706,0.5274035509496691,0.6568329491374394,0.0809526594219032,0.8348645680604493,2.019097973657,0.1139138530079792,2.0,9.201003843074764,2.0,0.3388495210387696,166.4655850067035,2.871223723150934,1.4951750556283916,6.0061158701324,1.3055788054641206,1.35534694055942,2.0040361166362324,2104.13874874,3.2354832689694275,0.3675327660416388,45.870892172923774,0.8463538528335954,0.6009536482759466,2.624643167412326,0.1690283436823486,577.1159683533377,-1.1301746271191515,0.9185287137122532,0.8214568608302381,1.0,3.4092456914698674,1.0,1.7304057743902457,44.094775846398434
69,2.943686110637169,0.1084670957628004,0.4588876532298593,0.092498593733318,1900.262848201024,2.9456746777018656,0.0321936969481878,43.5920044067834,0.060569310755351,0.0468257407022736,1.4894423128646754,0.9060985464277492,0.1817246298009212,-0.4352975804418947,644.66725822954,-0.7829024328097804,0.0907519988553291,0.4736933786576346,3.5258788411372195,1.6121125129066043,0.1225349505461945,0.5396909737529256,0.0995242412996197,572.4338086601085,1.616741478276723,0.0375671736606284,23.92558899296125,0.0680913522610142,0.0561105438848579,0.7852985345440818,0.8951171299708383,0.1695754839629986,0.4762779864803332,353.0526403265464,-0.486182560162669,0.0879129622598791,0.5034300609710899,3.091860312466523,1.5566287003946977,0.1830882211714849,0.733063961347074,0.1571989162335186,537.9649901729733,1.567310161500379,0.0288024793259268,23.194072306797988,0.103809796760803,0.0437740438671481,0.81311141418601,0.971256362625738,0.281193693844773,0.3024676126240386,340.9016853864388,-1.0136363637545325,0.1384870524509029,0.2620981228851354,6.45017829017792,1.032802911659399,0.2063908194972979,0.7987805973337477,0.1754732746335625,0.1701433785873998,0.5344193207184886,242.88950924,1.0531308166973492,0.0398013823771481,15.5849128723904,0.1145653453409447,0.0682737673825762,0.3273827342247195,0.6437581285804247,226.1838376534084,-0.6867337092444581,0.945256229311698,-0.2765557580613128,0.3634296611544911,4.547872833446094,0.0181187828131515,2.0183486440366973,3.0988414763517045,2.0183486440366973,0.0386815886040506,38.874202784468494,0.5278708868385862,0.205517580838912,1.041002675303492,0.1558819595245189,0.1280286679571879,0.399551089286477,70.2316102,0.566296992768163,0.0450454410901842,8.380430191821898,0.1075268637202509,0.0696063163128014,0.2490860314822486,1.2400885622469129,115.60372421765037,1.4169182010671593,0.9425011685930504,0.0130564653121734,2.0183486440366973,4.025457079537023,3.027522966055046,0.0475580978595562,20.8068505853578,2051.116504854369,12.581287669856538,144,5.59138467339052,2.116504854368941,1538.3131067961165,866690706,2051.1549031931263,6.478048780487805,29439.61117270403,4.325597916173336,14.343180584106603,27.439462327387933,4.0,0.3722637747473274,422530,17.07020314584128,0.3499382008966747,-0.2215014353708309,0,1,183,0.3786407766990291,1.176969657741859,1.2500812995433643,7.080839542760353,17.000001513000132,20.681404773157634,18.00000160200014,64.50802573295788,96.79442158293668,2.001586989088648,0.1124303540903019,0.8583796185652683,0.090173853772313,827.8995176539045,2.0047268385865067,0.0396547760114635,28.77324308544145,0.0593851603424315,0.0832401051465005,0.9790958547214236,0.7245487487570872,0.1445746292006362,-0.4800560638485756,412.3269197522615,2.2814638139455226,0.0756017458109298,0.7643286019430036,2.150068546405272,0.4517920457505008,0.1028593560359079,0.5597579762038567,0.086109706354801,44.21681649675001,0.4632976799806853,0.0362866372404938,6.649572655197476,0.0573974283675182,0.0731243422518747,0.2069951401698198,0.7458262537056061,0.1574940927830342,0.0948203983400334,93.06916142460318,-0.3982117171175128,0.0809912361438359,0.7338793002120605,2.294785784389857,1.5577430402740664,0.1206345130562193,0.7912858560572845,0.0926111442557742,502.855356758356,1.562384530503636,0.0417326476964666,22.424436598460083,0.0629772221048746,0.0938149294637028,0.770744446187516,0.6962620935749955,0.146350953257186,-0.9855314137541884,320.8950662964577,1.877789712023175,0.0747427202721702,0.8028260754092262,2.067823449053933,1.0385925267345184,0.2822153700392396,1.1771702881868136,0.2457451486963874,0.2456823659010206,0.5465242170078732,238.53426453,1.0760731029819326,0.0526059363110198,15.444554526757967,0.1595424838698874,0.0993890159958508,0.4753586167485178,0.3366250365820183,213.9500605073108,-0.9837029054821942,0.9377744649149208,-0.0989365623451363,0.3633471828493232,4.392397277624267,0.0402368442827028,2.000000178000016,2.204924346330561,2.000000178000016,0.0772135993733524,13.536178476282837,0.9971298993833068,0.5452156915932659,3.440502634158322,0.4319264102595012,0.3801126211258715,0.7883569844504948,265.75754629000005,1.1358191652569738,0.1520274725141424,16.302071840413415,0.2907366706467822,0.3718707367043032,0.7590240642973685,1.139518708916364,205.4087592729612,2.621623700365436,0.7669578466796447,0.0361638761089402,1.0000000890000078,5.952324413293468,3.0000002670000234,0.1959335931588354,66.8515151545592,2045.328358208956,16.38907080316161,204,6.820227222098467,2.671641791044749,1531.4850746268658,840910707,2045.393692717604,8.295,28998.460424650133,5.1812686567164175,19.656423886353284,27.40565154733604,6.0,1.3222273322340845,411111,22.28887210319713,0.280182978941927,-0.1288946594682327,2,4,174,0.4328358208955223,1.1626153791015317,1.300615210949576,24.035139552763027,17.1700001717,19.26391721168568,16.1600001616,345.1804286745214,122.1036669173017,1.324796325631396,0.196115042085435,1.5778637747074604,0.1378471985051753,360.4643681321304,1.3391620758272622,0.0575941422083446,18.98589919208807,0.097682107478583,0.1170269383105686,0.681472214696072,0.8172583057761371,0.2162407022499184,-0.9508627662185708,266.2840614519106,4.298764625629296,0.1129723292463615,0.5892309354707189,2.536741948655807,0.4833447178025974,0.1958989019491862,1.2099763908885854,0.1550509021988326,54.63332131874155,0.521351674735929,0.0548967332259833,7.391435673720062,0.1083833523333321,0.1036474788261722,0.1951684119147405,0.8586083478430813,0.2826612087336316,0.2408041170942176,97.15228827832208,0.3126873221107993,0.1408542003352002,0.5178378874276872,2.899776194463474,1.9184629649247047,0.2089301589530294,0.8868894803543843,0.166440643562232,748.5108919693533,1.929749928337136,0.0394549194532096,27.35892709828646,0.1155141149213093,0.0523040290459802,0.9092100572360714,0.968586839501262,0.2633931962928342,0.1459124380651653,385.61105594986566,-0.3764795823889018,0.1331176709929706,0.2502448345132191,4.274999325076209,0.9285916121414768,0.2717353199342985,1.0948915679148954,0.2285437545329456,0.1969122424719473,0.4739919102359604,188.08677563,0.9673443557683148,0.050619725695324,13.714473217371491,0.15311382809483,0.0740067407823211,0.4089550884633428,0.385824224568021,186.64691404043683,-0.6699690063141306,0.9627543615504652,-0.2632723561414721,0.2705568962660369,4.564111097102065,0.036179674722865,2.0200000202,2.6029075370043127,2.0200000202,0.0750526303470009,15.922541114544012,1.442864706909006,0.575808524159004,3.130461060063427,0.446331638097908,0.3686459113320242,1.0936593755963262,484.76466235,1.552985669381235,0.1369830556601925,22.01737183112462,0.3159720220903911,0.1861607862373632,0.6886386154267616,0.469402904784877,290.01580608871024,0.2601971779393288,0.9477145493555148,0.0773127424882826,3.0300000303,4.50848256848562,3.0300000303,0.3087017561549804,13.714634403365515,2053.064039408867,40.15700421548894,270,26.70562255817901,16.935960591133153,1542.027093596059,855985348,2053.4547940320003,34.806930693069305,29257.227278059006,20.02263083451202,53.264100071583336,27.448738866413123,34.5,0.4474916872891729,416772,2.4706832945089823,0.1193144866346729,-0.1543197182525295,7,24,199,0.4137931034482758,1.3580790685959976,1.2082369970302569,95.12571486938243,18.17821887611888,23.30915712416944,21.207922022138685,1378.8330502793092,145.21824423971182,1.776990872727689,0.5136178520450793,2.474486890787648,0.4253885979159674,694.3006682205344,1.849378364765238,0.2610869048411696,26.34958573147848,0.2858352211361186,0.4395558901961269,0.8544229775156887,0.6329666865722405,0.764741999560451,0.2986397823957799,360.7291471637209,-0.6435497184669074,0.3874465750071143,0.8738762899939791,1.804058567524764,2.4442383980406337,0.5726532577830212,2.473412827511137,0.4617673632977533,1279.0253875678177,2.510103119943057,0.2556610594768533,35.763464423456206,0.2981878561352316,0.4192473658312127,1.2830561835747083,0.7314178898408273,0.7466117902317135,-1.1463547375224898,496.1803948022486,0.6444260964519586,0.4291082335643517,0.7429251751835017,2.0718648589459163,1.4999478007764786,0.4109837812347383,2.542739788582857,0.2934182747434176,490.8375602504784,1.5549659211739044,0.2238389131241022,22.15485410131329,0.2106900427672122,0.3691652761974985,0.7321654182844284,0.5923227545289456,0.3829157259128766,1.030251338728937,304.4894035576252,2.195977400142637,0.1989942261613373,0.9161698397075736,1.6626892570500795,1.38348067385023,0.6820388474383313,2.9834864681267086,0.5608253106766592,0.4736817839850027,0.7579229744865964,482.51156317,1.5417211979047851,0.3200284974110134,21.966145842409404,0.3798640235435207,0.494215000538704,0.9435320975736066,0.495281949033555,280.8465767915967,-0.329606930451662,0.7373166979272162,0.1855908953722337,0.7405231922671838,2.0821465088131483,0.1625101137020898,2.0198020973465414,7.838752722207985,2.0198020973465414,0.4835125024023599,119.1021324745298,2.9866383935323646,1.440845314071493,6.0843655310419615,1.244635859275054,1.4055415558908493,2.1368906527990896,2230.1209196800005,3.3144859840290657,0.4759592375672683,47.224156103418096,0.8122644380767821,0.8251010323545352,2.7089785218164564,-0.1089264700426843,606.28759388707,-1.100694767706836,0.8352543933683646,0.7714614861187249,1.009901048673271,5.003685507351944,1.009901048673271,1.7211344510532112,82.47816826597239,2145.235294117647,140.42070331900038,778,111.17070357554783,88.76470588235316,1613.188725490196,942817780,2149.803661805823,119.44827586206895,30705.33797241125,76.91108857336039,154.02702724896275,27.95364006202292,181.0,0.1097366521202261,437628,0.0374775335014208,0.3967927566891065,0.0904952151511208,30,95,203,0.4656862745098039,1.1193327793726382,1.5354902134419657,2756.113238213491,1.96078431372549,16.778650204189898,11.76470588235294,16821.723989275837,245.3116538605544,1.2216605465184165,0.4430412513822024,2.5148515546328705,0.3344560800296905,344.30668288415444,1.299145048589751,0.2109807130613266,18.555502765599066,0.2389649791210992,0.3772604071421486,0.5734168875781505,0.6363923579965939,0.4919003828645181,-0.0846743608489351,249.21875148975693,0.5914863752566255,0.240452916803542,0.8611007159252889,1.7119235185345405,2.572737591110835,0.4314382225893614,2.132428387704456,0.343170994619753,1388.057862195762,2.6084871490659047,0.1744896804579916,37.25664856365589,0.2214704819143484,0.3193311184036747,1.2236264671978327,0.7258617981902817,0.5107699106147248,-1.263494990591926,524.8384685866104,1.2084292818860771,0.2820009925311377,0.749151829163717,2.1522735571213985,1.46634579016887,0.2754691608696889,2.0547049760960228,0.1763316665960705,454.0389766683984,1.4918717298006634,0.1673946496825477,21.30819036587571,0.1333941368407014,0.2868039971298786,0.7306959261784365,0.4579488015975909,0.1819494377335542,0.4510140516354077,299.1345411944495,3.704016272519616,0.0929150242006122,1.0508271557668625,1.368990347224251,1.3516968174813817,0.5561843772619517,3.041145157529964,0.4344811209401466,0.3378392841555984,0.6884044639072846,435.52142991000005,1.461132769513797,0.2542262269510536,20.86915019616276,0.2928927489236862,0.4622218428977708,0.6177731267757371,1.0737634253134476,275.7461507662018,1.0345605467160577,0.6540387540115372,0.0590629946615782,0.839827460676738,2.0196753677306454,0.0776212677263504,1.96078431372549,8.744695857378339,1.96078431372549,0.2606014568034068,155.68035635208167,2.451937055363872,1.513572692190905,6.0061158701324,1.3169625720492184,1.263467450648111,1.92976504324075,1691.50021178,2.8795256041236934,0.3204635069732581,41.127852020011936,0.8425723126174302,0.5486047492557736,2.324997567804388,0.5629557001422781,500.1951592942299,-0.8109686026319416,0.9336363461866632,1.0051474466272905,0.9803921568627452,3.031616632328697,0.9803921568627452,1.9172388476617672,41.04861554045085
70,2.9374099888220546,0.1130221074558536,0.450254198573131,0.0973683257700713,1883.758239749991,2.9395735818124824,0.036263769426959,43.40228380799783,0.0635853617059145,0.0554579690385691,1.4681955435449563,0.879353500160036,0.1959131518704864,-0.280810657267489,640.3553775632079,-0.973313328111522,0.0971410106274124,0.5351618689910085,3.2518729367595283,1.6139264759634242,0.1175798330211819,0.5396909737529256,0.0938523207634607,570.8374187377501,1.6181842507697388,0.0398738444453074,23.892204141471545,0.0644458349130712,0.0592891070740123,0.8119943932398418,0.8716378324432169,0.1446350296189513,0.6115691004575289,351.8359717600265,-0.3055452171508208,0.080007069896381,0.5515447024386567,2.831709750154561,1.6003077044178466,0.1934619916680801,0.7403713155430611,0.1653416532617357,566.4164519043467,1.6119058921245404,0.0344392538117595,23.799505286966507,0.1101469478313918,0.0627619362041693,0.7677018851832705,0.9471229108821508,0.3395612369428056,-0.0654592886966661,348.86707956309056,-1.145762907390626,0.171119264488423,0.3529488266131312,5.114106442780426,1.0271823161135205,0.2010332383398662,0.8126457728599513,0.169860128673939,0.1633904527714167,0.52335230356817,238.78248205,1.0465813329445015,0.0398463471457153,15.452588199068789,0.1116241119612726,0.0657799219092617,0.3072701435987521,0.6530123325409245,223.92574491274743,-0.6369838798463339,0.9463205430235184,-0.2058208386919355,0.3576939478937607,4.503937582785958,0.0160666770164196,2.0183486440366973,3.679066195974756,2.0183486440366973,0.0337471725439227,54.57673983750689,0.5270503161341001,0.2173029059773119,1.041002675303492,0.1708042923927784,0.1521433268068137,0.3840812579675285,70.80334378,0.5698999742430262,0.0467282606699268,8.414472281729854,0.1162608094938786,0.0722774168209965,0.2777951342511118,1.0613027941855888,114.89696891723383,0.7304720912232923,0.9446310415003906,0.0190500930694677,2.0183486440366973,4.151967540207412,3.027522966055046,0.0621941932619912,18.92897326050936,2051.058536585366,10.074549948828931,110,4.824318857822711,2.0585365853658004,1535.8,862423135,2051.083158224264,5.632352941176471,29367.041645354748,3.766499282639885,11.62295733687868,27.43920571105154,4.0,0.9098691548464723,420467,14.312670105806731,0.3334316293363431,-0.2150647809713142,0,0,183,0.375609756097561,1.1867329024555129,1.214449239927477,6.075268527195956,16.15686418305895,19.461506936711583,17.166668194500133,54.99568867388678,81.67010926896678,1.9918642793845824,0.1102307994772245,0.8583796185652683,0.0879331958513477,815.8210471823846,1.9948972064505768,0.037867334521833,28.562581241589225,0.0576061430333985,0.0841465637035415,1.0037414609784905,0.7061915401114822,0.1431879815311241,-0.3121372976582187,408.3321772738394,2.461969755230877,0.0715680037607569,0.7859354974184874,2.1096427331103533,0.4361128673206051,0.1017482473260414,0.5459789430167525,0.085719087289164,41.101810763852896,0.4477685092460758,0.0328750555887797,6.4110693931553175,0.0565748182029634,0.0661552059211101,0.2317978070075443,0.7862417788395804,0.1389073640292669,0.3526494791271801,89.40313780072405,-0.2922864136570093,0.0714197737943772,0.6693080574653533,2.422487687699666,1.570310815429418,0.0992809650613105,0.5400006899559298,0.0743668053481332,507.5153605409888,1.5734308645650112,0.0377142391283715,22.52810157427804,0.0527649468123375,0.0749870501932505,0.7712603884448956,0.7116674917310204,0.107846665523424,-0.7089976722510115,321.9137171630307,0.768703431569357,0.0536421356565455,0.7767543890536608,2.073008833601832,1.029003182923643,0.2742447843380153,1.0429098805172243,0.2405005296100905,0.237585284465439,0.5282386100646024,232.406629,1.0647492067011517,0.0495498678638744,15.244888618812537,0.1548465467738371,0.0831420355186859,0.4575683313383025,0.3521684636946092,210.94565249934683,-1.104219139595216,0.9537396665270528,-0.0727016740722641,0.3107428551573253,5.163928847539159,0.0383542259397838,2.0196080228823687,2.307073727930902,2.0196080228823687,0.0679956545366127,12.8652903101054,1.0906551901605137,0.5476716956409272,2.84009183753852,0.4600481424549303,0.3829827334828759,0.7866480128370255,305.04202687,1.219840107215176,0.141844532820525,17.46545238091473,0.303193776589395,0.3061815994234054,0.7633109407442129,0.5442417093606696,223.5843139829053,0.0867165141690309,0.842487035417797,0.0528616046724896,1.0098040114411844,5.415531892909042,3.029412034323553,0.2034193803242171,57.0429223244983,2045.658536585366,16.546147226590197,204,7.29470553242119,2.658536585365937,1531.5853658536585,857923214,2045.7251251829696,8.990196078431373,29290.326287018383,5.51869918699187,19.82867798387566,27.407565498111623,6.0,1.238038417562772,419360,20.810418548608425,0.2808302301313121,-0.1152385816375192,2,4,180,0.424390243902439,1.1685631307194153,1.3116235521399622,24.119431758483547,15.058824493176534,17.150674140876134,15.058824493176534,301.2638871987197,94.20321467766186,1.2599803238197822,0.1920264811217291,1.3436739083672629,0.1440814722410274,332.9701659328724,1.2744585955878167,0.0573576672341018,18.247470124180843,0.0992716121854036,0.1169152013974842,0.6591335116543103,0.813273711777531,0.1864321247982514,-0.8675939370750241,258.2959663830554,2.701818976570381,0.1010289258701484,0.6077136859571243,2.502545048333844,0.561839983041367,0.2346345906405652,1.2099763908885854,0.1872266066227081,75.9420459310177,0.6086452205854818,0.0547380469030417,8.714473359361293,0.1303443030668353,0.102830113149576,0.2351931143350133,0.9035616880170586,0.3306611058889586,0.2143514700249419,115.17719652348023,-0.2421888220425221,0.1646072879846818,0.4325424862228953,3.467292579092065,1.9604107093557752,0.2438704001033351,0.9580024655525392,0.2058379981919013,799.9905261156455,1.975447496219584,0.04432946663672,28.28410377076929,0.1379114115222964,0.0599493152437754,0.952888149958896,0.9696212893389832,0.3798855997122075,-0.1236390376349287,401.88419541793394,-0.8829212272223028,0.1816150754300003,0.2548672614508738,4.344821629265344,0.916802255721732,0.2795446910868378,1.15045636231349,0.2314182780209777,0.2203248189012704,0.476239042254912,188.2495349,0.9582747070367356,0.0552406294608558,13.72040578481555,0.1549971711517578,0.0847769089899087,0.4156575060669895,0.6835482472058069,187.94446242295507,-0.3094663750591415,0.9536724514519328,-0.1487806278081122,0.3122122541169199,4.426488794081151,0.0326540767937366,1.8823530616470667,2.775096565820125,1.8823530616470667,0.06581299264404,19.039994735824045,1.328599629491935,0.6204210584998998,3.1403159738066178,0.4897049820023796,0.388762100979693,1.0082862663513137,440.3854271,1.4656812735413371,0.138656602353211,20.985362210359867,0.3434816952881372,0.1904059984860876,0.7769003391550922,0.4736453974104411,272.36292404584674,0.0997537488649866,0.9528433276764208,0.0667846969865832,1.8823530616470667,4.065866734406234,3.7647061232941335,0.2917865908989706,13.306298301930957,2051.8571428571427,39.6748453329356,270,27.130190007037285,19.857142857142662,1541.6625615763546,854971867,2052.238795533216,35.381188118811885,29239.90196631993,20.07611081305175,53.5881341232542,27.441776294921944,38.5,0.2747939981571231,416527,2.552916674871352,0.0620565285387961,-0.115373138787957,9,23,198,0.4532019704433497,1.374814537022843,1.1577418980703924,101.86714436572775,18.35643727728728,23.54196419348463,21.415843490168484,1566.189738018575,137.35321728794565,1.7130439525157322,0.4649413933398029,2.238011280299625,0.3658426799775651,639.3739162465295,1.7747183447479418,0.2414189561876197,25.28584418694637,0.253869643156882,0.4141974926886778,0.8998612628333705,0.5987763467171882,0.6304171290882365,0.5217626858953607,347.7479223606936,-0.2686363410544579,0.3159618591691286,0.9077842406612452,1.7468497544304535,2.546115597751721,0.524583642438645,2.492782335414747,0.413505988879528,1371.577016912932,2.599333958753231,0.2235839109602785,37.03480817977774,0.2617699981260727,0.3878326149665378,1.1940611499808158,0.7263458514130471,0.6268300117296293,-1.4604187730619598,516.8614663435993,1.7866792253885042,0.3662854044700672,0.7489986771000355,2.0578521715550995,1.4941511777784675,0.389712390900971,2.542739788582857,0.2651403843811452,483.8739126571208,1.543896153660054,0.2046152154765824,21.99713419191511,0.1933459077013982,0.3500144175142549,0.7760398140883714,0.5962895410397667,0.2948035517043386,1.2075357275520044,303.31268908902894,3.2121120855463867,0.1609923113741687,0.9145688834309916,1.67297988475757,1.4019162862563173,0.648184373121297,2.9834864681267086,0.5292795435200681,0.4226226326467373,0.7227727960243092,483.83884483,1.5438402072006865,0.2886715256311407,21.996337077568164,0.3533906018423641,0.4611142050924169,0.8794988442874159,0.6922636530856418,284.5890061100324,-0.0316412162628187,0.7453188520341826,0.1117540550548794,0.7258531337367078,2.123034140387231,0.1149056642915032,2.039604141920808,8.297631287354495,3.0594062128812123,0.4477760216049139,109.05320009979528,2.647604785370865,1.5102369465718313,5.454256328012442,1.338095848617788,1.6701326118538895,2.0668175525700465,1883.71641143,3.0462093147566773,0.3987217138046104,43.40180193759241,0.8536077981328765,0.6985343713851248,3.374133255897496,0.1542133117321711,537.4637714302856,-1.3540457848159402,0.8925173803098483,0.9643921896279584,1.019802070960404,4.877742863735,1.019802070960404,2.019789406282119,77.06798690304012,2146.106796116505,147.24685843657636,822,117.47883872183996,91.0,1612.7864077669904,953234258,2151.127789553724,116.65365853658535,30874.49202820996,80.69116741652853,151.67539151175416,27.95587123088561,183.0,0.0098947751080505,442098,-0.0560983011669384,0.4643699678127908,0.0683173522273447,34,92,204,0.4757281553398058,1.065462146815091,1.6225541088896132,3408.91767630218,1.96116506815534,15.716794245846206,5.883495204466019,18592.962895685825,259.76967071777904,1.193700211773362,0.4707179949075853,2.5322899386244235,0.3647531518844632,338.9565235906931,1.2827392632294956,0.2354636204632708,18.410771944453963,0.2576026519200699,0.4289366835000092,0.6426960072357469,0.5841416224564406,0.6030059264079672,0.1693088953673596,245.90224362531256,0.3406639178976309,0.2772103070182142,0.9424535469244696,1.627820852497755,2.497253587829068,0.4673710834356916,2.129374251044031,0.3840377221567792,1329.4520738511103,2.540403677358665,0.2000860748167809,36.461652099858426,0.2472990989482265,0.3651245025262552,1.3464553865791165,0.6933218709859982,0.6304462935977155,-1.0178998217985924,514.4342390927878,0.3878359441344847,0.3416452335830304,0.8068159712523635,2.096443474596394,1.4661304623673748,0.316133918857616,1.927007576848057,0.2069685735411824,463.29277193612006,1.49966464201996,0.1814191670201118,21.524236849099204,0.1577350687541391,0.3218868062455867,0.7257026635955673,0.4813771297472137,0.2266308843088786,0.7991661705294937,302.0228752476792,2.474954933681357,0.1073229110813964,1.0525319159864197,1.428361557597133,1.321132018350269,0.597577546548531,3.204134312537871,0.4727213378185376,0.3386511871289727,0.6822032742391624,432.75558029,1.4493982351742445,0.2752102224102535,20.802778186819182,0.3208454196785612,0.4926247420036393,0.6364127821569319,0.938751898848659,272.15319578015544,0.5622212236864308,0.6593569184096328,0.1133234641639421,0.8499512322508569,2.071921887800559,0.1026707001713788,1.96116506815534,9.702044883881522,2.9417476022330096,0.3224297596461982,171.59463861255975,2.799122715913267,1.5379838022858838,6.251836738303604,1.3314041416287763,1.3829118736099977,2.0476149823874628,2098.9339297200004,3.192021249746773,0.3817517083049697,45.8141236925907,0.8660456061588178,0.6624161947675784,2.769311422716843,0.3228510761557805,576.619279478133,-0.9251630981405704,0.9064770581882802,1.0837793478871869,0.98058253407767,3.546742847211661,0.98058253407767,2.172780133264323,51.49680564006544
71,2.9296027622645653,0.1146977957917596,0.476216181141476,0.0934366936908552,1873.85553294367,2.931836895584475,0.0346469309979617,43.28805300476876,0.0636924550171751,0.0523329047412984,1.4759519177517764,0.8958489745630429,0.1720371303498922,-0.5036087011118257,638.6534021736752,-0.3833307806358377,0.0867417077923711,0.4969403195428346,3.3836106369133336,1.6309516656336425,0.1294637784150126,0.5874158690826032,0.1039756480691858,583.5178359409911,1.6360584710914932,0.0379026493092446,24.15611384186188,0.0713989508508139,0.0578581736899579,0.7964523683120657,0.8994842639709623,0.1805143989427104,0.5917816414500657,355.5474631081341,-0.2286682893504132,0.0903224688157,0.4886360408547863,3.078371562045662,1.562182498429674,0.1922061132919006,0.760007314099095,0.1668347882937874,540.0269587583264,1.573908473899453,0.032153875344805,23.238480130127407,0.109350929589974,0.0604082556929275,0.8156817667774401,0.9504181245269552,0.3261812976120395,0.197055617703637,340.55578465766894,-1.169553204969651,0.1627452305617692,0.3415719149042888,5.285813245594864,1.0106490884506625,0.2015834795574743,0.8126457728599513,0.1654624391113457,0.1531873717117278,0.5229650466523021,231.48571457,1.0304664361390787,0.0351141576097682,15.2146545991028,0.1105944544561516,0.0544673432470438,0.2886655904496606,0.8117420420139579,220.3215012822444,-0.313314204102046,0.96312988109716,-0.2320170245602819,0.2937658356268708,4.918554941758484,0.0194681566490408,2.0183486440366973,3.349489706009831,2.0183486440366973,0.0403582431094007,31.593561298432668,0.5244083376712724,0.1843046112755907,0.8857602501529596,0.1519684815679747,0.1398091659105936,0.3910669304625039,67.32199198,0.5557125848606248,0.0431924532437802,8.204997987812064,0.1023359600752915,0.0655607185761566,0.2627559443880898,0.5663233659854499,114.32101761233736,-0.2694438101257272,0.9364631300186804,0.0074361884150481,4.036697288073395,5.939025313678697,4.036697288073395,0.0370400760547078,36.10849632369721,2051.058536585366,9.76018762902648,110,4.512694824509207,2.0585365853658004,1535.821951219512,862421863,2051.0816456380207,5.186274509803922,29367.019988415577,3.498110951697752,11.08346233155064,27.43921453264432,4.0,1.0786335117507078,420467,16.365821742945013,0.3546459823340512,-0.1855745379337765,0,0,183,0.3707317073170731,1.1675563044010646,1.2176995651475406,9.875290610660535,17.166668194500133,18.898768222630213,17.166668194500133,86.0196464203751,73.13639441344473,2.010261974279965,0.1099597107648031,0.7559480741401805,0.0896505528491768,830.9029992236385,2.013252433766449,0.0331909292612858,28.82538810187364,0.0580636242277895,0.0726579931205633,0.984299664666882,0.7812591364891871,0.1602213817873055,-0.7186739598832902,412.10370472739294,2.5084763162589376,0.0804258191555413,0.6793536421941442,2.4169990421890426,0.456013791496448,0.1006498029602842,0.4334151826397986,0.0868150188177188,44.69605659570062,0.4669363386686361,0.0285798713074172,6.68551094499894,0.0566306822187267,0.0507886009297595,0.2095751848161606,0.8722461436152865,0.1636331258813024,-0.1689147003558382,93.48282725677186,-0.9399957422300478,0.0825039283415656,0.5180633500064384,3.0140726071730133,1.5632045415119182,0.1065259732254546,0.567393656249807,0.0792711552591992,503.2546776399272,1.5668123265203877,0.0335271142183755,22.43333853085464,0.0557738586151561,0.0686392377514708,0.7830762055510583,0.7923216326140688,0.1140298742944085,-0.9467008829283352,320.4569310099432,1.1438489665192209,0.0570192577308676,0.662237970888562,2.388701782431112,1.000712435273233,0.263975691722451,0.9659256316298837,0.2294694018332511,0.2135482863183038,0.5286111610522257,219.50756834,1.0347795060054004,0.0458623144915732,14.81578780693082,0.1471746589498199,0.0799071266208194,0.4005062721107796,0.5444993211129058,205.1460492310128,-0.9324826536627692,0.9537299672452948,-0.0690497075905652,0.3100068218125191,5.129933291586919,0.0377245756986475,2.0196080228823687,2.788043176849312,2.0196080228823687,0.072231272994958,30.564656002444163,1.001212054636811,0.5712981768342182,2.882076979415229,0.4689550492302936,0.4031336400455469,0.7565716028132503,272.07909136,1.1520482107120682,0.1367697137498286,16.494820137243085,0.3146838799839217,0.3042748372690354,0.7956794992366195,0.7034259819630655,205.24847120054625,0.218476385322766,0.8579798382328644,0.0880734619946052,1.0098040114411844,5.347229259082899,2.0196080228823687,0.2993192030657622,59.538822820421125,2045.3383084577115,6.526482599714655,67,4.141580653944216,2.3383084577114914,1531.4626865671642,840873687,2045.3486693237603,5.7,28997.822107875618,2.97910447761194,9.115371632577578,27.406026990435347,4.0,-0.0346606882203558,411113,8.032765528177856,0.0233662188616442,-0.0511234284183474,0,0,178,0.4378109452736318,1.4236119395970868,1.2726411172873895,3.204099066709769,12.480000798720052,22.165882796528955,16.32000104448007,48.961804901304006,223.5067262707314,1.2413481786603329,0.1743735272820385,1.2689183245409632,0.1304639137810298,315.81123083668444,1.253475230475792,0.0571173051606632,17.771078493909265,0.0891453937237244,0.1116699602932107,0.583613462613336,0.7931443090898943,0.1904493929334061,-1.1092320674449636,249.5109839107269,3.6028080479352624,0.103292102328566,0.6357051498844927,2.3453380771463093,0.5938655119232281,0.2037287134308607,1.1292779285856895,0.1639908126108361,79.18900323185815,0.6276743904740782,0.0508768248653904,8.898820328102943,0.1119981526030132,0.0941372981382156,0.3403385838934255,0.8924405340260523,0.2534293835677941,0.5064042634791831,119.36696789656884,-0.0069088709296432,0.1267641171812628,0.4544631016858169,3.1985143748234166,1.9960316789793788,0.2160386971463558,0.9223599458866822,0.1818691107463509,810.1471788942757,2.007631186142891,0.0443692294880091,28.4630844936784,0.1219139048963575,0.0592574692718524,1.0230554328800956,0.9623166064446512,0.3521705286628718,-0.1285401896759936,401.2023674748551,-0.8730699847018291,0.1793609587509383,0.2823156335101177,3.808966971194161,0.9031574217273596,0.2712058429250413,1.15045636231349,0.2259584806449347,0.2102021417849956,0.448708780468758,178.66488086,0.9428043297941556,0.0547416667362098,13.366558302719517,0.1492271275114033,0.0837847120820802,0.3998096612743217,0.7550759279892776,181.53464176719928,-0.1023964287591483,0.952186212663828,-0.181446517650443,0.317347106448441,4.408963754883032,0.0386802315766193,1.920000122880008,3.050994598139998,1.920000122880008,0.0849185185232002,22.064591502551043,1.2884238316763867,0.5829248769937514,2.3868608149886428,0.4776609545727627,0.3822806065771302,0.9327077368795248,401.62751242,1.4135582152710229,0.1127064729967863,20.040646507036644,0.3276718808518684,0.1522871902072022,0.7718194445731336,0.2139582977025814,258.9731901669537,-0.6115679307223996,0.9658667483867354,0.0804460247775967,3.840000245760016,3.239271647806798,2.880000184320012,0.3076615375361857,11.696060193224096,2052.083333333333,46.87892293382113,402,30.627450980392183,19.5,1544.237745098039,859499505,2052.616103329373,40.689655172413794,29317.221986402463,23.05288322225442,63.72415925617539,27.442238061997788,36.5,0.7969843795413053,418625,4.992706200891487,0.0753255356377331,-0.1260199425905317,12,27,198,0.4117647058823529,1.399208748777154,1.185317475406746,161.13500094596478,15.147060171617763,24.260724043557754,22.21568825170605,2393.113715513708,121.64369813332672,1.7624480358044063,0.5004613567890525,2.511533773174855,0.40225576681958,684.5132067345501,1.8317906255239973,0.2386672050949578,26.163203296510734,0.2762130886263462,0.4183336600342982,0.8146448111183837,0.6502530703540618,0.715122357460745,0.2509159725092808,359.5393993040989,-0.3688736541308195,0.3522019876925331,0.8591059407037891,1.8721942810737708,2.506551988482804,0.5361583434739126,2.492782335414747,0.4360271171988255,1340.0473368404564,2.56297863711658,0.2280100036930823,36.60665700170471,0.2750146963645829,0.3893680634325509,1.307563806022907,0.7357778244195592,0.6881155182299703,-1.226641755990475,511.33660565049206,0.8914808504379246,0.3986419267466652,0.7403187181806477,2.1335998015485846,1.4809006189192844,0.3758827662571554,2.531508319821053,0.2578101635056142,476.0670295512998,1.5276327796840428,0.2055879403622252,21.81896032241912,0.1892523066444006,0.3396840859027572,0.749374759356702,0.5910695009236271,0.2751853469550418,1.1116872923636467,302.103726259534,2.8674078579994533,0.1609151384808856,0.9257949903138852,1.6202159690436615,1.3622662842399909,0.6977861487226513,2.9993804146314287,0.5657799177669448,0.4615883733653215,0.7234664578327713,477.41878195,1.5298000349110097,0.3010306845538112,21.849914918598653,0.3838139611644118,0.4845259276099578,0.989289957947992,0.6636555200545908,277.9023219849581,-0.1294092026313071,0.7582180437703981,0.104636830271521,0.7153804921837896,2.0553881495669994,0.1455052784365475,2.0196080228823687,8.980411948723143,3.029412034323553,0.5345311846744712,111.28020892811917,2.862749175414697,1.5208635280398732,7.196420487696579,1.3324540244840268,1.553733308241997,2.128210979076891,2141.39215143,3.2399105466273386,0.4542676667285236,46.27517856724056,0.8548605145844375,0.8590228673571869,3.1198083478945446,0.0158828291039357,584.0008317845983,-1.0832508570422474,0.838605432226485,0.8455753417365344,1.0098040114411844,7.563499172276555,2.0196080228823687,1.924774519711949,125.66647890466616,2147.141463414634,142.26540540932393,822,113.48701963117192,88.85853658536598,1609.680487804878,949223222,2151.826475459349,106.30392156862744,30809.466434847585,77.4547106647537,140.22684702813146,27.963780369995817,178.0,0.1133918245761052,440164,0.0767666143159262,0.5106678839655879,0.0623546327234017,29,86,203,0.4634146341463415,1.0185921517175018,1.708753460680867,3116.96370326772,1.9803921766666668,16.140640273455087,9.901960883333334,18796.456675577178,239.5936629751661,1.2007151269822869,0.4369080303667672,2.516656908250776,0.3352297057585081,334.4932272214277,1.2773700635011436,0.2048259335637393,18.289156000795327,0.2381012602631489,0.3690761143790378,0.5764336990110628,0.6408023878350958,0.5369340920025762,0.1123184961750617,246.1466010313688,0.413423641160155,0.2612437641060192,0.8796533807627064,1.7458804409147897,2.542014298143417,0.4512441141818379,2.087639746813355,0.3622565742650627,1366.2152569720276,2.581562447076621,0.1805025047393483,36.962349180916895,0.2341557871996947,0.3404277781631428,1.1876235694293915,0.7151817995950996,0.5698229153153953,-1.203358834088206,521.1129311194006,1.042136714654275,0.3090115919759704,0.7810857327555539,2.1823752092089705,1.4679548624773142,0.2887164507950907,1.927007576848057,0.183712344674996,458.7576195932937,1.4959418594305578,0.164288422026357,21.418627864391635,0.1407939257401034,0.3027468575582163,0.7374778653210302,0.4491058001872447,0.2135317397273453,0.976603715744394,300.9307468078494,3.503575960346672,0.0962460041710109,1.0864045027480849,1.418148898425566,1.2915683838154577,0.5732511067146263,3.204134312537871,0.4352953278178521,0.2972620879488367,0.7060524811349945,409.00835606,1.4125022876044502,0.2511418678471308,20.22395500538903,0.2989672985574813,0.4749585641021822,0.5823264459485875,1.166952075655657,264.7715186821688,1.2259452583502015,0.6542079294139441,0.1248410389870953,0.8556575136619994,2.088302176152576,0.0860562586201205,1.9803921766666668,9.712027418613042,2.970588265,0.3242091968686775,167.60169837718803,2.5863075480398554,1.643152676043852,6.251836738303604,1.4558958499698558,1.535113974048842,1.995968803042652,1922.0322265,3.0619874197221297,0.3477513374637512,43.84098797358472,0.9185943982449308,0.6194298368235271,3.0419467042710755,0.4510968836218165,530.1930473481704,-1.010614445646286,0.9288734494086188,1.2379750935832168,0.9901960883333334,3.942391292141771,0.9901960883333334,2.3773625194306764,47.85709751912004
72,2.925681253856943,0.1164321217347928,0.476216181141476,0.0948571460781974,1868.9369014758968,2.9279865185211715,0.0368680002506075,43.23120286871391,0.0649642572357965,0.0553199199114278,1.4648830332013705,0.887088796329622,0.1843767239823344,-0.445340824303034,637.7985133408135,-0.5241176568166974,0.0920110608923074,0.518163335240381,3.328855035727271,1.6171620226153434,0.1380020873102228,0.6048577001040709,0.1122851500496962,574.2491086250072,1.6230126995961838,0.0378218886180609,23.9634953340494,0.0763152671993951,0.0574584102472754,0.8244859289006345,0.9132379431972358,0.1973612328314549,0.5905005671523003,352.5413209301449,-0.3549914708449919,0.0996088200823869,0.4552870002031388,3.183366219312034,1.5878328131488657,0.1948790586006734,0.760007314099095,0.1674452391467204,557.8656361710639,1.5996926828874911,0.0347126523523669,23.619179413583865,0.1110874025603394,0.0631763433527112,0.763234261574124,0.9472411592299448,0.3417192999647809,0.0115317015936825,346.14755326645275,-1.1656423062638694,0.173200385877589,0.3527712989344769,5.02677813395359,1.014954907838332,0.226133750458906,1.10189869575998,0.1832516040139139,0.1651425946415182,0.5069523101181715,235.66571002,1.0397285064208928,0.042830928679721,15.351407427985228,0.1215893959476649,0.0679546048695722,0.3195653836322515,1.0647551957397556,221.26016990875635,0.6738065707158989,0.9541863272936272,-0.2634941569903393,0.3282763316124078,4.513630828629119,0.0192255963623185,1.9816514316330287,3.497078615987843,1.9816514316330287,0.0412534018933614,32.99138558644807,0.5486186274367214,0.2006133696425868,1.1345702704032448,0.1653239735918819,0.1431783123280807,0.4155376699952186,74.34748497,0.5839893055841838,0.0435582140266043,8.622498766019048,0.1102929657398409,0.0646335947255013,0.2891759375577092,0.7134847846706013,119.59886078120526,0.3872637675976493,0.9470622652661442,0.0092684463046118,1.9816514316330287,4.666872761382598,3.9633028632660574,0.0395684904559094,27.33544786317377,2051.029268292683,6.686181385574519,87,3.226222486615104,1.9707317073171,1535.780487804878,862386937,2051.040113294097,3.647058823529412,29366.425335746942,2.3730272596843616,7.69326163014127,27.439115444303123,4.0,1.0555352692853168,420461,23.44946514938924,0.3373192074145733,-0.189327369048657,0,0,177,0.3853658536585366,1.1776080486686509,1.2385822777086346,6.560580342067755,17.00000098600006,18.950757386661227,17.00000098600006,60.55197096948431,79.3703981971522,2.004050672776722,0.1055083916841995,0.5935721737837778,0.0909768796763251,825.5958475326712,2.0068126014235963,0.0307510258723232,28.733183734711183,0.0575573513106883,0.0608069672731163,1.0166833859803703,0.8337029948386535,0.1671884530180183,-0.0020135530964441,410.8303879192281,-0.2503036332415207,0.0828655772646209,0.5914458766724289,2.6869467219250844,0.4452914091363564,0.1021410202646228,0.5006175116735851,0.0894525694545963,42.776598761604006,0.4568001044466371,0.029417102102049,6.540382157152899,0.0567732577242428,0.0539412580831651,0.2413506389861143,0.8604193327714632,0.1642620052664075,0.0666134960264172,91.28473887295306,-0.8701516069074846,0.080551477568601,0.5425402945175373,2.86355092371706,1.564840797724238,0.0935397469229518,0.567393656249807,0.0683291099018814,503.7739136434567,1.567620402103147,0.0269886031600011,22.444908412454183,0.0477824264129388,0.0518680648728971,0.7832138283626628,0.8461563476643948,0.0995370641412625,-1.1387017481421189,320.7923635334688,1.9501195477771875,0.0469401085818488,0.567912316762557,2.6504302915419853,1.0018147261988075,0.2760150356100765,0.994643769014204,0.2403205096675727,0.2264784572161164,0.4933220866396616,221.28631003,1.03896362534041,0.0458235212231864,14.875695278876885,0.1534075692807144,0.07888792321085,0.4461090429326644,0.5857058894381366,205.3720188707556,-0.9203884348195124,0.9589297325941496,-0.0489335724033154,0.2927942232553675,5.225806394622536,0.0430510547771062,2.000000116000007,2.8244717172571967,2.000000116000007,0.0852162507249534,24.96469484584064,0.9424904652257726,0.5263636720718203,2.7449503171804266,0.4229463051339287,0.3696460673042838,0.7289384219593843,238.61907471,1.0788862249515674,0.1111612118345248,15.44729991649026,0.2877434822826161,0.2273705328934948,0.7354288942938355,0.7515172232655994,193.2105453712834,0.5670555003501874,0.9056084311588914,0.0888908437495199,1.0000000580000037,4.837988516942619,2.000000116000007,0.2767015630163694,50.79024558098492,2045.5151515151515,5.819385835272409,44,3.8760330578512376,2.5151515151515014,1534.1944444444443,828464854,2045.5233876181733,5.01522842639594,28783.06540311508,2.8513049274470594,7.399410046451878,27.4070685411842,4.0,1.2293136520072865,405012,3.9915516619332254,0.1913508831485528,0.003109872973237,0,0,169,0.4242424242424242,1.3223830393573657,1.364427027169389,3.827968312156971,14.313132758757725,22.111435674294253,15.414142970969856,45.95561987844388,295.15989618217577,1.2134495822086264,0.165106547913989,0.8469006965590714,0.1312524853038006,296.9173118516562,1.2245743681333416,0.0503449200419353,17.23128874610533,0.0901739725329232,0.0819491457060028,0.6120050343732291,0.8762738232049075,0.2366363370340802,-0.4854884145779508,240.26301727730805,0.2360457943605616,0.1232095206644393,0.5003333657397314,2.694729327091227,0.6251876297507222,0.2186427294498993,0.9213667588558938,0.1789997419904064,86.80771003271502,0.6621350148897166,0.0433139250718561,9.317065526908944,0.1211291209953213,0.065672546118956,0.3161626268915697,0.9545307426579634,0.2706412853575082,0.319631467858181,123.787150690643,-0.5913574395038954,0.1342975947164836,0.2969464585652994,4.136321629670684,2.002518809008213,0.2413301292233701,0.944512112177051,0.2012895716850348,805.4694784858516,2.01693521688736,0.0431757949316341,28.38079418349408,0.1355951943065338,0.0581221147034812,1.0111248598932516,0.97090909615691,0.3735649207089386,-0.3521399499056061,396.49872418362617,-0.8442465703752702,0.1913793870181093,0.2460349101066724,4.135985958045439,0.8977978092905525,0.2502479052012586,1.0882709503941634,0.2080126191375437,0.1942374488911042,0.4384760334906061,171.93303023,0.9318522616408956,0.0499594470680267,13.11232360148269,0.1375134655958279,0.0731808939157724,0.376471001032837,0.8075764064702214,177.7639662395294,0.0858126819392279,0.9571258299298114,0.0012762954897419,0.3037003767770198,4.483598697004386,0.032285351429477,2.202020424424265,3.472161921744448,2.202020424424265,0.0861435192875211,28.65090271133792,1.2053327487231953,0.5963583542272907,2.3868608149886428,0.501534002538766,0.4381151249482503,0.9167929402697788,357.72148043000004,1.3441257915782507,0.1115441262656086,18.913526388011302,0.334841867489265,0.1518959037454279,0.8857837879338277,0.4114207462018243,238.6558842471927,-0.6386077868024271,0.9674996460722785,0.0983557638869887,4.40404084884853,3.5889568551740965,3.303030636636397,0.3976592130669771,11.3089722295064,2052.721951219512,45.97394569153915,402,30.01323022010704,18.278048780488007,1536.8439024390243,864232994,2053.234205452224,40.49509803921568,29397.839954663337,22.464681970349115,61.67892035117245,27.446069684047536,33.0,0.9106024451214986,420808,5.623492592095779,0.096532115277819,-0.1218574181649265,9,27,200,0.4048780487804878,1.3868124831993067,1.2010058968121284,202.95966691703288,14.705882352941176,22.80751190676274,20.588235294117645,2842.593773941376,117.92642403008132,1.7606118867495746,0.4920132520045311,2.511533773174855,0.3964791615640965,684.8333304218061,1.8277446190049345,0.2389830312004169,26.169320404278864,0.2715700260117375,0.4064124047865494,0.8803911695773468,0.655260789973094,0.6797486870889584,0.2487068066970635,360.9254367836628,-0.3574574835087118,0.3389812082354091,0.8504141858286774,1.8573169334013764,2.510568913059719,0.5364446042516576,2.492782335414747,0.4295881122622435,1350.8116887203475,2.566968116442229,0.2378304328567243,36.753390166355366,0.2732459886255776,0.4041798562229678,1.2273431911394128,0.7114148610264784,0.6763246574580615,-1.3057761961791947,514.6666271772424,1.1909905699526004,0.3853290884806095,0.7707657865256238,2.060917799748689,1.5034261728709153,0.3797969261024597,2.531508319821053,0.2633069868469772,492.7856265767067,1.5504297226138382,0.2052870938600256,22.19877533957013,0.1926242871394949,0.3276100085482383,0.7325777189859438,0.6274768649344629,0.3396619552825224,1.0576135790780654,308.20236543853764,2.73435263921778,0.175460850720432,0.8847981621883758,1.7074267542654509,1.3276448470033728,0.6683151730438366,2.9993804146314287,0.5245045066821439,0.3756237863119613,0.7131830923634849,452.45698694,1.4856336201654343,0.2702307367568158,21.271036339116154,0.363760995709852,0.4390183351450664,0.7631094465799173,0.7685922788977968,272.16719363569143,0.2638809209800885,0.7836169766866928,0.1122383757444265,0.6769816299415354,2.144359881480565,0.1355080716722179,1.96078431372549,8.587944999127778,2.941176470588235,0.4886882063051245,102.18575830997844,2.725273105198311,1.587139192573471,7.196420487696579,1.394278744482654,1.6832021663666783,2.0548980820063227,2036.43647366,3.15179892392869,0.4425235323676251,45.12689302023794,0.8934981980593983,0.8406042962970834,3.363022235795329,0.1991821580230419,558.6809865656537,-1.0501786348095026,0.8595553798078522,1.0881438304749171,0.9803921568627452,6.771656079002129,1.96078431372549,2.3651054910768425,94.91921270395638,2146.408866995074,150.40343542065028,822,119.65852119682594,95.59113300492618,1610.3226600985222,939804899,2151.6460636571323,109.97524752475248,30656.23752191388,82.29071355411403,147.0918922050949,27.95624561301349,194.0,-0.0534254805091804,435721,0.0316704279327413,0.5206382079358713,0.0375509833632033,34,84,199,0.4729064039408867,1.002151642382764,1.7192952031344488,2765.039645126856,2.0792080351485214,15.603248538385069,9.356436158168346,20565.548758690267,232.26557625012447,1.2050333950270853,0.4602911705801795,2.709347445654503,0.3539821302697637,337.5747413417348,1.2895463389518471,0.2169712073693462,18.373207159930864,0.2499540585504014,0.4219167355543316,0.6114006823451053,0.5797398850714564,0.5650230974513741,0.1910270085474924,244.6217791904984,0.6108286992406646,0.2729368956460439,0.9374719875077968,1.6457190864631392,2.532727742069056,0.4531462070098858,1.924604503357693,0.3723038222070277,1343.6650724909268,2.5727494565085727,0.176461369787932,36.65603732662502,0.2391679237759039,0.3178287036176036,1.305034569777461,0.7536450412158341,0.6243440770611124,-1.0401956727776165,514.1437316400184,0.3517358180672763,0.3241163018005637,0.7224463198407759,2.355713466708526,1.4782269799076178,0.3002061193591682,1.987811921391457,0.192578593725234,461.7914560860794,1.508255535061856,0.163395244404595,21.489333542157127,0.1482097606274594,0.2959636072811861,0.7442006131089932,0.5052649312062829,0.2088597505235865,0.5607306623531363,300.0800769212464,2.684977791845468,0.1003269345942754,1.0126322365665827,1.5037974061297248,1.292042264215,0.5732680699240661,3.091223122441917,0.4453130847670172,0.3085662197685681,0.6355616334114347,405.2672907,1.4129368685759744,0.2521497565255931,20.13125159298348,0.3031029933196689,0.4727879025850386,0.5817569151371071,1.0067885852330911,262.284579635645,0.7357697635670539,0.6558317449388076,0.0988562056752743,0.8407059113558978,2.041610800835968,0.1016234646822074,2.0792080351485214,10.086119381551663,3.118812052722782,0.3483151360924532,181.34554888003456,2.673460460314798,1.622380161874508,6.251836738303604,1.4380178706160045,1.5710231290044026,1.9915038188534493,1982.60805178,3.1251467368741386,0.3652999506885622,44.52648708106221,0.9135718681552752,0.6503628398581903,3.0172376276105126,0.2975643389906262,542.712473443904,-1.1251535076532335,0.9191847170023072,1.0343407463522392,1.039604017574261,4.682999206415048,1.039604017574261,1.9709216187715224,63.53707499076753
73,2.9104193844964543,0.1156739878839736,0.476216181141476,0.0957577459251873,1857.965420391056,2.9127067080436446,0.0388588841707626,43.10412300918621,0.0650175463760488,0.0604049999929687,1.4773824277738594,0.8628203962993554,0.1878362649833316,-0.285055896348303,637.3818452047235,-0.6962796333872023,0.0945826870505861,0.5721030307790652,2.9759851207456456,1.6196869051310812,0.1384880336842885,0.6965091352769281,0.1121788359141805,578.7024698063044,1.625569755833017,0.0415969929529045,24.05623557014489,0.0766897170015845,0.0640195618318941,0.7971497856531725,0.893085164119259,0.1972905260710156,0.385073654131852,354.7114322237068,-0.3600617577032721,0.0996710300370695,0.5075317806473069,2.892513354877623,1.5560706531713897,0.2104034611229828,0.8824456574497019,0.183496098084212,539.9277135944621,1.570166663047717,0.0353739495146701,23.23634466938512,0.119351701471474,0.0641190590670536,0.8313896775551223,0.953552183804078,0.3689101773901719,0.1507981531806017,340.7794730445343,-1.2264585860834782,0.1850157715849241,0.3325428263092964,5.3177177127853135,1.0046773705213887,0.2240120927122481,1.10189869575998,0.1772199794160986,0.1588717775596022,0.5268205265946574,231.99302858,1.0292370463724918,0.0425632071341522,15.231317361935572,0.1180394807388698,0.0681669844150604,0.2855450303354041,1.2706071019415812,220.0243441441841,1.341467446175888,0.953582442761685,-0.2496308088966649,0.3339798317070644,4.5126503855856495,0.0266189596656931,1.9816514316330287,3.5443652590617925,1.9816514316330287,0.0655261739315424,25.86255595441374,0.557596247907154,0.2329976093121645,1.3752419998116188,0.1823030052031613,0.1608020443204584,0.429069326805841,79.92483220999999,0.6041138731523716,0.0515126065263169,8.940068915282476,0.1232366280991154,0.0875941446528526,0.309193605911033,1.2169676366000328,122.11357829166673,2.14073171018261,0.9291770674427934,0.0155753836963935,1.9816514316330287,4.872164186157605,3.9633028632660574,0.0694134373358229,31.724975217295768,2051.0878048780487,6.8120494138432734,87,3.407543129089816,1.9121951219513,1535.770731707317,862436509,2051.0990617168177,3.7892156862745097,29367.269348715417,2.500095648015304,7.787936875984148,27.43945314845663,4.0,0.9654801361048262,420473,21.60131810930888,0.346323946712755,-0.1667402447069825,0,0,176,0.4292682926829268,1.1701228262286356,1.2499543557457349,6.586506729452119,17.00000098600006,18.55074606896089,17.00000098600006,60.29463259195969,83.00681016344755,2.012981420616491,0.112332246522227,0.6050007532005146,0.0970250581205735,833.2534918043541,2.0160980084146294,0.0331428578463668,28.866130530508485,0.061476258905,0.061818362685944,0.98325535813991,0.8481742520265515,0.1789927837456393,0.0475547100071359,412.6611912263807,-0.3963200017882373,0.0890808279189974,0.5646611912742139,2.9225596883176665,0.4584662356757418,0.1090682391534929,0.5114706753726878,0.0961898018454067,45.51597397878728,0.4711996831067885,0.0312205462650027,6.74655274779552,0.0608870811435563,0.0548307288494001,0.2060426181568922,0.8732211493387423,0.1750143841018839,-0.0069528844818941,93.98557831352709,-0.9355342400317812,0.087208864940556,0.5163458395138166,3.1728874225565065,1.5515573902745698,0.1096155717458042,0.6122358410071611,0.0810725840640731,495.95389574781353,1.5554058301069846,0.0296537021077634,22.270022356248624,0.0562849154274315,0.0534124957530843,0.7859617040536877,0.8811230715188904,0.1123124885212834,-1.1665880011688223,318.0692650062868,1.51804462403862,0.0560598803870275,0.4990120328856711,2.9642812549341,0.9898742104566164,0.2619494663130259,0.9904744710103596,0.2243857683512542,0.202258487694055,0.5102885480599313,214.86741994,1.0237840376782976,0.0464091980197323,14.658356658916444,0.1445030095600591,0.0785765612289682,0.3835259672666772,0.7047062759394382,202.92421314360635,-0.6357953874036424,0.9549011413475228,-0.0561774908995958,0.307436635849772,5.062539850665141,0.0425195017086874,2.000000116000007,2.9160814515632447,2.000000116000007,0.085120933740295,23.663108774634875,0.9866683305649532,0.53611916599185,2.7449503171804266,0.4400120469565151,0.3944621375661357,0.708054501277725,258.20489795,1.1222905539836712,0.1149882449860369,16.068755332943493,0.2943836120530652,0.2299133227308344,0.7736928803799735,0.6866080322892036,202.2670077658153,0.2201927521299049,0.907790937127114,0.0851742758761387,1.0000000580000037,4.8569672819304825,3.0000001740000104,0.3070046296364453,44.447847243174856,2045.6165803108809,6.097141980317665,45,4.183145856264604,2.616580310880863,1531.582901554404,807624746,2045.625619747124,5.151041666666667,28418.739345720456,3.0221016839378234,7.24029522878729,27.4076540809246,4.0,1.1826140548474493,394804,3.3918813801834777,0.2826655280913378,0.0403903743446782,0,0,171,0.4145077720207253,1.1959883108548468,1.448233535357862,3.5372388367230774,5.677083906718808,22.182180025514807,15.895834938812664,37.20419093343068,320.5396580957494,1.2121568207493472,0.1696371237850758,0.728635142057283,0.1385297658859461,289.1046992342949,1.223908415488724,0.0532401143787708,17.003079110393355,0.0952658958013144,0.076932718726091,0.5983988703935943,0.8960548997565555,0.2381059517894692,0.2745743263598045,233.946266404624,-0.6621174945072394,0.1247704668740266,0.4396425587813974,2.7963861224311843,0.6329798761137516,0.2476186770520209,0.9889749097952988,0.2060277196117717,89.10054181923988,0.679456281479285,0.0468442295088292,9.439308333730809,0.1389619295058823,0.0671841137887816,0.3110679885257141,0.9631661744413128,0.3699745483889293,0.0238018674416066,122.16511608995404,-0.842847879808506,0.1894737485349396,0.2617840083130709,4.167872302612399,2.0066690549995227,0.256476476283827,0.944512112177051,0.2208421075080077,789.7868894987848,2.022908808922563,0.0439064675753921,28.10314732372132,0.1429844556260459,0.0586530907499198,0.9900762570657397,0.9738138941841294,0.4291665033798866,-0.4632830601635362,387.2871276149079,-1.019294166384328,0.212746923394282,0.2287280518475564,4.196679532629975,0.9192864940632676,0.2996797679202673,1.284089437210871,0.2378402828479877,0.2219698299858915,0.4167238572578629,180.34504698,0.9666593480814016,0.0549913848203594,13.429260850098936,0.1596137726319635,0.0807405623317947,0.3779311053771148,1.1247830958251483,177.42229335421064,0.6423254018518607,0.9635875660413632,-0.0348539876621438,0.2736463619064926,4.388359204399067,0.0409455019995695,2.270833562687524,3.23702556769742,2.270833562687524,0.1124075044143967,16.86595119117872,1.210257249844351,0.5879928193006994,2.3868608149886428,0.4844722904756685,0.4316875421629811,0.9105811972013363,349.07269055,1.3448668299926605,0.1205262093055045,18.68348710894195,0.3279731474487325,0.1634297798405254,0.8734386756538827,0.5270291804273002,233.5796492199597,-0.5345663648996051,0.9613293123637812,0.0930996086778339,1.1354167813437617,3.5655408743521155,2.270833562687524,0.3167852468664248,15.88749438439418,2053.816425120773,48.64169693135803,416,32.04191463044648,19.816425120773147,1542.243961352657,873646914,2054.389566940414,41.398058252427184,29557.518738892817,23.81218047933962,64.05777125573779,27.45206967678532,34.5,0.7388491876249526,425140,4.75700756844434,0.130777963323881,-0.1335877881367801,10,26,204,0.4106280193236715,1.3667416011912412,1.221497825099683,212.66552998806665,13.59223300970874,22.917108912352504,20.388349514563107,3209.7821914834576,137.10292592602138,1.7623144005262268,0.5017250835727567,2.511533773174855,0.4043378497746294,694.7466538386722,1.8320109246961784,0.2371624083224552,26.358047231133646,0.2771708546141954,0.3928388143179367,0.8414554784977066,0.6892383047733806,0.6842569456484391,0.3438150026765914,364.79908090892894,-0.4383098130094618,0.3525852026194513,0.8152482027009528,1.921351531409573,2.5461528664816058,0.5025618921915924,2.491003204297495,0.3968340629578149,1393.988246664485,2.5950419529382542,0.2216649600811,37.336152006660846,0.2524734618927578,0.3588339787990646,1.3269246700175654,0.7432041647734218,0.6440391243716479,-1.442817870561584,527.0536433616924,1.9085700998369308,0.3479056835835057,0.7440830747419089,2.0917156180513845,1.476013531046082,0.315942829627413,2.1366874244296565,0.2280961208327135,471.53639392119567,1.5092891021345782,0.1861603722356157,21.71488876142808,0.1644195177303427,0.3110028826320551,0.7405062271723356,0.502475762769159,0.2991386275468028,0.5863959470347001,305.534800926539,1.820945990498256,0.1602883762603586,1.0253978885609978,1.4918293146524804,1.3240693987491734,0.6500386383970495,3.0525727882096003,0.5128649248437466,0.3715035007662569,0.664364822052575,449.94942062,1.4743366978568169,0.2660205087729582,21.212011234675508,0.3543176422149653,0.4499755552410492,0.776440762068659,0.7528294340768111,274.0823655410789,0.2693035535296411,0.7562082722095083,0.0807546005525764,0.7211727413366844,2.077447494290478,0.1471712486050846,1.941747572815534,8.74745068140543,2.912621359223301,0.4438579404876648,108.25769425777814,2.7139399715977137,1.5777164094582188,7.196420487696579,1.375266711724355,1.6531089701935282,2.0388531462696613,2037.42527322,3.137297271561133,0.4523733729721396,45.1378474588676,0.8838237102304369,0.900803072182561,3.241067184559081,0.2482933207901996,561.7855741207268,-0.7275177044253973,0.8369916343931597,1.086328617437872,0.970873786407767,7.590208497624324,1.941747572815534,2.246746679404811,110.89467771253244,2139.4433497536947,151.1306250707253,822,120.53745541022592,101.44334975369476,1606.229064039409,933788997,2144.7484230159857,105.75247524752476,30557.96127034656,82.807272106521,142.87535244622728,27.916436096498423,197.5,0.0245282153799303,434307,-0.062471717377861,0.5519535441979516,0.0074165221066117,37,80,199,0.4729064039408867,0.9647148134295536,1.7316005380330382,3492.279835019168,2.0792080351485214,14.324346320526365,8.316832140594085,22536.679575976017,217.88724658736345,1.1722018107656835,0.468659433662047,2.715172612268882,0.3515235393982204,323.30120456956354,1.2619892120294207,0.2448600423956823,17.980578538232955,0.2521286701324952,0.4523937442267428,0.6040611541502735,0.5336129046177714,0.5388142324459626,0.3357850353837212,237.9569675854338,0.8854474457247861,0.2718599666211567,0.9880971327670134,1.533942058432861,2.476714550737956,0.4687672167917787,1.94706402283635,0.3825998749725052,1289.6133641797542,2.5204712243950964,0.1949397589329916,35.911187173076776,0.2490373893311002,0.3455156134037904,1.2457761725919745,0.7276849685139846,0.6495596767219816,-0.9945601419555462,502.7730537998051,0.2143034930083933,0.3407393160208603,0.7601888984690831,2.08474998505219,1.473417119294399,0.3217544632257955,1.987811921391457,0.2156894187417626,461.6167142986061,1.5079701462768085,0.1886926990543508,21.48526737787096,0.163425084533951,0.3273077570087153,0.7280205634399165,0.4822739416269317,0.2565660371813649,0.5830517603947021,299.103675216763,1.823534559735488,0.1236274295542434,1.04689087811164,1.4640363795314308,1.2899939170439445,0.6015928004258557,3.091223122441917,0.4658427906842752,0.3108339000556961,0.6919661209400739,410.91572142,1.4227492317528068,0.2686525730680407,20.27105624825702,0.3159365371270782,0.4857729044608785,0.5854446789244585,1.074489753355845,261.8687651599207,0.7296563914354439,0.6725194574286711,0.0743647486356652,0.8236473521205753,2.0533689645856072,0.1158902932455823,2.0792080351485214,10.44667145266662,3.118812052722782,0.4282178391838447,177.89041529636012,2.6551488283315314,1.6938047368089628,6.01639463518694,1.5259120067369791,1.589531518975119,1.990381505516947,2010.64535228,3.147166488729704,0.4016387475085131,44.84022025235826,0.9450352577253616,0.7040921722595672,3.1773474154784127,0.4145557927343269,538.9952121513008,-1.1482996675457793,0.913484440091154,1.314348067947573,1.039604017574261,5.0882550093566685,2.0792080351485214,2.822895907882016,69.7587726957912
74,2.910902415938064,0.1124254516166721,0.476216181141476,0.092794938589882,1866.9056791205871,2.9130628048659672,0.0354575304361787,43.20770393252327,0.0630232491314811,0.0529550506360773,1.4493088610111649,0.8890639583659442,0.1732892391945379,-0.3186895402720867,640.398531506374,-0.5905335754257197,0.0851622893417018,0.5193076316555425,3.184437530678104,1.623038095961666,0.1375715674393333,0.6965091352769281,0.1111088621924084,583.6803654281609,1.6288316580076667,0.0396419278391905,24.15947775569996,0.0763319517910897,0.0614696451130672,0.8247595996437173,0.8993754137782215,0.1885986333227165,0.3234106579516975,357.0683811115665,-0.3406422506502653,0.0952123001997511,0.4924641338962658,2.967950915919191,1.5590164971883496,0.20810004103578,0.8000533346816909,0.1830842108357038,544.2010688015164,1.5727813649153763,0.0326987296275689,23.32811755803533,0.1181442964638173,0.0496612781847023,0.7464488448711122,0.9714839148640394,0.3681926417543932,0.0544159967183559,342.9836293814369,-1.3053821547141309,0.1860193844312868,0.2630313622421126,6.417650235666971,1.0165087344239974,0.2360298798391654,1.0807880354310873,0.1850030524448614,0.1622476157356495,0.4884108470010974,239.52431439000003,1.0434303443885986,0.0437592742037296,15.47657308288886,0.1233675451779599,0.0724780044062565,0.3000457532701061,1.3277672534600258,223.63192157327944,1.3276886994919503,0.9527745723039476,-0.2791611608005239,0.3385197196939178,4.186025815145517,0.0282141271034467,2.00000002,3.85266326960097,2.00000002,0.077579518318465,25.65767200169952,0.5518251328087419,0.2390730701251494,1.3752419998116188,0.1864655444330075,0.1560389419045721,0.4148591461884695,79.50956428,0.6011714483935813,0.0517516930688248,8.916813572123171,0.126990627424807,0.0867578793517114,0.304945019606429,1.1419860976183631,121.40152921792324,1.9206890762560431,0.934146484289506,0.014185798684394,2.00000002,4.937789046321135,4.00000004,0.0702442555743657,32.140365365291345,2051.0048780487805,3.2531998741745856,21,2.356787626412849,1.9951219512195169,1535.7756097560975,862359466,2051.00744549195,2.656862745098039,29365.95760400127,1.6841463414634146,3.656849603088408,27.439021697913176,4.0,0.3225544845017027,420456,2.0271119394416863,0.359629328614638,-0.076995337732562,0,0,173,0.4292682926829268,1.1544439645724516,1.428107709325444,0.6178359307634844,3.029412034323553,17.475513926554257,15.147060171617763,10.027229098621593,162.89459668758127,2.0092556946871745,0.1113429111290175,0.509083743690868,0.0985034097044148,830.1362693069038,2.012323337868753,0.0248456418577398,28.81208547305981,0.0618673176177292,0.0416977359338501,1.0201695931452937,0.9296970377010088,0.1830262875841524,0.278966245291348,411.89741741087073,-1.0437636459523647,0.0908450226843329,0.3859229096460191,4.356459679343714,0.4548058630358302,0.1085440810147721,0.5114706753726878,0.0962403552476564,44.80740725037375,0.4675176128174275,0.024932680488095,6.693833524250043,0.060648634726325,0.0418970223965086,0.2467427412567401,0.9254302783198152,0.178901474073718,0.0739030198869395,93.2352019223452,-1.016877580944445,0.0893949288432158,0.3977843605345047,4.187869123894321,1.548949209114863,0.109671818051699,0.5409768194565805,0.082233614303435,494.2986419112517,1.5528080652070169,0.0226044813815321,22.23282802324643,0.057154367799608,0.0297192972160828,0.7672881917395041,0.9629047405177108,0.1090737362620881,-1.1178954940477697,317.5345878685469,1.2336007656101915,0.0595912282889323,0.277992492568928,3.628709530458577,0.9951930937474324,0.2650338128841517,0.9885423943326406,0.2304809332136116,0.2132228641350768,0.4686838192744841,217.36346132,1.029713342350498,0.0373991677389851,14.743251382242656,0.1469004901782065,0.0494496879445452,0.4077673318704647,0.6287304028811376,204.01458421822363,-0.8315065491780591,0.9825800138664,-0.0476338175767997,0.1918975619646643,5.510634580443196,0.0419987807065199,2.0196080228823687,2.451208381348142,2.0196080228823687,0.0853949412825274,7.210097772808543,0.8639574970213375,0.4362150417187686,2.1322963451347694,0.368041390147755,0.3501277684146715,0.666435195960923,191.83447089,0.9673561426798756,0.0840344724957733,13.850432155351688,0.2422219969679001,0.1137032500982747,0.7085196381823184,0.4774480232531321,177.11128688937418,-0.1650122001450542,0.9657925914634478,0.0551209540237832,1.0098040114411844,3.484043978565631,3.029412034323553,0.1773969357114649,12.608548071381934,2045.1914893617025,5.313239634817772,36,3.6663648709823646,2.1914893617022244,1539.398936170213,786373226,2045.1983543193649,4.550802139037433,28042.3470130444,2.666514961884173,6.346079677464448,27.405193001105488,4.0,0.7961583839181245,384496,2.6709395372898754,0.2822552073450072,0.0805843248166855,0,0,166,0.3989361702127659,1.138636585463172,1.3813591779810523,2.815524727855188,3.787234061489362,17.4608286608403,14.202127730585106,28.375083389087862,168.7662198611683,1.240909244582912,0.1671330735723505,0.747722588342207,0.1331685364046989,294.7164394394561,1.2520545656305304,0.0520895795865976,17.167307285636152,0.0931724318739753,0.0785205527526471,0.6208873114390837,0.8892737013068995,0.2076040371242813,-0.0248986893938998,233.29093798158743,-0.4784189076284653,0.10715421891151,0.4427990274401576,2.492368770582244,0.5968950075462655,0.2248897600063936,0.992659237325904,0.1785107432652121,76.43892678344952,0.6376441296539773,0.0465924906529688,8.74293582176202,0.1244644306609415,0.0709013247360366,0.3318928718564874,0.9499678775680418,0.2823202575775053,-0.0209680009982965,112.2162614186979,-0.2621203387607052,0.1362087961114368,0.2977003426464888,3.616617312760065,1.9953717444207129,0.2347279659307458,0.8976514812448493,0.2025728310791528,758.8267586694484,2.0090576263796134,0.0390542414516979,27.5468103175204,0.130595145954705,0.0514181396639918,1.0293113676846062,0.9758999237407534,0.3944647207903902,-0.4665516792953787,375.129887951094,-0.9337973827885606,0.1894250829673995,0.2063212822041644,3.8755168139474967,0.9316162830068836,0.277101055066533,1.284089437210871,0.211995175156865,0.1861208104795952,0.4575008188513453,177.52566697999998,0.9717435169115224,0.0536075845295613,13.323875824248738,0.1473389224671628,0.0795114363125149,0.3387381623387778,1.1674522871403918,175.14386120529414,1.229516780100811,0.9586693005781698,-0.1596120491795776,0.2775287954322556,3.424215161815055,0.041337153104749,1.893617030744681,2.5553719577598626,1.893617030744681,0.0986082506294632,6.790349873160618,1.3052583709820869,0.6111749160011416,2.626028409790006,0.5075127609558078,0.4418341493943536,0.9596373155992896,390.1464935,1.4405718676452988,0.1366241642318997,19.75212630326164,0.3419928788230987,0.1908810815773408,0.8939344686632338,0.4579331945214012,245.3885737446323,-0.7076304116551402,0.9511878253361066,0.0884328764311607,1.893617030744681,3.432988223461813,2.8404255461170216,0.2923388729735874,11.468108958245182,2053.7115384615386,46.94537334797884,416,29.897928994082857,17.5,1545.8125,877744266,2054.245446817208,39.48792270531401,29626.749163551507,22.397342995169083,61.09855821887388,27.451686389366216,32.0,0.7729461946697296,427172,5.655354948324544,0.1495863658639178,-0.1312945638736298,8,25,205,0.4134615384615384,1.3603846099902073,1.231783608094351,137.18392065507413,14.134616162019274,23.4257104397252,19.182693362740444,2226.349959487676,163.6470320509983,1.7861340440400253,0.5012822603691528,2.511533773174855,0.4039328224236856,715.5929314860723,1.854818220781912,0.2697870297932194,26.750568806776283,0.2774247067707754,0.4199571410874913,0.9244601921561024,0.6480681315199007,0.69442541806255,0.2403351371002828,371.5158811603253,-0.4401240492693974,0.3259760107542795,0.8733411883351618,1.8120643651194863,2.502218629815734,0.5304709186553669,2.490084438510312,0.4276711235040861,1360.5580737271482,2.5575661448390097,0.2488484154620118,36.88574350243124,0.2748463416840358,0.382409323328202,1.2775253769915091,0.7397932072114326,0.6835617862102055,-1.1987507462061957,520.4614750016726,0.9831404637145678,0.3966397005115383,0.7508142914765438,2.128346622270451,1.5066302796292672,0.3874999338605728,2.6941932778848146,0.268091582620682,503.2287714347023,1.555432124342322,0.2252085552262083,22.432761119280485,0.1959745238836307,0.3577527448950713,0.743660834020267,0.5722341452133817,0.3668323895827126,0.8993523158148298,313.3790981628876,2.883010940970273,0.1868209201234666,0.960275784061106,1.5872968658072593,1.3389593475189543,0.6752616897054399,3.0525727882096003,0.5351283485873927,0.3961967552339182,0.6374095515747921,467.2924423,1.4988656645238296,0.3224545764798512,21.616948033892296,0.3672451982097036,0.5163330995235113,0.8312737219520483,0.8002494370361177,278.5035442839425,0.2465247368475109,0.7070627693638034,0.0245958049093352,0.7955688261015297,1.963587475722635,0.1408336983390476,2.019230880288468,9.976733209647245,3.0288463204327014,0.4940428861252801,137.68978521164468,2.765356401507948,1.641768739324973,7.196420487696579,1.4447217412324076,1.6338775186746617,2.065838346402729,2148.56552453,3.213976033646761,0.5289898982731028,46.352621549703095,0.9205835072100496,0.99286056338852,3.3393375215610224,0.1940299014890511,575.1941315136531,-0.903598424406456,0.8166419818081997,1.0346693979338302,1.009615440144234,7.47626800220086,2.019230880288468,2.350589916198114,116.05400511269856,2136.990099009901,141.71564234257016,722,114.7417900205862,100.5,1603.4108910891089,926515538,2141.660707058524,105.64179104477611,30438.717745660702,78.2510713757943,139.2291857663264,27.906430101789297,198.25,0.2483303607047529,431672,-0.3463502345636002,0.5146501293996584,0.0400066732652565,32,84,199,0.4504950495049505,0.9978092694106367,1.6841453156364643,3557.285387429052,2.91089126958417,13.371237922485298,6.79207962902973,21749.64317142892,187.3946616817,1.2150611207186175,0.4635451738508682,2.9976130037725617,0.3425494302955851,341.4171522388473,1.3000707372964333,0.2135208048240201,18.47747689049691,0.2475898499369997,0.4336906758373389,0.6013171241398132,0.5610544545670348,0.483331962337472,0.2107886280664413,245.4423463851608,1.3517851985336895,0.2513507654201733,0.9512575166077282,1.6158829496799236,2.541961218354293,0.4514181989352595,1.9997832973844567,0.3607657678890521,1346.195957251004,2.581537608100001,0.1611354871331931,36.69054315829904,0.2336542087067933,0.2936856363272396,1.2822424587050734,0.7828804155185299,0.5561165768356036,-1.1846230463901086,513.4761661075672,0.7231470302028944,0.3010294275746348,0.6630782690140655,2.2657804340959555,1.498400816285017,0.3006608539856471,1.9102413394096,0.1920598426382357,471.7011980342036,1.5281212143393204,0.1558467270772863,21.71868315608024,0.1460196519483703,0.2794430555577096,0.7240178455114973,0.5585962823830851,0.2002224347292134,0.6570514781072341,302.67696488957347,2.7995267966394506,0.1010186843187604,0.9449359931824828,1.471673236174435,1.2735370734404263,0.5610633411962948,3.0522411793607667,0.4370984687822415,0.293105154302918,0.6265780035928987,390.89633548000006,1.391089635380613,0.2234146684184627,19.771098489461835,0.2965962167607598,0.4178847432752646,0.5624538932277667,1.0112400756708595,257.25448883496614,0.8067011797724568,0.7218193578040909,-0.0345635807974552,0.7488827684145714,2.102200818361362,0.1415878384521857,1.94059417972278,9.260147549506788,2.91089126958417,0.4487482674315977,133.4358726257133,2.598260944920429,1.6215935502496164,6.721374535496224,1.4418303673199615,1.500211742534466,1.9780065055121523,1892.23660154,3.060638483783382,0.3321743950542457,43.49984599444003,0.9059786548357568,0.6128672823314091,2.914975518223918,0.4454917021061654,524.8487108739266,-0.9658451003791386,0.928298296927632,1.3479492307339296,0.97029708986139,4.859786868932186,1.94059417972278,2.647675300443473,65.89200745126932
75,2.9195301379239647,0.1059903321431917,0.4687665114013497,0.0904310745019761,1877.664604935405,2.921444696266344,0.0346922947707552,43.33202747316822,0.0598530584085538,0.0528731761059961,1.4586050066287546,0.8748550284315404,0.1636744037606914,-0.1522002403399572,642.2966303432722,-0.9317050997130064,0.0838454903056713,0.5498942113112099,3.049034115816557,1.623334237254922,0.1331314218145076,0.6616503611092679,0.1073810451440452,583.6286407145674,1.628759484329558,0.0385975611901065,24.158407247055163,0.0739199447090842,0.0594519980217464,0.8167613799104384,0.8989402654610047,0.1805140349860579,0.2803835006377535,357.13353219608285,-0.4753553877958403,0.0902747625400059,0.4920169389306641,3.052483678940036,1.578514199862528,0.1987735880334198,0.8000533346816909,0.1733764268991739,556.8284531235098,1.5909237641347498,0.0337809556998551,23.597212825321336,0.1126978656219917,0.050917836374112,0.8024768506202608,0.967106420229256,0.3380946075198143,-0.0706553335983966,347.27312396975617,-1.1997639717640602,0.1737708986569198,0.282310390257965,5.954953959422877,1.0299282824032985,0.2293012849601084,1.0807880354310873,0.1790235406707526,0.1640980993538989,0.5045593089538488,244.88031708,1.055031919120761,0.0464055075048721,15.648652244842046,0.1208183700701853,0.0762727800496663,0.3037916068359446,1.278817616989532,226.58422212872568,1.3489368223396068,0.9443704495021416,-0.2088024554648504,0.3665474473537899,3.846112391022409,0.0223945229672065,2.00000002,3.956777137353981,3.00000003,0.0679205544267347,23.83734667126757,0.5380513461793361,0.252830954339466,1.3752419998116188,0.1961594795899013,0.160812859213122,0.3987181007510013,77.68907988000001,0.5942492585378019,0.0550288013757678,8.814140904251532,0.1342716898136371,0.0906479197718106,0.3093374280096195,1.1721222956975608,118.37129615945396,1.6347192824281644,0.9356863570160896,0.0184627124503316,2.00000002,4.667649437850233,4.00000004,0.0802800657064947,28.66229196058819,2051.2843137254904,7.542820226223797,96,3.560073048827395,1.7156862745096078,1543.4436274509803,858396086,2051.298113629609,4.251231527093596,29298.39732818162,2.581377378537622,10.081197442363738,27.44058032373092,4.0,2.081109614543943,418462,26.6667345786168,0.1045168031360802,0.0038038719639263,0,2,174,0.446078431372549,1.3550509957825854,1.2347011593389463,4.0293765052834845,21.205884240264872,24.39779970281759,22.21568825170605,89.85752503486897,176.90383583442295,1.9878533433896288,0.1087817340397974,0.7062605759635479,0.0881371673376753,808.5206201534895,1.9908129930511853,0.0353546755423412,28.43449700897643,0.0582875096119874,0.0669619115195673,1.0099452126082809,0.8100417620442341,0.1530920011462144,0.3353334963344345,405.5220820514843,0.3690521466669767,0.0766271302321787,0.6270959369351564,2.4630521084326755,0.4357537925873667,0.1046935322770169,0.6212608686941539,0.0863565530661043,40.96082836910155,0.4480941579158792,0.0324810213739346,6.400064716008858,0.0575217180457471,0.0559479945177569,0.2224636356533848,0.8567500010818648,0.151963367024769,0.4587429589482939,88.89377368782282,-0.2384146414621475,0.0772310022752913,0.5458810910487825,2.7774140060406425,1.5518350785352375,0.114748265100566,0.7663087291665505,0.0855257237001724,493.94412500013175,1.5560510050743204,0.0321272061438489,22.22485376780085,0.0601960552093075,0.0792676963387951,0.7880424940004077,0.7602234117553157,0.1282302251288385,-0.6931851763791094,316.57435602118846,1.5989533843509958,0.061803408776571,0.7003691194845635,2.3969845388776334,1.0207280172522812,0.2698146894490986,1.049641618145725,0.2353393608624532,0.2254544002968448,0.4804585373254267,227.32307301,1.0556177287563455,0.0498196284254294,15.077236915628804,0.1522763933449885,0.1037858493477636,0.4546954455777741,0.395554439263227,208.22851551946536,-0.9809280558813248,0.924982463460989,-0.2334549719303369,0.3900487288802461,4.294516731018493,0.0361500111954784,2.0196080228823687,4.629606835074413,2.0196080228823687,0.0751245656565708,80.41152105949837,1.0165551732929847,0.4943861888627371,2.2459643612518883,0.4139313607123465,0.3810523355262275,0.7257319731601388,260.42721561,1.1298690181114956,0.1111328890658258,16.137757452942463,0.276069952980836,0.1934307895467559,0.7688441846330067,0.5403147692255666,207.3772553517689,-0.376289521856191,0.9232454091196912,0.0441363609508121,3.029412034323553,5.354654684681506,4.0392160457647375,0.2448539987727532,50.97477630384304,2045.256544502617,5.013890872456624,36,3.4400921027384044,2.256544502617772,1536.612565445026,798971974,2045.262658025648,4.289473684210527,28266.092301554527,2.471507302287132,6.066734142674684,27.40557596653732,4.0,1.0924961849381074,390644,3.2751579179630266,0.2675377173388046,0.0757605532130814,0,0,169,0.3769633507853403,1.1691366062858723,1.378400999329442,2.654458786257018,3.7473684397894735,17.687937417232252,14.989473759157894,24.99039953641953,167.495839002708,1.1966655772991603,0.1703970640734825,0.747722588342207,0.1381487588149532,279.0303045380358,1.2086735071126524,0.0461358656887497,16.704200206476088,0.0951633244087989,0.069106314782484,0.6312676104667811,0.9173620879991666,0.2360981408030087,0.2161540311074751,228.56312526413964,-0.4297450350749767,0.117060658066733,0.3908148749037858,2.746741671048812,0.6337576434158319,0.2302590350429388,0.992659237325904,0.188036383149213,86.78856377389783,0.6740848509281113,0.0411036789459167,9.31603798692866,0.1283091979040519,0.0630333418918398,0.2982717830982994,0.9624787629035084,0.3661544001575734,-0.2131303175768865,121.04770989242388,-0.4519104771271847,0.1842496295586714,0.2631986328000187,3.963586168977731,2.0089340438072245,0.2205267013420272,0.8976514812448493,0.1849500010563192,780.0809394831319,2.020938742375742,0.0358930294002556,27.929929099142587,0.1220809250172084,0.0472469749099514,1.0086008598288627,0.9770489943099856,0.3252931928558968,-0.5377959373066183,383.7064023671799,-0.5785984370687407,0.1685710109985718,0.2057253925579446,4.099225090024738,0.957191982885701,0.2865713190259693,1.284089437210871,0.2295291427813723,0.2046409214951797,0.4842331713912974,190.60074296,0.9989542777350902,0.0511894772704812,13.80582279185127,0.1568682749974042,0.0774518263669566,0.4226411701381625,0.8410745319947271,182.82366873116888,0.4072716809127734,0.9634160094245484,-0.1761659689157164,0.2636920382701698,3.598323512963033,0.0384449715027445,1.8736842198947368,2.457691838020745,1.8736842198947368,0.0946821875591275,7.267274816078546,1.2066529436834972,0.5310107451013673,2.7752913432680586,0.4325671606128799,0.390116062779241,0.9541650107043752,331.67292152999994,1.3177660803668627,0.1356715621810266,18.21188956506161,0.2951612335675879,0.1967934836674491,0.7654023562414203,0.4414038554209452,230.47071224354795,-0.242868722926,0.9312831082527222,0.0883510732895647,1.8736842198947368,3.306884812069799,1.8736842198947368,0.2833516641211035,13.0049008556164,2053.937198067633,48.79341151882132,386,30.729118532521177,17.062801932367165,1542.87922705314,873752653,2054.5138863436146,39.39320388349515,29559.3073836313,22.902654659725155,65.74321183903797,27.45270508225731,32.0,-0.123831789837273,425165,4.5161007702199605,0.0892138939181742,-0.1120486685612194,10,25,205,0.4057971014492754,1.39035114176274,1.2511122354292137,125.87110799036368,13.252427913349557,24.8193191748762,21.407768167718512,2151.138209746264,192.5129947679919,1.7461095149579513,0.4818456609601538,2.5356175535743444,0.3924150668736734,678.9500763560675,1.8110637922754536,0.2318127691615525,26.0566704771747,0.2649262162446207,0.3733417101524993,0.8800359857978864,0.6978664988394795,0.70354627704317,0.369445814919512,361.4446695962959,-0.3872180173986921,0.3496917642010719,0.799203246988503,1.9074887308639727,2.5120686920236523,0.5559595965040095,2.9676262854472104,0.424986916979634,1369.944007509852,2.572564283511924,0.2187985056161177,37.01275465984465,0.2738216924552014,0.3925716088994559,1.302341468313832,0.7502251550576073,0.659650187676565,-1.6045001690468126,519.998219248896,2.649985047278192,0.3855556218250036,0.7282409149244817,2.121208523680466,1.5086196911423613,0.378467255786833,2.6941932778848146,0.2573628833287804,500.625125630792,1.5551459313458669,0.1992462014949501,22.37465364270008,0.1871419800736997,0.3308100790085495,0.7573708245577829,0.6170361124249241,0.3537693491075213,1.0919520205893272,312.2842760664688,3.430566948814943,0.1815307957616236,0.902423115389243,1.6510077763586133,1.3013251518450124,0.6257469655149478,3.058531406766855,0.488111754713068,0.3487592538620959,0.6582539637537999,431.20476878,1.4432999774905266,0.2797482098791571,20.76547058893681,0.3354245511466834,0.4676856842530793,0.6974040964674071,0.93289494087982,269.37430643191755,0.668419095602109,0.7197628080093194,-0.0243879620716819,0.7704735866955192,1.9604976012099475,0.1027311675157753,2.038835063592239,10.896581112572704,6.116505190776717,0.3964782055059122,142.93384603886153,2.6560312962703803,1.5508575894838406,7.077231843740811,1.366387494186723,1.514257321264819,2.027337180195921,1955.74477323,3.0737668068273534,0.4311001095336862,44.2238032424847,0.8735513539606679,0.8419078959634628,3.0102424043094,0.1942756854777259,549.7984783279687,-0.96758566065651,0.8499967710492039,1.0073000310726223,1.0194175317961196,6.632483659601675,1.0194175317961196,2.041768838903351,122.29401606293352,2135.5714285714284,146.2154201191596,754,116.74736101337086,99.57142857142844,1604.2610837438424,930133609,2140.5464163598817,116.65841584158416,30498.091891133125,80.70996927278934,149.84399478216412,27.89644095865324,201.0,0.0978538167318431,433521,-0.2600465279378956,0.4747706728669891,0.0227093802717907,39,91,201,0.4433497536945813,1.0456611155214568,1.6058571920424116,3834.4794538281294,2.91089126958417,13.311040833195111,6.79207962902973,22833.33943619136,181.09178858283536,1.1710009201174725,0.4882258699315212,2.9976130037725617,0.3626476602305276,326.5119894621603,1.2682402949072409,0.2565966555997632,18.069642759671822,0.2628753689701875,0.468078252593824,0.6001751664556736,0.5374865941089586,0.5279569563192466,0.3930858085136748,237.7131867838469,1.1327324009857382,0.271735269878552,0.97529159259925,1.5811915232030214,2.4476719286596067,0.4501082880637447,1.9997832973844567,0.3727577642353171,1257.1175568193948,2.4885130749573072,0.1969375715991457,35.45585363264287,0.2417206064954296,0.3353121905210139,1.2590784400627624,0.7219077633779428,0.6148350558150182,-0.8737488561475669,496.8774015179001,0.0647202714085426,0.3342142863845034,0.7605641090481521,2.1412381511487166,1.4945700134746225,0.3641006677554331,1.9803256052574785,0.2516171101076116,480.2281214555494,1.5380688445960384,0.2105435890285883,21.914107817922897,0.1880700641585043,0.3413622354734369,0.7629561729673993,0.5597934335632457,0.2830630217354526,0.3795494916089817,303.3977127353484,1.1996985560915907,0.152454195656557,0.9543238101785392,1.4907805592092525,1.324846520707741,0.6245907915572741,3.0522411793607667,0.5047208835445789,0.3781562420615978,0.6347186146063619,435.11227429,1.4640390084206567,0.2797898615738001,20.859345011049605,0.3365009160928425,0.4758223715628779,0.7643115193807768,0.8732115382852083,268.94384370367135,0.2107390323259061,0.7083412110157027,-0.0668631822571195,0.7677500770048895,2.011062665779121,0.1147163523658855,1.94059417972278,8.8650432221904,3.88118835944556,0.4482916930782162,112.86047729145504,2.797422746151244,1.6262853568443951,6.721374535496224,1.4284861141168963,1.6117144948518067,2.0416533458568864,2122.8419467000003,3.2337825361537544,0.4059575894236198,46.07430896606047,0.915335597586479,0.680851594918399,3.075662837713987,0.2954619426158526,567.8768174687025,-1.0464655939748162,0.9120942120025368,1.112702131757749,0.97029708986139,4.613946193743297,1.94059417972278,2.528822895534617,56.51257314972629
76,2.917166577571896,0.1109889237148724,0.4687665114013497,0.0958913099339685,1874.8671456065936,2.9192676117685545,0.0304002238122846,43.29973609165064,0.0628221172716892,0.0474671020379935,1.476239506541785,0.9083615676233132,0.1770302414381332,-0.0983000937145962,641.7766470658171,-1.0697398150923465,0.0909639053922191,0.4714797149015634,3.303558170894902,1.644024249267913,0.1316377604460014,0.6616503611092679,0.1058813458787043,598.4144025743808,1.6492620974991166,0.0334278427113715,24.462510144594336,0.0728159454814979,0.0517320872508607,0.8339327619418047,0.9227267344042148,0.1750017371939176,0.256743276416018,361.6853348389408,-0.4767539778728267,0.0878473278466945,0.4332637308064138,3.346701238039312,1.5596969488617354,0.1981758711634716,0.7871052433374637,0.1742774091050699,543.7849409280902,1.5721799297444676,0.0292676929872269,23.31919683282617,0.1123087684570589,0.0442276145246009,0.7874998891940902,0.9749623506242278,0.3347056178098684,0.0827378855910813,343.1333287495818,-1.2422911506638554,0.1716492331713948,0.2456920300987094,6.718594502244817,1.0262016521930148,0.2162887783795789,1.0321504084151103,0.1764653430030341,0.1709965539855731,0.5101168016728904,241.92476582,1.0486458060062729,0.0398421824453945,15.553930880005865,0.1173697139467509,0.0648530378600301,0.3252349355899434,0.9412655384453732,225.76436348246327,0.4644114958223664,0.954170925092135,-0.1711315382234393,0.3297789020756813,3.967359387936385,0.0166039369606689,2.00000002,3.695545443277945,2.00000002,0.0457041456852897,20.3647261939818,0.5668552681210529,0.2453398510532692,1.3752419998116188,0.1945840547739439,0.1667373993965385,0.4166047063665752,83.87344661000002,0.6174487340147065,0.0502690155419762,9.158244734117996,0.1334486315929304,0.085192086766737,0.3329634506623045,0.8460710128159452,124.70815898663164,1.1544473492759164,0.9385487195790204,0.0166260809642583,2.00000002,3.34261389960142,2.00000002,0.0476617158845261,13.5458410685362,2051.3399014778324,7.514852224138615,96,3.5084568904850744,2.339901477832427,1541.064039408867,854234472,2051.3535985311983,4.1138613861386135,29227.289850412064,2.535726479051846,10.065872151891153,27.44090386635144,4.0,2.09815842475907,416422,27.18768066792805,0.0984285441749393,-0.0016986744338023,0,2,171,0.4187192118226601,1.3571759286782008,1.2357644248313937,3.902541441472045,20.19802097346541,24.64196382365981,23.227724119485227,87.00907108963789,171.8719178017381,2.003839828240041,0.1174637712503576,0.7062605759635479,0.0998064291389868,817.9080766063228,2.0072627694566822,0.0308462331554512,28.599092233956007,0.0646854104025894,0.0588783932297435,0.9987076089592216,0.8732707463309873,0.179369266638582,0.0677370894591352,406.7794851327283,-0.3631682368877533,0.0908471993116877,0.5079373091196703,2.7956824715070865,0.4503155066350459,0.1123828339041896,0.5491581581948359,0.0964285704150604,43.71640334372356,0.4640600614246777,0.0277246015650537,6.611838121409473,0.0633611233317971,0.0456815371150934,0.2195244024634698,0.9165504267584736,0.1779041296781472,0.157840951317172,91.41404784691431,-0.8656884139986434,0.0887040725133274,0.4121274802055504,3.122981802142328,1.559389172600197,0.1115548964240521,0.7663087291665505,0.0834282621786324,496.14779007248205,1.5633546570142955,0.030668152410329,22.274375189272583,0.0579876776551165,0.0788023789607246,0.7839178773812303,0.7504235915696182,0.1260119109961031,-0.8018296319563066,316.55600203784,2.105114718394455,0.0615858054686804,0.715715469486208,2.3585266834178533,1.0268326568919717,0.2781258662663603,1.049641618145725,0.242682379875627,0.2317028184378986,0.501248378972742,229.66572446000004,1.0636532557988194,0.0500334370478015,15.154726142692256,0.1574775200188234,0.1041932330377369,0.458684722639426,0.3315277440518853,208.4470293490702,-1.0669364233082084,0.9291311625258843,-0.2549354665995751,0.3793173267527958,4.368674787218374,0.0360395149738511,2.0198020973465414,4.060917581406485,2.0198020973465414,0.0818684763693005,70.92483122970393,0.9857342616981506,0.4704501540752471,2.2459643612518883,0.3755497646274245,0.3562197344630755,0.7668821847829782,241.95673923,1.0917440722804983,0.1051673062519226,15.5549586701476,0.2606080745283198,0.1876658819535876,0.7139995563778274,0.6491157818592448,200.10405512472457,-0.0173263732822093,0.9193330865348912,0.043669740139186,3.029703146019812,5.142962580977613,3.029703146019812,0.2083614134051371,54.693790562988646,2045.0773195876288,4.7310243861022485,36,3.190827930704636,2.0773195876288355,1533.8041237113405,811378521,2045.0827636820168,4.05699481865285,28484.70679153992,2.2981678329149084,5.731921342777895,27.40453685446745,4.0,1.2139912214454396,396745,4.345814173123019,0.2655935503012403,0.0511175824448582,0,0,174,0.3659793814432989,1.188698827069912,1.3680770797100448,1.658396150472453,17.35051563742268,21.46695736025568,17.35051563742268,21.25155925993159,208.66507372079363,1.2204840991517143,0.1700624406358759,0.747722588342207,0.1426932351682722,294.56059674574226,1.2322149128593187,0.0427294165433637,17.162767747241183,0.095533840543806,0.064188314125181,0.5990966894280552,0.928220700305453,0.2629525890477673,0.0442976538868907,236.77391523543253,-0.6855934467392548,0.1373857970430831,0.3701142844336467,3.0043196861604216,0.6229426524397986,0.2146685288165329,0.960606220843806,0.1763864198259825,84.17710176837514,0.6587128254671556,0.0380867802646479,9.17480799626756,0.1194139206631816,0.0576099416044066,0.3148873725137137,0.963595871318738,0.3234838267110729,-0.310592436429198,120.85087457332094,-0.3962502032975736,0.1621459751725453,0.2631801618743927,4.051685232212054,2.025655634170569,0.1949819641997637,0.8198252308085772,0.1645046289146448,803.3739326680094,2.0349699618695576,0.0340696841809356,28.34385176132576,0.1089237865326955,0.0440557211705153,1.0073547798733704,0.9743480742308908,0.3021135108111656,-0.3499397673599319,392.9771930290904,-0.6503477828697579,0.1526431259148075,0.2208489531025377,3.868530351809964,0.967200726975568,0.2878272137947063,1.284089437210871,0.2308084885259856,0.1905388993375469,0.4886542011646194,197.47157524,1.0089076854360657,0.0512578274693621,14.052457978588656,0.157859377280055,0.07657339492477,0.3817586282514889,0.8126387865640304,187.6369410332602,0.3215921279791787,0.9645104409314116,-0.202539283362086,0.2615843273894159,3.5826781910229646,0.0222945266809263,2.041237133814433,2.806539590791836,2.041237133814433,0.0591530762112953,13.832936882904056,1.2959575812742934,0.5462103888831568,2.7752913432680586,0.4390215591453159,0.3798916563053996,0.9435646675589724,383.40491144,1.4058143463824964,0.133089411101955,19.58072806205121,0.3032337776685777,0.1920246269313862,0.7139215049374739,0.3531032395099917,251.4157707672129,-0.3166111087712688,0.9380238634386738,0.1052259169491535,2.041237133814433,3.756437285037301,2.041237133814433,0.2991488173712915,16.632801525747002,2053.712195121951,48.812868939239664,385,30.580273646638883,16.712195121951027,1537.3439024390243,865121495,2054.289379240066,38.40686274509804,29412.947744148325,22.96305595408895,66.35905748128074,27.451384956438503,32.0,-0.3309958716691272,421011,4.3055806785506725,0.0492540933181956,-0.1734660232570968,14,22,203,0.4390243902439024,1.3942808335923886,1.2015272085578137,116.62083519956025,36.35294441188264,26.20431069680512,24.235296274588425,2098.00671580794,190.29033847354896,1.7742448508370987,0.5021788546072476,2.5356175535743444,0.4072010932948444,696.7741369089897,1.8436101075944284,0.2730535535968986,26.39647963098469,0.2763886655301865,0.4348952780964826,0.8715546184195123,0.6236413507122922,0.6818005877234921,0.0996142577739877,363.7201944216053,-0.2271601585666127,0.3365444158237487,0.8896462030778188,1.7430501241883078,2.471305625401641,0.5627428950532113,2.9676262854472104,0.4398331697199501,1316.6096877493735,2.5342624729305885,0.2422865105924318,36.2851166147964,0.2862523752861329,0.4069730413430893,1.236237571028078,0.7378946265956512,0.7178838769677229,-1.3834485276911548,506.6176532073364,2.022117967355056,0.4094532309947132,0.7430494711474541,2.0690081801933293,1.508405314304016,0.4018381570876476,2.6941932778848146,0.2830459229246164,499.374427921508,1.5607603336609075,0.2384006602876314,22.34668718001637,0.2062207754685592,0.3691694489567815,0.760247224682771,0.5775263791685845,0.376922305483135,0.7662598297233936,309.22308943232326,2.301672521708873,0.2006241389422212,0.944831590345605,1.5806817963627209,1.382014867040592,0.6852772016839532,3.0787400979916697,0.5648866130674628,0.444536429955237,0.581486919057155,487.34223201,1.541842787231106,0.3397817817707204,22.075829135278248,0.3759430798201264,0.5293497919231448,0.8884837651591161,0.7204487174948097,283.31304774332136,-0.0218767193396671,0.7003644361696925,-0.0298660201099762,0.7943094873479879,1.935563433132829,0.1406318386437152,2.0196080228823687,9.504293321877167,3.029412034323553,0.472829138105979,126.73425711500964,2.910098958100169,1.5606357200990038,7.1481200617396325,1.3574748818763362,1.4791324666483598,2.105763366823137,2232.93767449,3.300360419704372,0.4673852296465078,47.25396993364684,0.8756782687743475,0.8697127107588096,3.001339649265793,-0.133639540283469,596.5702864105348,-0.9945873469883612,0.8439633055957166,0.8574054164613248,1.0098040114411844,5.571858755966501,1.0098040114411844,1.8411471917414293,94.93035486027868,2124.629268292683,131.1145253090252,754,103.54831647828672,88.62926829268281,1592.5463414634146,928887121,2128.6513777048785,117.12254901960785,30477.64953207514,72.17329029172645,150.07917844898262,27.839669700019684,173.0,0.1858023393590932,435549,-0.1028806526595587,0.3430929240689347,0.0882340498922783,38,91,204,0.4682926829268293,1.1754386485049404,1.4320976183691194,2228.745799555048,2.039215816784322,16.685988788749828,11.21568699231377,18735.66186849347,223.7065527398981,1.234449265549188,0.4576414188188172,2.9976130037725617,0.341726139398521,355.11719910563465,1.3161607120817298,0.2243026813123929,18.8445535661006,0.2453319696630171,0.4121674411844322,0.5735067307133238,0.5880756859137103,0.4961030447855982,-0.0712977616328847,253.0620994375836,1.0363544060752343,0.2515836369476023,0.9293080968361134,1.69443855796097,2.528912686364916,0.4656268297602801,2.000626627153968,0.3798290905132165,1355.2857742246626,2.571215688768464,0.184761594719512,36.814206146875726,0.2450153449763898,0.3376343229868002,1.2095354939176812,0.7366491590736925,0.6211299498100993,-1.0699590159430517,518.4271007048078,0.4483114086705084,0.3182621375938028,0.7458705652885653,2.218316247143173,1.512703217121549,0.3642114434464932,2.281140140073397,0.2378996757660504,496.1561547430517,1.555722959133747,0.1976249587176493,22.27456295290778,0.1805018290919502,0.3486402836227976,0.7475268043603817,0.5403594220124533,0.2432489817832874,0.1755866884649004,310.1041595099176,1.9766106183262304,0.1193305346876425,0.9814415891330872,1.486466845808708,1.2958849547895637,0.5703795340314746,2.7433385205834777,0.4480509409662565,0.3049428623100769,0.6458442302811647,410.62804611,1.415296308043293,0.2259490637060629,20.26395929007952,0.301221698205586,0.3953627543559939,0.6087142298526964,1.000714381473457,265.65641573186053,0.6182577310019028,0.7537855927925158,0.0195684757774274,0.7106754769819501,2.120354594202499,0.0600434339528977,2.039215816784322,8.836091236941218,5.098039541960805,0.2747313901554899,111.3879432657044,2.4842690534491987,1.5138641492643683,6.721374535496224,1.31214290929305,1.3328622530523973,1.956326060997846,1732.7005807700002,2.9072664059173543,0.3585998547913495,41.62572018319924,0.8419128653318664,0.634051193226537,2.602043703534392,0.5820062047794716,509.2751559570857,-0.534591734398218,0.9115144236330832,0.8566733046259487,1.019607908392161,3.2083093748681826,1.019607908392161,1.8136468440991784,36.47708904850388
77,2.899783702191706,0.1342590690535589,0.6858630596607416,0.1076243970747136,1853.8715982687256,2.902876002008984,0.0307114264105281,43.056609228650665,0.0722567469143644,0.0453990955505522,1.4890104847383712,0.9425262805911282,0.1892826846582926,-0.822229096845948,637.9524144821753,0.8993510223016505,0.0979385738252525,0.3726230526213731,3.7451897203328777,1.6184959956342593,0.137049207180241,0.7713270979850209,0.1053351604962988,580.4098075908415,1.6242618009853549,0.0348578506416428,24.09169582222973,0.073878976350291,0.0547656017662691,0.8352789064061824,0.9198113299773264,0.1560722604535092,0.2174612599528814,356.06911903953704,0.3823332792273013,0.0810243050312702,0.4405276408066327,2.7999563576846604,1.6014095382722375,0.2312320636553048,1.0957651862371676,0.1912177885757512,575.9023025696879,1.6179424399381848,0.0308920212904904,23.99796455055486,0.1276695657414183,0.0447580946783966,0.814274995608357,0.981199729775201,0.3782370938943662,-0.5191385868592677,352.31009841989226,-0.2510768823839142,0.1897693301194466,0.2133165055286839,6.912154167505118,1.0663176891407709,0.2348009448574859,1.133870129787976,0.189475898965239,0.1552187611366261,0.5109626366868513,262.22114605,1.0917482769518223,0.0415370256185809,16.193243839638804,0.1276694516172568,0.0693940228288414,0.3149065771432757,0.912781297671326,234.5898916109696,0.7313238393010755,0.9562068565866352,-0.0462669138444077,0.3258320101119706,3.539737862814373,0.0192021966046458,2.00000002,3.0157365426221627,2.00000002,0.0429435798662252,14.645014043450312,0.6674076981578302,0.3004539250549803,1.4984230017328537,0.2347361569283609,0.1773046263805928,0.4880608777218471,117.7649587,0.731638754316761,0.0508653440724259,10.851956445729035,0.1636824025181374,0.0734021033079371,0.3314766024148029,0.785786434867507,146.82969359472264,0.3792260097416173,0.969772560125674,0.0260967579769067,2.00000002,2.9529369138476635,2.00000002,0.0650749925730505,9.014767295801104,2051.1871921182264,9.913708555545394,113,4.557499575335449,2.1871921182264487,1541.0098522167489,854115739,2051.2110312157743,5.405940594059406,29225.258578838955,3.4393015656245427,12.371717986625546,27.43995796735597,4.0,1.470621235742284,416391,18.80091905814196,0.2212962660489666,-0.0252454195439462,0,2,180,0.3793103448275862,1.2683874368041204,1.263184901982538,4.92918869963684,20.19802097346541,23.3324820861892,21.207922022138685,111.55760381226652,164.71444356754662,1.961630319706124,0.1152445479490335,0.7464817969334228,0.0894119951657611,783.8255065497005,1.964996028461749,0.0425243875226467,27.996883872133,0.0616632594552829,0.0806836500879724,0.9990931644455868,0.7542959744995323,0.1425842279783484,0.236749133286421,398.2109549003432,0.8938538686171347,0.0714990261466728,0.7125010261845408,2.0408660390343605,0.4111849784706773,0.1064883855913257,0.5997404445715064,0.0836163308093153,36.61247136924713,0.4246845909836515,0.0345484109321914,6.050824023986083,0.0578953645491461,0.0561290976526897,0.2148648120694783,0.8607538152256922,0.1261000690832699,0.6682842342225216,83.47055062954749,0.6001086323754823,0.0644128135878971,0.5360109333788978,2.4213555883370703,1.5712967796953043,0.1142993757049124,0.7663087291665505,0.0901325954070895,503.8406328376889,1.5754280563633467,0.0374564011837849,22.44639465120599,0.0611208223900838,0.0930385109741437,0.7893001826082309,0.6681161571689181,0.1479422776469212,-0.5356352726837466,318.9732462781468,1.2788727642156537,0.0727543862527471,0.8268548843316242,2.030630418307736,1.055043623196513,0.278240523487421,1.0775181948184418,0.2359859902432462,0.224781528923885,0.5235604942302113,241.60115387,1.0909415508357454,0.0592743792002874,15.543524499610765,0.157851770205486,0.1131810277053508,0.4617326741263086,0.2233924592747484,214.17385550889216,-0.9499621774802915,0.9172570455789162,-0.2042255757739289,0.4127652056552218,3.944678150242421,0.0391354563619649,2.0198020973465414,4.191392859799542,2.0198020973465414,0.0837139117333724,74.42115576513669,1.1599736040480966,0.619428576325518,3.4540331327326728,0.4608356956868614,0.3427874991735704,0.8614850572144662,350.65010446,1.314283232815177,0.1567853963841666,18.72565364573424,0.3249936095887845,0.2624902982384356,0.6668354408472466,1.262530270554742,235.4746416217636,2.776170138066185,0.9099442990237454,0.0559427788993386,3.029703146019812,5.508099424829734,3.029703146019812,0.2496199980317308,55.88194455273387,2044.9082125603863,4.278675980811525,33,2.912600060678196,1.9082125603865727,1536.1400966183576,865605238,2044.9126671878,3.728155339805826,29421.169895162224,2.13151353126026,5.270360426870843,27.403558410290564,4.0,0.7096098577563981,423296,3.728170545101145,0.2398298795400897,-0.0159137197211016,0,0,189,0.4975845410628019,1.3426990150603155,1.3035309731706732,0.8454578937962717,12.495145756019417,19.36869354483013,15.378640930485435,14.062007633403669,154.49155987217583,1.194848544487263,0.1927629912666614,1.0139027612213265,0.1579671209389488,303.1807097477361,1.2102235784731863,0.0427867801315308,17.412085163694098,0.1066629638276714,0.0652470824507263,0.6112875204900468,0.9423886715774864,0.2689124019503903,0.3661395993002337,247.33364870886345,0.1636917630176384,0.139420154800534,0.3688115672271619,2.95544009081226,0.6330910499565752,0.2423400105448212,1.0700346112983576,0.199488008929228,95.06459367620754,0.6776793082370132,0.0383924356991762,9.750107367419476,0.1356902273059423,0.057040156362174,0.2801437917534066,0.972127030356308,0.3706070142685371,-0.197118373715141,131.04984734101106,-0.5453924407587047,0.1895261323325939,0.2554831670264062,4.3924298761965135,2.007938098815595,0.2053324513417075,0.8848301520903585,0.1694899717586703,843.2710412040062,2.018359023046463,0.0358366118751529,29.03912948426668,0.1146627433912061,0.0442007766838925,0.9788942202452656,0.9766568580271694,0.313766690773849,-0.3050212907467136,415.64318645482814,-0.4989070020940116,0.1564403468216548,0.2346665020144876,4.0370971519929695,0.94913341388342,0.3062815614689831,1.3820242450414697,0.2446416859806033,0.1982337548990931,0.5014034349769133,205.80135648,0.9971005223116688,0.0473512501829913,14.345778350441638,0.1671141643294665,0.0722130022116824,0.4191709610146074,0.8819267444960801,196.470616673868,0.4417874263407779,0.9719579038604196,-0.1570350858306792,0.2514376696601415,4.627610853476334,0.0314721202393641,1.92233011631068,2.2976964244953537,1.92233011631068,0.0665469559131526,7.793053041411256,1.2056760047077828,0.5101057832710741,2.7752913432680586,0.3985495495881607,0.3174379622889727,0.9028830888713828,354.50933754999994,1.3086655399339542,0.1330520724873256,18.82841834966496,0.2779699294330472,0.1989376454768778,0.6326503485867432,0.612070885997468,249.57493297451103,0.2880683160024522,0.9236470796454724,0.0517922262255505,1.92233011631068,4.387800112805269,2.88349517446602,0.2014856989833814,21.027474964725823,2052.4950980392155,49.95608885101828,385,30.969963475586283,17.495098039215463,1544.674019607843,859904779,2053.0999744050364,42.467980295566505,29324.133047713447,23.3886313145948,72.07710020793176,27.44415359810673,31.5,-0.32928177777291,418709,4.4010132376534425,-0.0420039616853064,-0.1491993757959681,16,26,202,0.4166666666666667,1.472355717552561,1.1969729744008382,117.95782049311012,36.35294441188264,26.85033356499009,27.264708308911977,2077.020325199533,186.0423994476409,1.7322779973035392,0.4935171920980112,2.78409341796398,0.386441449918219,661.60308166411,1.8008754429717173,0.2420812507684816,25.72164616940584,0.2673963948300263,0.4235752240945659,0.8940698550136492,0.6285463971956585,0.6150735495756974,0.2322210717370956,353.384711449922,0.0669217801717105,0.2951773913217466,0.8769024421575284,1.7160843750485677,2.4902362381273067,0.5620871394954838,2.948430796591187,0.445126748878279,1329.1966267576197,2.5525809955823027,0.1967317853812279,36.45814897601934,0.2849455989373341,0.3527504284075721,1.251288573470959,0.8009549890003052,0.7265302563139131,-1.3606640024765568,508.0081925779706,1.7459889670702435,0.419372174509385,0.6412504056403231,2.348329939205554,1.508555628687686,0.4217344213633467,2.6941932778848146,0.2898461102422653,500.3565415074646,1.5661188156217376,0.2056536556793849,22.36865086471387,0.2118433076659938,0.3306831873344733,0.7717676306567128,0.6913655471212751,0.3530329174213698,1.1043830750359138,307.74534825228795,2.6075007355137383,0.1858077373067358,0.8018852526186815,1.6712332877114486,1.417883197815612,0.6633185270474146,3.0787400979916697,0.5421040967710539,0.4133830200616442,0.6838505132765417,499.4383916500001,1.5646812487049944,0.3095849849444436,22.348118302219543,0.3556895540822976,0.4936283896993411,0.8341625891578279,0.8882154551101428,289.24817235438485,0.1268284229271659,0.7217519840564993,0.0276713505247845,0.7613528402674558,1.94989047094605,0.1187775930420145,2.0196080228823687,6.952245321720956,2.0196080228823687,0.3468065804614493,92.56515850523908,2.653915326253537,1.561035326407992,5.593995139003574,1.3743216695181049,1.4424573211386829,2.0849503521689075,1931.50312995,3.077036333518686,0.391451549682323,43.948869495699206,0.8869305526366001,0.692700162573148,2.9087934340268573,0.140097954936038,541.3987265557216,-1.257784399772463,0.901265651192526,1.1098695725799874,1.0098040114411844,2.6073390973397594,1.0098040114411844,2.000586301929601,30.755477337346218,2136.225490196078,151.11193168897452,858,119.07112648981158,102.77450980392176,1601.5686274509803,935581174,2141.537350944456,124.14778325123152,30587.27143764216,82.52226407804501,158.31032068525406,27.89813800725653,204.25,0.052142660700609,435790,0.0473957215792641,0.4502596493542485,0.1160601570101202,41,93,203,0.4215686274509804,1.0740097659096135,1.557576748434796,4117.936636063775,2.039215816784322,14.064649046352695,6.117647450352965,25925.25854988776,212.7105867803037,1.2088178168677706,0.4575621152611628,2.9883039662973605,0.3570599019464446,340.5937720653212,1.292121245876598,0.2301997505555668,18.45518279685469,0.2502766504166051,0.4073401176917405,0.609825713223294,0.602895433464453,0.6185110653448819,0.1816268770880341,246.5988346410252,0.7318500483826611,0.3146319632842431,0.917048611928966,1.7163463037324496,2.453897349174277,0.4673980579974606,2.3563308567732766,0.3877496939504992,1272.7564606158662,2.497799483129283,0.2096355365094777,35.67571247523819,0.2517783725497811,0.3714448266640299,1.267758163371652,0.6832791047073813,0.659652539693206,-0.8023483747773207,500.5950592315526,0.2949752055172854,0.3538732678478296,0.8165041582709601,2.12195767447732,1.4974936487661552,0.4376405193660032,2.689913821376344,0.2888735172646769,496.34782704213615,1.5598325498398484,0.2441790983868509,22.27886503038555,0.2218418454354026,0.430527501655394,0.7720939357415768,0.5159053176780165,0.2871497580222923,0.3124271798441374,305.48870434829564,1.5047603220995334,0.1555445651480411,1.010021683081427,1.4568091567006718,1.3489696854246258,0.6223262076124345,3.0090123805290947,0.5071217254763826,0.4167601017330257,0.6285994137768409,449.8425707500001,1.4849614947638787,0.2706644128671742,21.20949246799649,0.3370122181643341,0.4404348571185734,0.8178640007383884,0.8697356965850622,275.18981582662366,0.1908755528681194,0.7493246472192564,-0.0460279750675894,0.726126901997981,2.1542351111428792,0.079237669172045,2.039215816784322,9.42250439109766,6.117647450352965,0.3556367966117785,128.14101914981788,3.0593868225091514,1.5376470475117752,6.63788593802462,1.30500592143524,1.3994298979549382,2.133957923041246,2389.3737007400005,3.422369965403805,0.4351154843220367,48.881220327851885,0.8709338208751798,0.6947355933100076,2.779306576955695,0.0627941891976993,624.1149117918669,-0.9178312420207906,0.8974489957412187,0.8726851628580548,1.019607908392161,4.212606356807095,1.019607908392161,1.962642595332548,68.32301879000006
