,timestamp,node,accx,accy,accz,gyrox,gyroy,gyroz,q0,q1,q2,q3,timestamp,node,accx,accy,accz,gyrox,gyroy,gyroz,q0,q1,q2,q3,timestamp,node,accx,accy,accz,gyrox,gyroy,gyroz,q0,q1,q2,q3,timestamp,node,accx,accy,accz,gyrox,gyroy,gyroz,q0,q1,q2,q3,timestamp,node,accx,accy,accz,gyrox,gyroy,gyroz,q0,q1,q2,q3,timestamp,node,accx,accy,accz,gyrox,gyroy,gyroz,q0,q1,q2,q3,timestamp,node,accx,accy,accz,gyrox,gyroy,gyroz,q0,q1,q2,q3,timestamp,node,accx,accy,accz,gyrox,gyroy,gyroz,q0,q1,q2,q3,timestamp,node,accx,accy,accz,gyrox,gyroy,gyroz,q0,q1,q2,q3
0,0.0529999999998835,0.0,-3.829880054732141e-17,1.0512728720533754e-16,1.0,0.0041889909290321,0.0086334845174751,0.0283856422009851,0.9999988778433504,0.00020944931141640894,0.0004313764738069985,0.0014192805796549744,0.0529999999998835,1.0,5.393519818657053e-17,-4.379333647595111e-17,1.0,-0.0005096311252166,0.0123924167267587,0.0558829795795661,0.9999959040571376,-2.54814518898337e-05,0.0006196894973791711,0.0027941375361179993,0.0540000000000873,2.0,-2.80533217468586e-17,4.790878172497537e-17,1.0,-0.0044033132571178,0.0021308632297845,0.0445481172427895,0.9999974893762261,-0.00022016511010274024,0.00010703329105631366,0.0022274003779299565,0.0540000000000873,3.0,3.0277200266171747e-17,6.801184914097483e-18,1.0000000000000002,-0.0234781689224519,0.019295745519079,0.0048576467815767,0.9999988157932206,-0.0011739070559722545,0.0009650712547379314,0.00024288238616221487,0.0540000000000873,4.0,-2.4688252461162378e-17,-1.1022602266243368e-16,1.0,-0.0110852424485881,-0.0094117985048158,0.0781853016550326,0.9999920955988997,-0.0005542577413192801,-0.0004684194650742817,0.003909235383294561,0.0900000000001455,5.0,0.0,0.0,0.9999999999999998,0.1249244442631681,-0.0080197625981511,0.0149569914283222,0.9999801310051416,0.006246098107001367,-0.0004056513044688075,0.0007478638893864448,0.0900000000001455,6.0,6.61792480414508e-18,1.1083845894319847e-16,1.0,0.0291558992288023,0.0129890576629457,0.0278714148163189,0.9999977568234436,0.001457791691348639,0.0006474198904625346,0.001393570576353452,0.0909999999998945,7.0,-2.0337873628324148e-17,-5.348319176841092e-17,1.0,0.0847893637358192,0.0127101856361408,-0.0171903524589199,0.999990439934897,0.00423942765719909,0.0006391470690795008,-0.0008595248539419064,0.0,8.0,2.7033145188937918e-17,-8.350406480371327e-17,1.0,0.0232144046931874,0.0306696457346651,0.0247570548229778,0.9999973866510585,0.0011607172012923694,0.0015320414822396241,0.0012378511739270547
1,0.1269999999999527,0.0,-0.0009552153863787,-3.958121128150045e-06,0.9804065929745164,0.0025917580495039,0.0095455616442178,-0.0168695510286878,0.9999993657094869,0.0003167798471420618,0.0009146824381505732,0.0005758360791748952,0.1269999999999527,1.0,-0.0007944988552903,-0.000576183606235,0.9800387935097368,-0.0158863361307631,0.0002558026250322,-0.0596309937011692,0.9999994386823344,-0.0008486420873348553,0.0006062096685400445,-0.00018695309973831755,0.1269999999999527,2.0,-0.0018780480909781,0.0011206252275087,0.9790552676608544,-0.0012600924214746,0.0264110679090669,-0.0944385770707272,0.9999957236789406,-0.0002075812282662489,0.0015117940007070005,-0.002494797139100833,0.1269999999999527,3.0,-0.0005870426750384,-0.0008071601019989,0.9800591838626216,-0.0313917287034335,0.0071184490563698,-0.0233720495649382,0.9999952296851883,-0.0026684941495672804,0.0012509231220648052,-0.0009246281328081786,0.1280000000001564,4.0,0.0009606467408036,-0.0002517739946496,0.9799755169225888,-0.0311882335212677,-0.0055941452249954,0.0169670889176652,0.9999862579326505,-0.0020701797930061535,-0.0007546837521392793,0.004756968983846307,0.1939999999999599,5.0,0.0017310228816461,0.0065372293358309,0.9795224694678494,0.1005850390639223,-0.014436662221207,-0.0168078518184249,0.9999389833228088,0.010985011027289687,-0.001161987508887793,-9.459971866633328e-05,0.1939999999999599,6.0,-6.422230023461834e-05,0.0019741078325003,0.9796943904982623,0.0360519215696022,0.0057229158892792,0.0152522617249898,0.9999921269517736,0.003215433358831381,0.000872298444124279,0.0021554856082212797,0.1939999999999599,7.0,0.0007207267509757,0.0035134250146936,0.980410187828348,0.095062597437422,-0.0028925457040588,-0.0007087574174428,0.999961261250184,0.008747398868350024,0.000389920126273593,-0.0008983174685451188,0.0909999999998945,8.0,-0.0012012534466303,0.0018764027942948,0.9787206118717998,0.0217631370976128,0.0127376163809328,-0.0108817575546667,0.9999951175557794,0.002226957905065524,0.002079759629286879,0.000692909067741588
2,0.1839999999997417,0.0,-0.0014864016719537,-0.0008627983575027,0.9786802573818804,-0.0130608605557604,0.0054994392560208,-0.031473635660376,0.9999987291638226,-0.00041366180380969335,0.0011730709637985213,-0.0009972257345208827,0.1839999999997417,1.0,-0.0009901744857022,-0.0019482008832191,0.9797572271066984,-0.019196804594418,0.0172631297851858,-0.0633405483904556,0.9999916533733625,-0.001824776514364473,0.0014536849470166149,-0.003354127957612352,0.1839999999997417,2.0,-0.0052492827800178,0.0027214212299693,0.978786513442428,-0.0124793732865913,0.0348772706249919,-0.1461580321317119,0.9999460609432891,-0.0006777716835973401,0.003368740644742115,-0.009801398676387591,0.1839999999997417,3.0,-0.0019654928519215,-0.001058323185825,0.9802509968318744,-0.0268355139241475,0.0191865372969006,-0.0658181845934864,0.9999815263762002,-0.0038005016365230335,0.0021741706512219926,-0.004216168357066029,0.1839999999997417,4.0,0.0004144210151729,-0.0021181248935653,0.9795082142596648,-0.0380479957175418,-0.0108599211936599,-0.0189710000795213,0.9999844700448374,-0.0038702488089056735,-0.0012565907929346816,0.003808125901563015,0.2390000000000327,5.0,0.0030462981870864,0.0152130489728482,0.9795367697071432,0.1240295273957498,-0.0180099667442763,-0.0052423811049279,0.9998555341702565,0.0168636056832089,-0.0020978588028229593,-0.00035858181175415523,0.2390000000000327,6.0,-5.712008441535958e-05,0.0041073003715509,0.9803647927281732,0.0246050861183852,0.0101448191971806,0.0109358157355386,0.9999861197090218,0.004332979204551907,0.00129594967812294,0.002702997398935776,0.2390000000000327,7.0,0.0010917527207759,0.0098783922675779,0.9798189758532972,0.0886081654565385,0.0051131293468203,-0.0697191323303587,0.9999082262701657,0.01280545792242332,0.0005910562473288632,-0.004382914231486615,0.1939999999999599,8.0,-0.0012152699263808,0.0041671593596959,0.9803795988809012,0.0183000267876942,0.022239280328362,-0.0044630307392462,0.9999903464864605,0.00313050142310479,0.003047195184504751,0.00047063386676045863
3,0.2750000000000909,0.0,-0.0014864016719537,-0.0008627983575027,0.9786802573818804,-0.0242885926792524,0.0033168731841685,-0.0382563230990899,0.9999935973275098,-0.0016327987555743554,0.0012956743603849622,-0.002908693892810505,0.2750000000000909,1.0,-0.0018855807950692,-0.0027105597305795,0.9805427565644512,-0.0127572233922607,0.0110967393633608,-0.0259907419172755,0.9999843292880121,-0.0024180698718043485,0.0019587530546788406,-0.004653751494312815,0.2750000000000909,2.0,-0.0071273308709959,0.003842046457478,0.9792524903382548,-0.0119545085708056,0.001843585418114,-0.033886796126665,0.9999273525004516,-0.001012764557318071,0.003490147135074671,-0.011492732589089267,0.2750000000000909,3.0,-0.0037266208770369,-0.0034798034918218,0.9800642852713782,-0.0214661830491974,0.0145627027504895,-0.0733225267859865,0.9999539064149555,-0.004675315974151829,0.0028630914815645195,-0.00788220611125247,0.2750000000000909,4.0,-0.0005462257256306,-0.0018663508989157,0.9796255500811414,-0.0008263569266679,0.0093499049732389,-0.0640147488509182,0.999993063099018,-0.0036176440318322453,-0.0006476536968612614,0.0006057641382295562,0.2840000000001055,5.0,0.0043615734925268,0.0238888686098655,0.9795510699464368,0.1135702077961068,-0.0143618548478708,-0.0116141400340998,0.9997519236698394,0.02207416380220781,-0.0028181915150952545,-0.0009381937290777336,0.2840000000001055,6.0,-8.923123453266862e-05,0.005094354287801,0.9802076512618012,0.0220847393820621,0.0046132392307669,-0.0099666322939166,0.9999827319502105,0.0052624744967326035,0.0014078743852722364,0.002204552852586602,0.2840000000001055,7.0,0.0005758320233086,0.0160183048586333,0.9796310950183936,0.0677684738758186,-0.0042910026056976,-0.0290556680475372,0.9998592071917768,0.015728382774517595,0.00029246447573101506,-0.005839369286174945,0.2399999999997817,8.0,-0.0024165233730112,0.0060435621539908,0.9801895917480856,0.0137405611892851,0.0101453745384129,-0.0151552628194875,0.9999870002111243,0.003810142902589038,0.0033763601311694266,-0.0002870750484023976
4,0.31899999999996,0.0,-0.0014864016719537,-0.0008627983575027,0.9786802573818804,-0.0072924778744986,0.0067386372171675,-0.0199132038865339,0.9999893684334991,-0.0018783073566446772,0.001578292169292643,-0.003904353374605712,0.31899999999996,1.0,-0.0024844040199477,-0.0019147260598305,0.9806325313596228,-0.0075324533565043,-0.0082227632538505,-0.0123447655619471,0.9999815049655701,-0.002653037344189495,0.0014789881877859353,-0.005269128351464564,0.3200000000001637,2.0,-0.0081586145262047,0.0054944983674562,0.9797062046841912,0.0011221448101521,2.614402425697585e-05,-0.0067768241706573,0.9999235374694376,-0.0005713919286250615,0.003554720039255381,-0.011830329298565347,0.3200000000001637,3.0,-0.0037266208770369,-0.0034798034918218,0.9800642852713782,0.0084092744932309,-0.0152742629263462,-0.0214417408618226,0.9999500500602405,-0.003972454172560981,0.001997044568132053,-0.008951469452690224,0.3200000000001637,4.0,-0.0024675192072379,-0.0013628029096166,0.9798602217240944,0.0022114371685878,-0.0016460419259065,-0.042323608098034,0.9999935482558904,-0.0032135008640817512,-0.0005460547130486818,-0.0015095307353860579,0.381,5.0,-0.0014172016303434,0.0392050219116988,0.9600057071686824,-8.401923137066158,-0.956234351361942,2.8548284282591543,0.9182778348926727,-0.3662361768999252,0.006485625400267068,0.15031572551705857,0.381,6.0,-0.0228118913553163,0.0029689551855893,0.984228023843001,0.5857349708933164,1.2223917659306878,-0.7704169541709266,0.9966805306796273,0.0338704237028493,0.06470431601503247,-0.03597312401492112,0.381,7.0,-0.040151353706049,-0.0458006045979637,0.982022491297441,-5.218030532931228,1.5709949345609149,-2.525142998528576,0.9606172553143268,-0.23889402591186776,0.04896119158962487,-0.133217622310689,0.2840000000001055,8.0,-0.0025224268996549,0.0070262200570165,0.980037381733088,0.0108539274963667,0.0078079721744452,-0.0144770361922866,0.9999837843487481,0.004327978808237928,0.003560680366283679,-0.0010105415977696478
5,0.4099999999998545,0.0,-0.0012254507330428,-0.0026689907009404,0.9794985322904464,0.0077275925634951,-0.009976876655467,0.0100670972977189,0.9999926947034729,-0.0014412491692357015,0.0009839253380919222,-0.0034007692435896126,0.4099999999998545,1.0,-0.0023834965658712,-0.0017285508187051,0.9796552102940032,0.0129793237719892,0.0011141283215377,0.0047668329721405,0.9999845403620644,-0.0018257107492071708,0.0015059222691487578,-0.005031701029524727,0.4099999999998545,2.0,-0.0103519621713101,0.0089851736898448,0.979639782538953,0.0007342494100087,-0.0110338158831262,0.0133886731496453,0.9999327137111353,-1.692339968259886e-05,0.003170035896198677,-0.011158791883528654,0.4099999999998545,3.0,-0.0037266208770369,-0.0034798034918218,0.9800642852713782,-0.0044325067835283,0.0004767073225355,-0.0148512680664065,0.9999430990756014,-0.003973912376200641,0.002011907241536605,-0.009693237888341616,0.4099999999998545,4.0,-0.0019212934816072,0.000503547989299,0.9803275243870184,0.034063500415207,-0.0167501894965792,0.0084072380576191,0.9999979726841453,-0.0011646382712696335,-0.0012330856826105298,-0.0010852396028023408,0.4789999999998144,5.0,0.0041802864179016,0.026914672143356,0.978650154870922,0.0250508521081788,-0.005083940871985,-0.03742028961115,0.9312606629286649,-0.33177812331403206,0.00518415818162461,0.15049909991701002,0.4789999999998144,6.0,-0.0001534535347672,0.0070684621203012,0.9798933683290578,0.0252942951219037,-0.0001534542702444,-0.0127967120570213,0.9971133403675313,0.03207790508414295,0.0582250187248541,-0.036685714672154014,0.4789999999998144,7.0,0.001233029020587,0.0183620638916496,0.9799047475387967,0.0243215387711088,0.0073066233908892,-0.0017224391349222,0.9665157502315098,-0.2142122260477007,0.04434404216373726,-0.13414183795777868,0.381,8.0,-0.0156281104599068,-0.0153639804789529,0.9891434224960984,0.4210307431613405,-0.6278220085533899,-2.582558447117553,0.9910425890234382,0.023468045018959997,-0.024140459447975687,-0.12923264224780512
6,0.4569999999998799,0.0,-0.0002702353466641,-0.0026650325798121,0.9792026473484464,-0.0191438526083899,-0.0110345099933139,0.0188614946788087,0.9999940622019491,-0.0023912916938442974,0.0003535811530502193,-0.0024560670283628365,0.4569999999998799,1.0,-0.0037768186460403,-0.0015089007541911,0.979553193481308,0.0075539676421479,0.005241604060697,0.0039214376728829,0.999985770563387,-0.0013398812276201363,0.001808934776508662,-0.0048364391879875375,0.4569999999998799,2.0,-0.0113832458265189,0.0106376255998229,0.9800934968848894,0.0050529557744414,-0.0201141714213844,0.0031908877342219,0.9999362903433995,0.0007757442089834448,0.0024190278658845483,-0.010998262562181402,0.4569999999998799,3.0,-0.0037266208770369,-0.0034798034918218,0.9800642852713782,0.0047598617653745,-0.0151083039151287,-0.05927953097082,0.9999129512017996,-0.003527500656808216,0.0012344259882861365,-0.01265396975273408,0.4580000000000837,4.0,-0.0014764029137095,0.00288290351255,0.9788643977087804,0.019907524474493,-0.0104548663222853,-0.07488676380281,0.9999871277022393,9.858170452402049e-05,-0.0015579650197294662,-0.004827779662591114,0.4949999999998908,5.0,0.0043764326423947,0.0350674423846473,0.9793529094876504,0.2512706480239832,0.0065126177931517,-0.0647223522621119,0.9458825573047773,-0.2884016220615922,0.005961470033757146,0.14864438453521764,0.4960000000000946,6.0,0.0008434826153686,0.0070888734543365,0.9798178587932688,0.0029212087114532,-0.0280321357049908,0.0032537635939791,0.9975996268206637,0.029344490692535242,0.05095835435176184,-0.03656680947291258,0.4960000000000946,7.0,0.0031410902587249,0.0242236750090208,0.9799333381006304,0.145320022941242,-0.0253798651406275,0.0163420534126468,0.9727231091511664,-0.18560670033713836,0.03774422434425931,-0.13392266142030596,0.4789999999998144,8.0,-0.0016388840329556,0.0080977909717987,0.9797707588209108,0.0056595918468841,0.010736430929004,0.0298294910858236,0.9913372413610415,0.02185698735928095,-0.021235554637658218,-0.12775678930486445
7,0.5450000000000728,0.0,0.0006849800397145,-0.0026610744586837,0.978906762406446,-0.0161208999077114,-0.0235317540301451,-0.0122474439857289,0.9999901061118305,-0.0030973095150307367,-0.0008929230595086777,-0.003065459284939547,0.5450000000000728,1.0,-0.0041799662405069,0.000658950193542,0.9799245346795185,0.0155718243839219,0.0009566694866184,0.011790664851903,0.9999891230161105,-0.00039135899076948784,0.0018854514345842093,-0.004248030190391506,0.5459999999998217,2.0,-0.0096897169549803,0.0117012789647618,0.9800689717851092,-0.0011112709747762,-0.0208414908148374,-0.0127874500457349,0.9999302080100004,0.0012318945478534292,0.0016242235324367294,-0.0116371578496003,0.5459999999998217,3.0,-0.0031395782019985,-0.0026726433898229,0.9801265224582104,0.0095540226718361,-0.018549755861926,-0.0065851306126584,0.9999116545523788,-0.002843537661322556,0.0003384679424438736,-0.012980093348841903,0.5459999999998217,4.0,-0.0016177110660672,0.0059342038555731,0.9796826875246428,0.0184435947076538,-0.0004640478136728,-0.0428615815824353,0.999973936949884,0.0013173544160117068,-0.0013459019424667549,-0.0069698311495501675,0.5239999999998872,5.0,0.0037410837144763,0.0474973932283113,0.9790485186798232,0.0083214364985275,-0.0152782617373759,0.0336087508767638,0.953828341583294,-0.2591987313792152,0.0053245042356412555,0.15165474637647558,0.5239999999998872,6.0,0.0008755937654859,0.0061018195380864,0.9799750002596406,-0.0239474332983668,0.0075921128296882,0.0325898172607023,0.9979945910339483,0.025629225140208507,0.04620156915266229,-0.034861928998930335,0.5239999999998872,7.0,0.0032117284086305,0.0284655108210566,0.97997622394338,0.0045186193440962,0.0116300749890777,-0.0670904745714241,0.9758468790171156,-0.1661604853696263,0.03374291506653134,-0.13774969145917462,0.4960000000000946,8.0,-0.001850691086243,0.0100631067778501,0.9794663387909156,-0.0082958956292351,0.0288990733768676,0.0925832834033578,0.9920302449278369,0.01986733379185121,-0.017689477011588992,-0.12315991474288933
8,0.6039999999998145,0.0,0.0027258862819274,-0.003556254388146,0.9787241299767288,-0.0203357021974819,-0.0595176046519062,-0.0664466173486909,0.9999639639952245,-0.003992557096214023,-0.003928239285503713,-0.0063795873617874385,0.6039999999998145,1.0,-0.0019921453050475,0.001015483735263,0.9802183431000804,-0.014457431878087,-0.042681802476079,-0.033017778749731,0.9999820238801485,-0.0010350293506111979,-0.0003343936591309051,-0.00589650843181084,0.6039999999998145,2.0,-0.0100050165091075,0.0140713290596416,0.979536572744044,0.0275308841153055,0.049067351603579,-0.2407637246128111,0.9997048035052808,0.003217668934074302,0.004439204171668173,-0.023669514600452104,0.6039999999998145,3.0,-0.0023064037711224,-0.0006615366662754,0.9783206237583276,-0.0263214494893459,0.0677125770471897,-0.0886643853023084,0.9998335204774822,-0.003864844817013615,0.0038079274703640043,-0.017421078971320145,0.6039999999998145,4.0,-0.0010714853404365,0.0078005547544888,0.9801499901875668,0.0898827134683452,-0.0384658036208545,-0.100831296371293,0.9999047204431937,0.006070942967620192,-0.0030832280840501223,-0.01200780543997701,0.5740000000000691,5.0,0.0006968732515619,0.0458847703665739,0.978684884023493,0.0409879006857676,0.1017230601188739,-0.2125287613460569,0.9624717614341273,-0.2316333174061317,0.007852805142059209,0.14118232240871936,0.5749999999998181,6.0,0.0019617611501545,0.0010278765843208,0.979700512893056,-0.2006968686555562,-0.0276755235050764,0.3036678613396533,0.998909870789612,0.013744027492074108,0.04023735480190177,-0.0192646574307267,0.5749999999998181,7.0,0.0050562598930711,0.0331574559567504,0.979212447505836,0.2401899910284732,-0.102925346791503,0.2249694417138877,0.9821601966279575,-0.13684876839357954,0.02481182695358076,-0.1265627749068323,0.5239999999998872,8.0,-0.003829583872929,0.0098852807543371,0.9796951645852744,-0.0238098471123041,0.0081322341838031,-0.0089053794888092,0.9920607160787293,0.017283064931343992,-0.015232051525394176,-0.12363177539073636
9,0.6509999999998399,0.0,0.0071991251747196,-0.0080559027622268,0.9795862774801432,-0.1578854898867422,-0.0986601062447273,0.1708600083261433,0.9998884264037738,-0.011964907622593926,-0.008679794940429265,0.0021533437161172443,0.6509999999998399,1.0,-0.0026800796503596,-0.0032867433368146,0.980350964956584,-0.1424426885001025,0.0261421053985164,0.1420684307661342,0.9999647585894652,-0.008214844227004053,0.0012441435142555198,0.0012041679096741577,0.6509999999998399,2.0,-0.0167791319952621,0.0098167155998861,0.9796346731431652,-0.1848533775606734,0.1241909210449031,-0.617822640168889,0.9984388204184409,-0.005803367199567223,0.01107579421514427,-0.054438677363463334,0.6509999999998399,3.0,-0.0162692185613802,-0.0067066418468791,0.9795439415781916,-0.1183683250404582,0.2001138832745928,-0.2701438538368999,0.9993740958875394,-0.009597413058637564,0.01423539607982767,-0.030929914807440125,0.6520000000000437,4.0,0.0010932195359443,0.0200199410791354,0.9801754979748444,0.0775112559509689,0.0170645782078879,-0.2468997341667667,0.999647920921076,0.010406063262393956,-0.0019078702505339418,-0.02433327098144289,0.6749999999997272,5.0,-0.007090764532005,0.0720798689679425,0.9772119593762224,0.6179055025619494,-0.0024702737379559,0.2962799265843573,0.9719117515638591,-0.17590545410692268,0.014755256537618538,0.15565057273270083,0.6759999999999309,6.0,0.0022223526379332,-0.0163883788181325,0.9784331771707592,-0.2513668692854663,0.0106680127932005,0.0772798238955551,0.9992073205046785,-0.000860877779319989,0.03689664838540296,-0.014920686218594468,0.6759999999999309,7.0,0.0139535858788986,0.0662660921713069,0.9775827854813444,0.4299019448315321,-0.0812256128661522,0.1103244988213556,0.9875304836417864,-0.09931901398953888,0.015081140743279563,-0.12120988628097439,0.5749999999998181,8.0,-0.0063602924666326,0.0033971535415637,0.9789882563277016,-0.2068293697851147,0.0668490299786826,0.2463881089575397,0.9937121795239282,0.005711578770554679,-0.008874706817611235,-0.11146623575169883
10,0.724999999999909,0.0,0.0154700145936437,-0.0237177809599189,0.979040420776798,-0.2512596636640231,-0.1116721867806627,0.2414493556119354,0.9994993203597854,-0.024625065768283733,-0.013913395177223533,0.014182107420178487,0.724999999999909,1.0,-0.0014531834774148,-0.0186144003886832,0.9796042018876554,-0.3024772326425028,-0.079839918573562,0.0996412670154417,0.9997018956256997,-0.02345061037640816,-0.002699604162565462,0.0062370580181736095,0.724999999999909,2.0,-0.0240626195863824,-0.0067944871919106,0.9794977413360584,-0.2788398567494161,0.0581508139811649,-0.3647410651640351,0.9970759866435014,-0.01944629226050592,0.014513512590702955,-0.0724615520706422,0.7260000000001128,3.0,-0.0237224603154543,-0.0136662488305227,0.9794296700220408,-0.1131708224935476,0.0739504678285425,-0.0121901487620374,0.9992334284745038,-0.014845747023992904,0.017903940055732682,-0.031489810175182785,0.7260000000001128,4.0,-0.0013742996712936,0.0186571381695189,0.9799428669548736,0.0506368305341907,0.0530781322707511,-0.1172986985636256,0.9994608961388844,0.012924712588801427,0.0009965082611520866,-0.030164148670903838,0.75,5.0,-0.0106076720557134,0.1713021023444579,0.9626318439704388,-5.952831178786371,-1.2092317747491472,3.9032914568281663,0.8558177920014867,-0.38950427196305887,-0.004966590677032525,0.34034932347997154,0.75,6.0,-0.0183529816478113,-0.0255414173725747,0.9824178357823288,0.6120009059827531,1.1417516870231166,-1.2289970879276388,0.9924084175371106,0.026909983577610715,0.09189324772043111,-0.07718171162090448,0.75,7.0,-0.0116540046730231,0.0638449514976193,0.9794238134451028,-4.377435460127792,1.5289837837339886,-2.8351544196313445,0.9228411511617758,-0.279476885335681,0.07016686388240878,-0.2556041695637666,0.6759999999999309,8.0,-0.0138675394407253,-0.0136137511516803,0.9795082220836332,-0.2457873040782264,0.0875831448017605,0.5357778186199819,0.9963706370309393,-0.007471631683821792,-0.0012662245821366553,-0.08478281109900297
11,0.777,0.0,0.0186106455686219,-0.0326001423865609,0.9755418364108712,-0.0923880222407634,-0.0761336400408992,-0.3706518139735043,0.9994351864817561,-0.028119440274199537,-0.01788764933270073,-0.004317071020192236,0.778,1.0,0.0069303416708851,-0.0297560717791698,0.9783473547552513,-0.2407620726081457,-0.4743816244117871,-0.470427585663062,0.9988919704974492,-0.03442297642030499,-0.027368947723193218,-0.016758003181024793,0.778,2.0,-0.0169352887153865,-0.0106365336493887,0.9788345417628314,0.247719393126626,-0.1069632584362422,0.4825533273904675,0.998781736949626,-0.005637436256915054,0.007854829840817005,-0.04838969824776022,0.779,3.0,0.0074783849358831,-0.0035624505210801,0.9718520374547946,0.0185818903432057,-0.2670936190577512,0.5208293411971527,0.9999034975734723,-0.012574927708750074,0.0026712776762215476,-0.0052660240251327425,0.779,4.0,-0.0080805880578021,-0.0099392354202464,0.9778757158739044,0.1715024153344967,-0.1811967552374207,0.3887541353734053,0.9997168738998407,0.019452434256470093,-0.008368959325186,-0.010850592667760239,0.8249999999998181,5.0,-0.0022623577604891,0.0841427379313054,0.976795209545372,-0.0993543459848881,-0.03953969585788,0.2343565059466542,0.863209948535685,-0.3572983779211896,-0.0023466539990474686,0.35665241776681633,0.8249999999998181,6.0,-0.0055283585123329,-0.0234610469041658,0.9801372437216738,0.027217717773009,0.1550318697689558,0.3296035806714096,0.9936965798140005,0.0265358834378324,0.0902989074588483,-0.06090206456163835,0.8249999999998181,7.0,0.0152750882696637,0.0740257800676977,0.9773806093655236,-0.0636570662615482,-0.0150109198139866,0.1895998268364324,0.9326108791423536,-0.25333816369957224,0.06472370876944428,-0.24873191279323797,0.8249999999998181,8.0,-0.0215865934681055,-0.028659340038873,0.9797237678095696,-0.2472918736608934,0.1490869693417243,0.131228294298677,0.9966980503691033,-0.019787221041435054,0.00868976748642768,-0.07826844967748856
12,0.8299999999999272,0.0,0.02469147719507,-0.0416113134981075,0.9781537862437008,-0.4508171531344725,-0.0821308717467232,0.2022205665488449,0.9985096886723112,-0.05013634768806633,-0.020842210625889014,0.005509130988773057,0.831000000000131,1.0,0.0068586839399962,-0.0436782367306658,0.978757462342286,-0.4069972747123293,-0.1280676571680698,0.2907476106204813,0.9980795434594937,-0.05402420406953805,-0.030204604013588186,-0.0025084255468684827,0.831000000000131,2.0,-0.0212165800563461,-0.024479975258751,0.9798492677662436,-0.3759556983917059,-0.1172625772773024,-0.0043198530999155,0.9985017889205933,-0.025322134213957473,0.003258561500065163,-0.04839781832040925,0.831000000000131,3.0,-0.022333673456842,-0.0257754524134449,0.9787675071654176,-0.3310307639720246,-0.0066349857426169,0.1938035280110885,0.9995586702924165,-0.02914545984704757,0.0035888164316042015,0.00448633594157657,0.831000000000131,4.0,-0.0006056286617141,0.0217131668300601,0.9796786062786784,-0.0131574439874114,-0.0706726070036678,0.787656576913331,0.9993724439135246,0.017575674020801964,-0.01172369623315227,0.028431830325467474,0.9149999999999636,5.0,0.0047362745960981,0.082160115145544,0.9764979688571918,0.017834230829267,-0.0995476530896939,-0.0610903373586671,0.8760125880506203,-0.32033791810966844,-0.006082962739896881,0.3604837879327207,0.9149999999999636,6.0,-0.0177234725806043,-0.0189297980378894,0.9792729656566288,-0.0660848905114642,0.1895294282894403,0.2465959218163822,0.9943924686897158,0.021398329124613646,0.0916434961569857,-0.04824105446580006,0.9149999999999636,7.0,0.0176284320553633,0.0695056427819777,0.977554194919511,-0.0958280440086292,-0.0512923412605421,-0.4989887461390677,0.9319125038877557,-0.23376602037545355,0.05005170271474663,-0.27274046247454964,0.9149999999999636,8.0,-0.0338918459888445,-0.0393100118376381,0.978654211529687,-0.0960830885507376,0.2006407444939882,0.0297581738800192,0.9965548386438638,-0.023661797152499577,0.020109929257350136,-0.07690359989155832
13,0.8809999999998581,0.0,0.0284566322940659,-0.068422830553093,0.9764315318226788,-0.5256270951995579,-0.0087604697215495,0.0979499914848018,0.9969327688627612,-0.07489879559252594,-0.020440706329483225,0.009869260923143917,0.8859999999999673,1.0,0.0181646674818002,-0.0727212414263935,0.9774618488210576,-0.4467394015646158,-0.2297021826894693,0.2092438831067603,0.9964061264720248,-0.07492575575012829,-0.03870185002415609,0.007945379726303147,0.8859999999999673,2.0,-0.0113898130440393,-0.0495498410129754,0.9788815482040768,-0.3552492674663677,-0.2056224409973278,0.3545552293030352,0.9985827566679909,-0.043455096064322234,-0.0050022519796861014,-0.03031683008707377,0.887000000000171,3.0,-0.0203814166086678,-0.0482730987007194,0.9789787054879462,-0.3722457249592996,0.0142328051394971,-0.1087269526488514,0.9988692500218069,-0.04730773839172475,0.00462800693399175,-0.0008836294198747821,0.887000000000171,4.0,-0.0056522737605058,0.0102491024893622,0.9800051059558308,-0.3339558551308729,0.1748277873002915,0.0887631318349182,0.9994598728596211,-0.0006600970897126766,-0.0019814798559053127,0.03279634968777409,0.9450000000001636,5.0,0.0082090040609139,0.079212295369766,0.976998477232478,-0.0106513460714024,-0.1081680668967657,-0.5715379156345077,0.8953617566838963,-0.2863282680720036,-0.017924406594820565,0.3406202624904122,0.9450000000001636,6.0,-0.0306978469640097,-0.0234615304584498,0.978913785162065,-0.0477414446156188,0.1719998485010257,-0.1515936828817436,0.9940004251219539,0.015506439722874618,0.0929390824888885,-0.05554306554934883,0.9459999999999128,7.0,0.0165931006920763,0.0577247466657188,0.9786212355307856,-0.2486789619997194,-0.0106304055030684,-0.4476368920872902,0.9284646238724797,-0.22239064747732304,0.041724690098703,-0.29454183466550055,0.9459999999999128,8.0,-0.0452076521162406,-0.0498717706246466,0.977470242352625,-0.0841518690395642,0.139538874916179,-0.1723476556493837,0.9955722293753407,-0.027481326553001954,0.027627115119152366,-0.08554212586611722
14,0.918999999999869,0.0,0.0215979765503715,-0.1014628342153603,0.974125669860884,-0.4852092261560783,0.1892589509854961,-0.0673916598081217,0.9952382467771901,-0.09673757860191129,-0.01069572067148703,0.005317386333663717,0.9200000000000728,1.0,0.0264708778433096,-0.0938728590614082,0.9753133747456976,-0.3299421123264477,-0.0941144320332114,0.0060448968849608,0.9951890674333221,-0.08861075749303461,-0.04101445011176857,0.008041678912667329,0.9200000000000728,2.0,-0.0007004585419255,-0.0703597773523922,0.977583761674033,-0.336939290144465,-0.205447506991822,0.2031984275908173,0.9979197041544099,-0.059863630835576255,-0.013488901574787096,-0.019765103031918377,0.9200000000000728,3.0,-0.023841232366409,-0.0752696889044892,0.9761127340484153,-0.4026780445471539,0.1084281955025554,0.0279419307686336,0.9977273479240628,-0.0664911503779798,0.010904793877498261,0.00038935371874938173,0.9200000000000728,4.0,-0.0208341412785306,-0.0472096036373721,0.979001119448588,-1.1711881754186737,0.3495013724805372,-0.5213766195398816,0.997970371973553,-0.06199117433409503,0.0131105657014373,0.006351695414299317,0.9619999999999892,5.0,0.0135042441114189,0.0794491646866265,0.9756185041406176,-0.1259400315730205,-0.1489124233458382,-1.106541929430895,0.919258548657607,-0.2581004002748765,-0.03903297446135472,0.29465968676179255,0.962999999999738,6.0,-0.0426181651128639,-0.0320801519165256,0.9781229758345448,-0.1832618314387743,0.2206258049406524,-0.700341180146201,0.9912221272126942,0.0007341819712623324,0.09738365113119665,-0.08941241520690513,0.962999999999738,7.0,0.0204306768164803,0.0336152056251551,0.9785660965901072,-0.2932949540405101,-0.1012961058263234,-0.2661684393231905,0.926352009954093,-0.21582960425295167,0.033074503470757625,-0.30691303784979457,0.962999999999738,8.0,-0.0522186556766594,-0.052947638652018,0.9756304421042312,-0.0769634420913905,0.1160974880072197,0.0439788247174386,0.9954729179630666,-0.030475367421089323,0.03393057007205115,-0.08338847640551399
15,1.0900000000001455,0.0,-0.0135722011147897,-0.1513662728715223,0.9680671706002034,-0.3058733613696065,0.3853743849864245,-0.0939655699604451,0.9938799090698738,-0.1100434142956555,0.009572246534127403,-0.0012431466944619713,1.0900000000001455,1.0,0.0206481917727169,-0.1141999933282667,0.9718631661403474,-0.0240183070719505,0.0330988820456147,0.3240246344324952,0.9952626035465215,-0.08745389743959285,-0.034971288017708796,0.024107567666750398,1.0909999999998945,2.0,0.0035617261362362,-0.0903381717817675,0.9762808657482016,-0.1247540262436306,-0.0801691384455731,0.6185126823489633,0.9977096405401683,-0.06518325246463134,-0.014086744518609638,0.01132167832998683,1.0909999999998945,3.0,-0.0383924186573912,-0.1397559506380149,0.9695717077405366,-0.7532688463091026,0.0615362671833596,0.3478446555383389,0.9942554987679328,-0.10418965705716947,0.016619126775262075,0.01800897435353518,1.0909999999998945,4.0,-0.0635180796669706,-0.1853604825126766,0.9600692397312228,-1.0587426562042028,0.2369284136491894,0.2778450517034576,0.9924562887946039,-0.1176268664557342,0.02801923498693089,0.020232587343041442,1.04300000000012,5.0,0.0193965188127546,0.0745216401688101,0.97564301883655,-0.1774435749763586,-0.0913010474574109,-0.4921744768382424,0.9308101264959331,-0.2363747567180197,-0.04799308316788035,0.2746200043098878,1.04300000000012,6.0,-0.0513692123422449,-0.0508262479480973,0.9767076822380666,-0.3221225309444546,0.0791750053979811,-0.1865580173837445,0.990473013618826,-0.01818200528643564,0.0957113235122101,-0.09732402852403035,1.04300000000012,7.0,0.0226356359061604,0.0175392268850051,0.979403391615222,-0.2685669814695993,0.023853129656504,-0.6716181366979039,0.9170897378715944,-0.20802348115227348,0.026785841224080717,-0.33905038370398316,1.043999999999869,8.0,-0.0622343130706566,-0.0652230798536466,0.9756181835795336,-0.2228235632723075,0.1047769278375702,0.0505929606767634,0.995085868471213,-0.041044225146002485,0.040227064456384645,-0.0806304485680075
16,1.1340000000000146,0.0,-0.0378065527557073,-0.1722556801859664,0.9639043755541314,-0.2937321380020544,0.3605626820050458,-0.0220689762652541,0.9920681492202758,-0.12240262660348121,0.02831892610984286,-0.004052496417082397,1.1340000000000146,1.0,0.0113985100382377,-0.117556670495511,0.9733383292519197,-0.0664195979111338,0.1537291613691436,0.3929866698465734,0.9948517249773469,-0.0888614785765978,-0.02289428928871029,0.0430062141177662,1.1340000000000146,2.0,-0.0016654638671051,-0.0970714631064902,0.975698394628418,-0.1411546985286922,0.1763043122251797,0.2049241572714573,0.9972585446584671,-0.0708988515623044,-0.0032139965215888557,0.02093843784005274,1.1349999999997635,3.0,-0.0524356263130472,-0.1943705839242092,0.9587536603310156,-0.7954660257600413,0.0971271612011076,0.688103233487985,0.9880586831199675,-0.14246636817490776,0.026420913859467723,0.05239568647434425,1.1349999999997635,4.0,-0.0755971758786366,-0.2447327326644791,0.9459613927437795,-0.9874682362874724,0.0086803811668768,0.8394564249977695,0.9835270221846195,-0.1656736164840624,0.03516446234014019,0.06316890075089059,1.0949999999998,5.0,0.0117753089539449,0.0865123614619064,0.9752691697235812,0.6151524614466047,0.3134164655771327,0.5330654416636594,0.9362120441478716,-0.18664060126088794,-0.014798376514916004,0.2974109991341293,1.0949999999998,6.0,-0.0440124277057051,-0.064661208143902,0.9773944108540938,-0.2070355412817964,-0.2272864417809293,1.6545651453387378,0.9964428722060299,-0.0228857938069732,0.0799318224869616,-0.013738508854135115,1.0949999999998,7.0,0.0143390855601222,-0.0113231464478543,0.9797648580041132,-0.5242937592392904,0.1760630852966805,-0.3004625321955496,0.9100287431048685,-0.2102355747569386,0.03745057535351257,-0.3553113342341949,1.0949999999998,8.0,-0.0638967687315848,-0.0830086051387273,0.9736404749282896,-0.262077702425785,-0.0220218902695314,0.0046281300706837,0.9945496375526615,-0.05401470448591352,0.03977463699271239,-0.07982110244332133
17,1.1889999999998508,0.0,-0.0631219530485826,-0.190010336988195,0.959673220883528,-0.2316373854685233,0.2876541212899614,0.3248851901910736,0.9903184998033948,-0.13082102072043458,0.04516049022427047,0.01075451568042785,1.1889999999998508,1.0,-0.0053039015342457,-0.123744973930012,0.9724813880252802,-0.1289221622739486,0.1590266482446555,0.7670313570654687,0.9922945783593605,-0.0938633641549044,-0.009392089401321696,0.08033011443300699,1.1889999999998508,2.0,-0.0119195016003106,-0.1089942216160449,0.973774196174818,-0.1295838432899398,0.317536569915067,0.1976937850873784,0.9965515610617123,-0.07619995593798298,0.014036673902588696,0.029690480734847684,1.1889999999998508,3.0,-0.0725821564711778,-0.2347047953788416,0.9488406028349384,-0.6492082665008363,0.1870802853443307,0.702281920745197,0.9805061614270713,-0.1717220949124694,0.04033036372038745,0.08656010215222808,1.1900000000000546,4.0,-0.0864005802650341,-0.2803570682568326,0.9339533468050206,-0.5506099945588746,-0.0017185446448756,0.6736229375474865,0.9762705113514091,-0.18940883309567813,0.03969640462756693,0.09718219008972759,1.168,5.0,0.0099020349011598,0.1721731606061673,0.960320312433148,1.9621765514060727,0.2049466274831953,-0.1593487930684382,0.9557547860196897,-0.06860701030236961,0.026845156689133995,0.28478975525844274,1.168,6.0,-0.0129361979771762,-0.0657639375614819,0.9768449259213589,0.652713706291784,-1.0639593590304397,-1.2253028997377142,0.9969169791387165,0.003078447216896248,0.019075191241431946,-0.07604733359409434,1.168,7.0,0.0045568450270437,-0.0419111818124716,0.9783756630264682,-0.88393971861704,0.281311189205295,-0.4159775162527677,0.8962291489142665,-0.22759536510475548,0.057900003106755325,-0.3763259917405127,1.168,8.0,-0.0608413200787736,-0.0955208038522226,0.97286001552253,-0.2968482213442104,-0.0576516520592993,-0.1765497545618929,0.9930857762409488,-0.0685484739827149,0.037001331437570305,-0.08782168988581546
18,1.264999999999873,0.0,-0.0808050219234825,-0.198409672913183,0.9565490840131672,-0.1226024625326043,0.2003760942805244,0.4067391871657041,0.9889842602426382,-0.13319669299928896,0.05721636304385703,0.029917582897166346,1.264999999999873,1.0,-0.0194563906336336,-0.1130967195584533,0.9730486015038652,0.3941614655283383,0.0367056459341959,1.1625827012781973,0.9879118310762395,-0.07138612381021488,-0.0003851672157135091,0.1376011881967607,1.264999999999873,2.0,-0.0300452168049089,-0.0951550040113007,0.9747408938578268,0.4118711431730074,0.0838375899308438,1.034743485766556,0.9951517474831895,-0.052278322003668595,0.021484164641966657,0.08048855321890114,1.264999999999873,3.0,-0.0907474786537357,-0.2665169484434148,0.9382572202282272,-0.6816235501964026,0.1670121484517703,0.6541538401355589,0.9710464007453684,-0.20102092770976204,0.05145541728958748,0.11837150946797242,1.264999999999873,4.0,-0.0988110011332568,-0.3077654065870925,0.9252490694744444,-0.4876577471390866,-0.0515947205868869,0.6266856859427105,0.9685322975978987,-0.20883686331317436,0.040891253612006816,0.1290746234133134,1.2409999999999854,5.0,0.0080287608483748,0.2578339597504284,0.9453714551427148,3.3092006413655404,0.0964767893892579,-0.8517630278005359,0.9646963103105781,0.1089288324131927,0.08258251331740217,0.22511256481244366,1.2409999999999854,6.0,0.0181400317513526,-0.0668666669790618,0.9762954409886238,1.5124629538653644,-1.90063227627995,-4.105170944814167,0.9579729029052072,0.06094807894496719,-0.06799564877368383,-0.2719371999564129,1.2419999999997344,7.0,-0.0052253955060347,-0.072499217177089,0.9769864680488232,-1.2435856779947896,0.3865592931139095,-0.5314925003099857,0.8746209256870587,-0.25789189874736795,0.08731011830555702,-0.4011320831749309,1.2419999999997344,8.0,-0.0577858714259625,-0.108033002565718,0.9720795561167704,-0.3316187402626359,-0.0932814138490673,-0.3577276391944695,0.9904121946778682,-0.08441773357450146,0.032047838027045764,-0.10454791709692539
19,1.324999999999818,0.0,-0.0933205874581226,-0.209498506747686,0.9531729347956542,-0.3096864932835121,0.0453748559048011,0.2761292263358216,0.9865938549147218,-0.14531699815391547,0.05973910273008963,0.04412227438661066,1.324999999999818,1.0,-0.0225151454821429,-0.0806459049892337,0.9768681109711718,0.5521049327177108,-0.1517369460683251,1.2737155042275234,0.9789615103516324,-0.04030151812918184,-0.0008539686295543018,0.20002354767405253,1.3260000000000218,2.0,-0.0274087753848671,-0.0579249523375717,0.9773814296008452,0.5490208523144972,-0.1925446171196742,1.1944373310837266,0.9899388475432482,-0.020782031004179465,0.014367810538207494,0.13922194989449424,1.3260000000000218,3.0,-0.117021812623389,-0.3093917669150464,0.9226877207026882,-0.8369347971740665,0.1168142182397198,0.9108615701185672,0.9560860650523177,-0.23563826020456966,0.0616990741665115,0.1629946955809731,1.3260000000000218,4.0,-0.1080263959216287,-0.3375341871705313,0.9136777168538764,-0.8046150644665114,-0.0645101364512291,0.6431464992509243,0.9556719401815167,-0.24258837360209765,0.03955605446244435,0.1621028756627987,1.275000000000091,5.0,-0.0170100685428921,0.3586217888896872,0.9115207458427518,1.1734166726911377,0.0728665948046461,-0.1824086915494242,0.9575216361408136,0.17029677259232132,0.09760352259558262,0.21124601284708852,1.275000000000091,6.0,0.0678831012341159,-0.0438452903836405,0.977097474706599,-1.6036304723833774,-1.2378024428301702,0.2918522649716978,0.9587519807366991,-0.04307786903851115,-0.10059440642800624,-0.2623350949224181,1.275000000000091,7.0,-0.0045099258767218,-0.1728154655836352,0.9647333701203132,-1.6358228479680164,-0.0921796726166857,-1.1094454126711064,0.8352651613849105,-0.31620851836332153,0.09388555681466165,-0.4399202033468268,1.275000000000091,8.0,-0.0365238493343131,-0.1481860257952287,0.9674254029065086,-0.4967613339775406,-0.1891866333851522,-1.0397158924155256,0.9817334068458664,-0.11023776540872855,0.01902863912871166,-0.153899525189026
20,1.41399999999976,0.0,-0.0956268723125202,-0.2366225085993392,0.9453646332055584,-0.5460848815465641,-0.0558758171771429,0.1681244247079458,0.9824867648432474,-0.1693405897128601,0.05561208011818036,0.054321433417016264,1.41399999999976,1.0,-0.0144386378011038,-0.0421278535221903,0.9789002858800592,0.575610828612227,-0.288927842864226,1.5657429592900989,0.9613722812822539,-0.007944624024570046,-0.008005268100125742,0.27502024546187137,1.41399999999976,2.0,-0.0227255897084453,-0.0277279072161374,0.9794323410699776,0.5438426548291094,-0.107651748732182,0.9604197541735,0.9824797832842149,0.007913454475124199,0.011977522022738281,0.18581547740236035,1.41399999999976,3.0,-0.1382676604589306,-0.355563384734563,0.9024443104742336,-0.8401106466391265,0.0150994922933306,0.6474819880894671,0.9409928397410279,-0.26901226997604577,0.0621125658175106,0.19572149428720656,1.41399999999976,4.0,-0.1140784253252164,-0.3834784599659896,0.8945336123463623,-0.947929649780712,-0.0095891074655802,0.1804784399109499,0.942918035668403,-0.2831682270690682,0.032571909307651664,0.1722219611833958,1.324999999999818,5.0,0.0047895387936697,0.4633967701467337,0.8638764342981691,0.873196444427938,-0.2262821466568103,-0.3194477711225778,0.9522533885386679,0.21922247754153068,0.09494459711444736,0.1901065828317192,1.3279999999999743,6.0,0.0695308530989166,-0.0308136820977681,0.9758883017348424,2.2972135986521263,0.796623791271392,-2.087423805937944,0.9318356984144774,0.08694023066034262,-0.07647482862099676,-0.3439116573198978,1.3279999999999743,7.0,0.0238843713027673,-0.2657181913588092,0.9431035890020112,-1.0891059475365676,-0.2064020295828666,-0.8580143871360578,0.8056661975500361,-0.3511409725066122,0.09040488771955592,-0.4684324410507787,1.3279999999999743,8.0,-0.0219398302892275,-0.1819939217740984,0.9623922569743396,-0.5526797032262355,-0.0067499235314785,-0.6187910461764323,0.9734522716382287,-0.13573926298808428,0.019378103722822265,-0.1832757933332476
21,1.4800000000000182,0.0,-0.0910090168080401,-0.2629081774231923,0.9396428306030165,-0.4592613600517715,-0.1587565126114174,0.1078696429267815,0.9791357794910414,-0.1879291122270283,0.04598853971003142,0.062135563998173465,1.4800000000000182,1.0,0.0116506316898953,-0.0037388762227199,0.9796980573553352,0.5088279029357435,-0.5418138268839884,1.635682149169705,0.9357615804393853,0.02341616137407376,-0.02809345692463662,0.3507316718491659,1.4800000000000182,2.0,0.0011557942672578,0.01134459187462,0.9795713166353994,0.6525865129553494,-0.6219295915952097,1.551148830729769,0.9646382490914427,0.045837765658003606,-0.016706362528687704,0.25902286594109386,1.4809999999997672,3.0,-0.1497877721364815,-0.3929490950437637,0.8853974429727458,-0.8150242817517275,-0.0175460200434577,0.6940255772931714,0.9240055499399167,-0.29900313964646036,0.06106123935625309,0.2303961614482107,1.4809999999997672,4.0,-0.1150648027462126,-0.4320302206917583,0.8713225462353226,-0.6819769166812018,-0.1712923698748959,0.3144945621075238,0.9318838254994689,-0.3080081805280413,0.022233162411529592,0.19033965164795089,1.43100000000004,5.0,-0.0380672448556338,0.4472913907558946,0.870578139298684,-1.0209959023297146,-0.2574479733290971,-1.8963617479688664,0.9780053381972349,0.1624180765886005,0.08488773679161311,0.09959919175058463,1.43100000000004,6.0,-0.0275900718008178,0.2229311707939358,0.9541150250501618,2.7256795781248733,0.8521264612341578,-4.332029860799178,0.8320371958155561,0.23166224983518027,-0.030728493133223865,-0.5030929004572117,1.431999999999789,7.0,0.0437908261439424,-0.3273736053706604,0.922723623872417,-0.8606888817168348,-0.0874574389382498,-0.2893432207682136,0.7906832771186459,-0.3706097363274624,0.09927751615292714,-0.4770873645473254,1.431999999999789,8.0,-0.0062394366045296,-0.220131697492339,0.9549084276463368,-0.6372431806537276,-0.2171645566479174,-0.4930805640908501,0.9645150494408369,-0.16635019845650917,0.011082156170403978,-0.20473279339235032
22,1.5199999999999818,0.0,-0.0752221302983637,-0.2891945628499784,0.9328017666853906,-0.335240482135699,-0.372624358375359,0.0812747199592682,0.9770766036200998,-0.1992930733753394,0.025900664634216388,0.07023344740454973,1.5199999999999818,1.0,0.0367907727520228,0.0140540249814595,0.9785207833368332,0.2145183081455536,-0.3593190645348157,0.8387574861243814,0.9196324254289999,0.03737929348665773,-0.041125959958512356,0.38882855596715604,1.5199999999999818,2.0,0.0436785352751635,0.0357516474056442,0.978516737344844,0.225517910476522,-0.5338997272234252,0.6014130483203307,0.9552899475272509,0.06076342533126725,-0.041119088099746105,0.28642301389594893,1.5199999999999818,3.0,-0.1665676952039019,-0.4264036434646033,0.8669793167974491,-0.5990423510561446,-0.0944302232734884,0.6887216801785682,0.9088740121328094,-0.31693159633755413,0.057904155501674826,0.2648575128029739,1.5199999999999818,4.0,-0.1158770201774426,-0.4605006622596849,0.8575830316961663,-0.4650430516861338,-0.2481402404703194,0.544878100723889,0.9212206337211521,-0.32062090348822214,0.014082386290650764,0.21990103830849886,1.4719999999997526,5.0,-0.034074753765537,0.407924565241325,0.890735348029084,-0.111233447943025,-0.1710906180791744,-0.0005013118297985,0.9790298194742358,0.16255807913662942,0.07165782325596597,0.09970275750384903,1.4719999999997526,6.0,-0.1327606535397661,0.250219888493544,0.9370131355930784,0.4910766549790478,1.2834043412728329,1.2415312905408984,0.859213330990097,0.27386491202830476,-0.00271366134434896,-0.4321378227495704,1.4719999999997526,7.0,0.0571602787216944,-0.3785363502860487,0.901261301759138,-0.8403228887788384,-0.1649221653789076,-0.3444692927195653,0.7744104095378385,-0.39156058215781137,0.10387072945817508,-0.48598322981508274,1.4719999999997526,8.0,0.0209094262395357,-0.2679316110098896,0.9427796390015952,-0.7908864471857874,-0.3162555099943175,-0.6601204366982334,0.9508026371946986,-0.20449944544086868,-0.0019497037771278954,-0.2327026441043698
23,1.6269999999999527,0.0,-0.0481497711909666,-0.309296717604827,0.9286797833554562,-0.3177431353046338,-0.6129937622296212,0.2890918183368274,0.973844184064182,-0.20833412079986166,-0.0032925226002561815,0.09062868513800151,1.6269999999999527,1.0,0.0548091916178846,0.0100127321069186,0.978588114433212,-0.2319820760317313,-0.1888465558629817,1.08514783926124,0.8978020002027847,0.026221134692605154,-0.053808739604159654,0.43631254860423496,1.6289999999999054,2.0,0.0674163019760198,0.028005266673066,0.9769318027715388,-0.3379210237831836,-0.5253958877158365,1.2893009199185057,0.9351542328424483,0.04606436949674884,-0.07222199032277002,0.34372753566384034,1.6289999999999054,3.0,-0.1726094860374581,-0.4399022772670276,0.8580192024571289,-0.1719548815671114,-0.0890949023475162,0.2899873916903772,0.905036600174836,-0.31589939433274006,0.052856150873683116,0.27986166639788373,1.630999999999858,4.0,-0.1117118439148882,-0.4701486546430176,0.8527283896215117,0.0403175818243944,0.0067509742990108,-0.2511237431207547,0.9267640407047136,-0.3124625750976546,0.00956984512697477,0.20828818997787668,1.5589999999997417,5.0,-0.0136392654029794,0.4035548106626251,0.8930366651097363,0.5005355359044601,0.430020898643878,3.0287871987172568,0.9471494415558018,0.1975521906231852,0.05975561709447052,0.24558162302210715,1.5589999999997417,6.0,-0.0187224555018258,0.4011105967822942,0.894219636783343,0.7191870003608615,0.323982238911871,1.999136929008679,0.8914370310425769,0.3034083017021704,-0.04227110324348773,-0.33391103002862765,1.5589999999997417,7.0,0.0971828057670386,-0.41484402977431,0.8822363250421382,-0.639155144705371,-0.3124679274386258,-1.266161889334822,0.7389878508171145,-0.41271656751799085,0.07839924040784459,-0.5267025254774681,1.5589999999997417,8.0,0.0638255772896964,-0.3201985281325142,0.923691072959682,-0.8687670907525433,-0.5442602713343623,-0.7099533342541353,0.9330488596356993,-0.24751331734138554,-0.025149029677864268,-0.259854785558099
24,1.6539999999999964,0.0,-0.0163060846208538,-0.3178198133841948,0.9265973655395168,0.0059321185141642,-0.7658985172877084,0.3628257868382002,0.9721734177281586,-0.20009835880046967,-0.03719957478991963,0.11599863923149754,1.6549999999997451,1.0,0.0648576673126856,-0.0362726557005082,0.9769476840850742,-1.1157003480954963,-0.3887931850731216,-0.3755203898811206,0.9052959959391681,-0.01768200480919331,-0.09435572832175179,0.41379161781663615,1.6549999999997451,2.0,0.0926502413888161,-0.0234978334278938,0.9750137355928834,-0.7775660322359291,-0.1964466310936408,1.294599388020247,0.9124615715543362,0.0051919560543961,-0.09242651420642226,0.3985527110691513,1.6549999999997451,3.0,-0.1700142749578954,-0.4298442641952736,0.863772571252969,0.4074792504409047,-0.1239116072023786,-0.3267223772054267,0.9186786201662313,-0.2888830577853343,0.044865375206931214,0.2656374783075729,1.6549999999997451,4.0,-0.1069145402257442,-0.4364190398546879,0.8707644358496907,0.9611208274376158,0.0052187106359997,-0.1642500183263851,0.9448142086742549,-0.2591526178291096,0.01716153666201065,0.19967852518225163,1.5779999999999743,5.0,-0.0349908289781005,0.389610858481234,0.8971204048738055,-0.3573601470505723,-0.7006429459917801,-4.196461716895035,0.9831446630408336,0.1714311258343028,0.05660294103707865,0.028879883923969465,1.5779999999999743,6.0,-0.0612105689396022,0.3672890037584383,0.9068236068653178,-1.265690031436293,-0.4053195997207057,-1.1766252072444718,0.8903027328624793,0.23066305251228433,-0.02496209943773487,-0.39183222641198895,1.5789999999997235,7.0,0.1521736275971275,-0.445939913507295,0.8593659177585744,-0.5178302882277821,0.0169755055527346,-1.2941338375293372,0.7004748798955887,-0.41940711496001487,0.06426461722781804,-0.5738489988914676,1.5789999999997235,8.0,0.1465677057804127,-0.361941406451943,0.8988461080284299,-0.89177528640522,-0.8069144296913813,-2.3242633957719074,0.8860268045779656,-0.2886126759056106,-0.08260218240222653,-0.35332153109929715
25,1.7289999999998145,0.0,0.0219163076150277,-0.2916856112626196,0.9354320817904822,0.6253764672130709,-0.6212368535354099,0.0422256082735219,0.9770406846555721,-0.16062162935699256,-0.06273106097363174,0.12512796130201467,1.7289999999998145,1.0,0.0908848337265372,-0.1064172366898768,0.9703655593299828,-1.182217243158499,-0.1315181651870834,-0.8155525603090821,0.918788714623338,-0.066634628996439,-0.12433698004928483,0.36868338651412663,1.7289999999998145,2.0,0.0933533885497386,-0.0697848865687602,0.9732775629042656,-0.7605358964241762,-0.155701408130204,0.6794482758470493,0.8979745950060055,-0.03085719047078358,-0.11005851695542461,0.42494303543607165,1.7289999999998145,3.0,-0.1394323177508496,-0.3751634976475189,0.8944769302779733,1.079274794471772,-0.6328422601559159,0.0239744697072482,0.9361595038166578,-0.22132371629602784,0.026899430384343316,0.2718411607237988,1.7289999999998145,4.0,-0.103901192653699,-0.344643883835176,0.9115717939362454,1.61102756115063,-0.7938521169958065,1.599672970725603,0.9456686486953888,-0.16474854907043193,0.00847967463447935,0.2801728351784277,1.6489999999998872,5.0,-0.0004330938409566,0.4102016147955988,0.8905034798633903,0.2687704460823409,-0.3405383819372213,0.3698390586400172,0.9801984898889957,0.19031159597241512,0.03197179759164385,0.04438717175630186,1.650000000000091,6.0,-0.0512350602048236,0.2610097698558608,0.9435824652067242,-2.3657192682494173,-0.5249958798826599,0.05907673518706,0.9152847917860155,0.10109495068513394,-0.0035543441128514444,-0.3898986118327791,1.650000000000091,7.0,0.1514060577693656,-0.428328395761294,0.867505038057587,0.9670646739025258,0.3808325173087462,0.5896056185459136,0.744076286176713,-0.35191229185999295,0.06271164737012459,-0.5644249006479453,1.650000000000091,8.0,0.255739029633479,-0.3589379962182003,0.8751268842819251,-0.2459027553459226,-1.2750683419186004,-0.7438368519039164,0.8646851323856023,-0.31195679445877383,-0.1422594466173383,-0.3671032961857306
26,1.8040000000000875,0.0,0.0551249902647891,-0.2663818259265879,0.9415885291698938,0.0654420259224119,-0.2731533608882774,-0.6954725411213682,0.9809707370180615,-0.1506043374475683,-0.07921814738321022,0.09348385840021911,1.8040000000000875,1.0,0.1194266183272029,-0.1825579775053163,0.9557383887257522,-1.171337687936039,-0.2779380539390735,-1.643802074870493,0.9394291293026686,-0.10577496310922777,-0.16369837496914813,0.2819351170559132,1.8040000000000875,2.0,0.1094487490888575,-0.1426714539468819,0.9623465215563296,-1.1816204468361216,-0.3590733600047388,-0.7387041543666044,0.9082412947839087,-0.07389131357151223,-0.15109985160962164,0.3831535711323542,1.8040000000000875,3.0,-0.0801829479523005,-0.3152474891005669,0.9243028267150688,1.3445377902591764,-0.3329291562906314,-2.635131365980424,0.9789180428303986,-0.14693431970431609,0.005811489163570558,0.1417603530887018,1.8040000000000875,4.0,-0.0605399138832187,-0.2471559963096423,0.9465990874257172,1.9648764646698111,-0.1572383458340557,-2.1587536782844543,0.9833745399826704,-0.061817759442325274,0.019764366173047918,0.16959495440955694,1.72400000000016,5.0,0.0114862317726117,0.3389582949969409,0.9196637106749576,-1.1900826740972446,0.005557961061184,1.918007651151828,0.9812177121384447,0.13227601354751198,0.013882782205580502,0.13972160170856665,1.724999999999909,6.0,0.0338962959494175,0.1232438983269749,0.9708444688239616,-1.4536271962403642,-0.8803678560648746,2.902867006791092,0.9688896688263556,0.006989864632374889,-0.023060600061812993,-0.24631719420041503,1.724999999999909,7.0,0.0566379966974713,-0.303610107619196,0.92952409322274,2.644931734919973,1.0878861130033577,1.4309851465270915,0.8322655161113729,-0.18489027156835444,0.047976554989789255,-0.5204305413237792,1.724999999999909,8.0,0.2744656635603343,-0.5027672446853815,0.7941981473145446,-2.887990103982637,-1.2763874668627986,2.6625940030386515,0.8494626427703497,-0.47118358022869156,-0.06855461416499951,-0.22737527820142106
27,1.9229999999997744,0.0,0.0721511468538366,-0.2694975024360948,0.9390582027693402,-0.1457052800989909,0.0920899778218807,-1.0991319262641115,0.9843254530488239,-0.15204074189765843,-0.08074160706141194,0.03831198471207119,1.9229999999997744,1.0,0.1559737350998584,-0.2311902798929737,0.9400155575531756,-1.0583548351893273,-0.0853924700909886,-1.99048323210192,0.9561398711966922,-0.1367765777577319,-0.18993300857101303,0.17610839485958507,1.9229999999997744,2.0,0.1369306390632556,-0.1961019136184274,0.950517248428938,-1.1447122571051327,0.1317840061914182,-2.976471350300708,0.951929596427156,-0.10682584503347284,-0.17588077798879528,0.2269013755202294,1.9229999999997744,3.0,-0.0290554057424796,-0.2379415450250597,0.9498129313439712,1.5822792211548573,0.5245758278331317,-3.569914162051421,0.9963335422233864,-0.0675231691267694,0.02992551719397164,-0.04318052445664014,1.9229999999997744,4.0,-0.0476882282079233,-0.1335180998506415,0.9699070831284116,1.6396998627944603,0.2250561979562318,-2.7407793734362,0.9984686551607104,0.015297077384603387,0.0458443082598365,0.026919202908495195,1.8009999999999309,5.0,0.1016819340961495,0.2557463719116891,0.9406043682295304,-1.3410075533324994,-0.1040802791492734,4.30222692504906,0.9384315929733827,0.07059506482955623,-0.020010048612372478,0.3375827011054932,1.8020000000001344,6.0,0.0720946002337779,0.0412578077707354,0.9762454414311416,-1.4944649182571403,-0.1816657063767673,1.0802014280248224,0.9787589150328322,-0.06919601686358541,-0.01158748608111114,-0.19263599783085045,1.8020000000001344,7.0,0.0075652252305017,-0.0017839428105624,0.9801089658376052,5.001879891473754,0.4388722317510711,0.6238282475700465,0.8806430144289689,0.06970482898267685,-0.06800891608761618,-0.46366356907411016,1.8020000000001344,8.0,0.286779759464075,-0.5900571366919223,0.7279724891784423,1.3004664011244298,-0.4849695630046209,0.2493028431587699,0.8853133426843478,-0.4072957879405606,-0.09905761420174926,-0.20129087276774799
28,1.9389999999998508,0.0,0.0846807462654078,-0.2654967120481811,0.9390051475383608,0.0724898598870114,0.1198437729964762,-0.8515012414922445,0.9866065723793537,-0.14342309531260236,-0.07760097381534747,-0.003921215592791849,1.9389999999998508,1.0,0.1927881852338145,-0.264528400052151,0.9241641851966031,-1.1439152014262015,0.0784475142470747,-2.9190609418726505,0.9639169724660913,-0.16140341742731282,-0.21062117780285158,0.021253858368043003,1.9389999999998508,2.0,0.1536473428741117,-0.2172692173058488,0.9421807582619316,-0.7011007708492883,0.4257469143712192,-2.6494880234903544,0.9741606788742107,-0.11995287004386672,-0.16995758279767442,0.08795851722913439,1.9389999999998508,3.0,-0.0388193425545585,-0.1284011373330403,0.9709450069778482,1.845995078251591,0.7376604145022595,-2.617734369757215,0.9820044609366536,0.022038096480295418,0.06397818320147408,-0.17631889597622893,1.9389999999998508,4.0,-0.0586243357538956,-0.0473846605253532,0.976794185693338,1.8921140151402909,0.5731641125378667,-2.8253466326330976,0.9843097781391371,0.09708436038523444,0.08797464156464455,-0.1181920051012119,1.8679999999999384,5.0,0.1147689873785655,0.144458562988325,0.9615746477083548,-1.0964751412931597,0.4633868267523154,0.4834394925833913,0.9330665433689331,0.012943345983194732,-0.018170654065017066,0.35901131287350746,1.8679999999999384,6.0,0.0978161946724915,-0.0463531968178818,0.9743189278693892,-1.3393260439203751,-0.4910460759255765,-1.3190912551115124,0.9573307822743325,-0.13344940604857503,-0.03425211163774397,-0.2540390170498472,1.8690000000001417,7.0,-0.019853575382476,0.2685196402651941,0.9417138834786196,3.162740756299553,0.57684757589948,1.5354672529883693,0.8955775944197404,0.2243032403770914,-0.12958239434195548,-0.36171429582792786,1.8690000000001417,8.0,0.2885561932228941,-0.5404653241326101,0.7643935875993104,0.7428603522304408,1.3702061033424122,0.1958497059432168,0.9103649280529053,-0.3508205649441605,-0.0390483521080496,-0.21595336344019905
29,1.9899999999997813,0.0,0.0869918878542848,-0.2637268593978313,0.939730575792713,-0.0980189994466438,0.136178405334365,-0.3293630567229831,0.9865518603951479,-0.14618956652808995,-0.06999001331925225,-0.021105341143243923,1.9909999999999848,1.0,0.2438452000312708,-0.2975916100155912,0.9006268661715782,-1.287253160761026,-0.1851301661264539,-2.1704466674049088,0.9476935359994687,-0.19720087885587845,-0.2326780355232748,-0.09407288125874833,1.9909999999999848,2.0,0.1710104688472599,-0.2394485184506915,0.9345912617590691,-0.7343079478328223,0.3473486523479949,-2.194013456533146,0.9766058991632725,-0.137434908671418,-0.16309628025422332,-0.02742566253002704,1.9909999999999848,3.0,-0.0791683775663478,-0.0301061755666253,0.9765177859036996,1.243086169539692,0.8848955314244009,-1.207240705405774,0.9631216668290555,0.0827840295711034,0.09832327562354266,-0.23638103308651737,1.9909999999999848,4.0,-0.0889147642989328,0.0770621377958131,0.9731220846368684,2.018605845650948,0.4913750698514579,-0.5923504765658797,0.9648765385874805,0.18915109276495137,0.1003496598001444,-0.15220077255803338,1.9800000000000184,5.0,0.0930517180679361,0.0599003627767098,0.973873874946763,-1.093206073195822,0.192501672905824,1.236923830359547,0.9096516937446604,-0.038170346093660726,-0.028061968923993465,0.41266129773298277,1.9800000000000184,6.0,0.1366173920151424,-0.1208141961418055,0.96322718930146,-1.9339947604325247,-0.2281518566625738,-2.481764993695604,0.9043991493055475,-0.21309004008757038,-0.04812002774565429,-0.36652322775048923,1.9809999999997672,7.0,-0.0892308679303567,0.4029340191682037,0.8889448961579977,2.6334061835613327,1.0966629613736223,-0.4233666286596113,0.8607161438614297,0.3576762119966129,-0.11221659185746706,-0.3444457629002852,1.9809999999997672,8.0,0.1181960712444329,-0.3072906645070036,0.9232048181466695,3.70005024660304,3.1052154863626686,0.6603666593512737,0.9674137143062124,-0.11263339949526455,0.07914842029911236,-0.21250870630294988
30,2.1039999999998145,0.0,0.0770483075821311,-0.2610571520939578,0.941462012849866,0.0737644373849328,0.3016888851688216,-0.1412419110918588,0.9882079671200766,-0.1406114858472021,-0.05288407048192618,-0.029609100923705497,2.1039999999998145,1.0,0.2890564183126877,-0.3382456313302528,0.8719703434855106,-1.0636426768620535,-0.0748284109424316,-1.5225580022804257,0.9277918386288285,-0.22773933004269523,-0.2381908600961606,-0.17493489043668012,2.1039999999998145,2.0,0.1894744404144064,-0.2615506758631893,0.924814943859125,-0.6913888843393315,0.1900420782342055,-1.7828118103638682,0.9675089696312568,-0.15551158591460593,-0.15937977391004446,-0.11975236113651878,2.1039999999998145,3.0,-0.1071333631753328,0.0375359908367983,0.9736028409401042,1.2428620736100235,0.0266318288112278,-0.2398782516414253,0.9543671180381093,0.13606046341320374,0.08152764248864007,-0.2530300334222456,2.1039999999998145,4.0,-0.1106124220402878,0.1808643333932519,0.9562604169349456,1.106438221051118,0.0906656884947575,-0.2645360400173614,0.9531924337438773,0.23243085372096228,0.09353148772384362,-0.16926884916053878,2.0450000000000728,5.0,0.1184904827940711,-0.077537716772449,0.968909649020456,-2.707452792068631,0.0158708063176875,1.981720961821956,0.8576028295619192,-0.1544489026494862,-0.07149664467920305,0.48533612373011653,2.0450000000000728,6.0,0.1178790765659234,-0.1345109665193791,0.9637506540563217,-0.4830055842797702,-0.1062265540227026,1.249631505622724,0.9229375336266753,-0.22742215734293333,-0.028009577801390417,-0.30932335011114764,2.0450000000000728,7.0,-0.1276548379305844,0.4763880997558426,0.8454351665053526,-0.3345713092907815,-0.0550539332616535,-0.1121740045991335,0.8678007386053721,0.3331262442254552,-0.09951336349883644,-0.355029398739543,2.0450000000000728,8.0,-0.0651078722131375,0.0365051553536094,0.977381368048566,5.948372974747357,1.6257161031993212,3.31815780516502,0.9722546410609259,0.22528026860259776,0.051581265651964386,-0.036181301076290306
31,2.152000000000044,0.0,0.0469566158267595,-0.2512418378388998,0.9458380491127591,0.1516591385310556,0.5296800049210088,0.043673711774575,0.9906025662691991,-0.13130221081243823,-0.02335903612175509,-0.03034205939130744,2.152000000000044,1.0,0.3118013511899483,-0.3548377695803115,0.858879546080469,-0.5695486561481168,0.3028581990320233,-1.296910459078889,0.9146979545430347,-0.23369706085859523,-0.22360737081478269,-0.24230781955632968,2.152000000000044,2.0,0.2029127740401966,-0.2755763452282286,0.9182810485259753,-0.3491885468265322,0.1150319694697186,-0.8910622217285861,0.9605715601997851,-0.1641849800524092,-0.15190808875125766,-0.165134801397164,2.152000000000044,3.0,-0.1174275275626926,0.0713229945685656,0.9699328874805132,0.2056064911827972,0.2832494077268571,0.1360133975931153,0.9548031970896258,0.14157059000824795,0.08823746789935259,-0.2460137641085482,2.152000000000044,4.0,-0.0965847911942916,0.2395347163670817,0.9452145247322944,0.8851128012852808,-0.5825739279561876,0.0835164212189254,0.9482654181925187,0.25963673770389,0.050822349595174204,-0.1754951562758202,2.09900000000016,5.0,0.0905691417155442,-0.2508819870175033,0.9428872992882334,-2.327189859545032,0.6180886451585729,0.4540589112184813,0.8296321303611679,-0.26091207080969453,-0.0992972042860081,0.48350334517888266,2.09900000000016,6.0,0.1034681286526225,-0.2055957510855752,0.9529211580653894,-1.1872289157027032,-0.0206688490021105,1.2923131547288793,0.9291272266681182,-0.2731610151292509,0.00820254314323935,-0.24907503841925163,2.09900000000016,7.0,0.0815921058597367,0.3408882206392896,0.9150950493204256,0.8197513576861599,-2.5581911356787894,6.598302551293719,0.9121211242309962,0.2602840000867262,-0.3112054909339656,-0.058638182466600214,2.09900000000016,8.0,-0.0236633713790832,0.365270336948995,0.909544735458429,3.3275357484957726,-0.3779126389378199,0.5196428356857546,0.926994412065995,0.37425022204909647,0.013292664580448425,-0.021010387025800846
32,2.2199999999998,0.0,0.0121074159550006,-0.2325038643429838,0.9518730816366604,0.2620990529162008,0.5864726134639784,-0.3699865268756274,0.9919117157133185,-0.11571809918619638,0.005251200601441672,-0.05189310786258376,2.2199999999998,1.0,0.2850957203698784,-0.3460384348631293,0.8700769114418885,0.4572261157831649,0.7678394722843491,0.337415995101653,0.9352113723678221,-0.20447466326242905,-0.17765209930086137,-0.22805598587103046,2.2199999999998,2.0,0.1985323484726245,-0.2817778098704819,0.9176863148563016,0.2398143112469227,-0.1779273641560536,1.370834334914847,0.9714750686849608,-0.16366642708602203,-0.14359043332719748,-0.09397488507763063,2.221000000000004,3.0,-0.1397612010195346,0.0455475421551206,0.9685789735964768,-0.9524657105492844,0.4845992596470592,-0.2621895217834428,0.9561422056394746,0.09065283332195742,0.12164943164646971,-0.25055051823070135,2.221000000000004,4.0,-0.0625964426028335,0.2544658127962774,0.9442901225213572,-0.7666946937888288,-0.1727617271306735,-0.6734432568967877,0.9547412956977854,0.20717648952271803,0.05204335788631631,-0.2069745138375102,2.174999999999727,5.0,0.0248830488597871,-0.411077790178093,0.8887057354950159,-2.08267697967606,0.1168620685580729,2.4278562224048645,0.7452343991087271,-0.3454895859329097,-0.10465199900475447,0.5606341012650496,2.174999999999727,6.0,0.0444401363225884,-0.3226613014055411,0.9233010120534432,-1.3580290412601488,0.1565691337892792,3.217973441098129,0.9393561057651332,-0.31923522666387083,0.08478265886536573,-0.09225441655741921,2.174999999999727,7.0,0.174210207641673,0.3314302756277688,0.9052241578475172,0.8522165637590348,0.213105296222193,1.5334224245730468,0.9142998136513324,0.2664295287810813,-0.3040813801729734,0.024610387699700156,2.174999999999727,8.0,-0.1502786226228778,0.4407650891835593,0.8608916724766129,-0.424559598630651,0.970857468074315,-2.8027184055893826,0.925716535690202,0.3362273321640532,0.1108846193882774,-0.13305892618945608
33,2.302999999999884,0.0,-0.0182267651890769,-0.1981450270665245,0.9591742976537416,0.6531678919059979,0.6101680628883213,-0.7623370998026925,0.991920964002924,-0.08026901008749278,0.03167244291515231,-0.0929867923463869,2.302999999999884,1.0,0.2117737528545796,-0.2914535432650701,0.9107632566809684,1.470718639853606,0.9240723388798896,0.6346874649817797,0.9643638977072377,-0.12467272807448453,-0.1348024468953377,-0.19049221502308045,2.302999999999884,2.0,0.1862731116792764,-0.2525963059532242,0.9290066921632508,1.2174226063228597,0.1905690258878168,0.7990684878226185,0.9848634476744942,-0.10555304910859749,-0.1293375414335671,-0.04662985775774275,2.302999999999884,3.0,-0.1427464590876987,-0.0167958001074244,0.9697604598645356,-0.7866721635373104,-0.1499220579867873,-2.079908161825405,0.9311598537384799,0.031365580272490576,0.12243177554110612,-0.342005829625395,2.304000000000088,4.0,-0.0847762171656881,0.144352861402185,0.9648861302807072,-1.968092828829428,0.2460771284796216,-1.5626730029175977,0.953815713062228,0.09800007540050419,0.08875177925509294,-0.26973077765828724,2.235000000000128,5.0,-0.013892951121066,-0.4956097279776584,0.8456967443729809,-0.08271088681677,0.1275632578873586,0.1622324948831277,0.7449229791139943,-0.3407308935723411,-0.10352815017357749,0.5641578994173201,2.2359999999998763,6.0,-0.0908672913231528,-0.3948661677144003,0.8919584323062013,-1.3655560963146078,0.9361055619865428,0.6134176070106909,0.9179588340334582,-0.36289720059508507,0.143233967087075,-0.0717023813599183,2.2359999999998763,7.0,0.1154332912756801,0.3524326583893258,0.9066986139649144,-2.1147469965026846,-0.0988401585001927,-3.0478098026897,0.9346070250741227,0.20018229356601908,-0.2522984824148061,-0.15093784746024533,2.2359999999998763,8.0,-0.1174270196018868,0.2947144512552975,0.9266106449252064,-1.795325813458641,-0.2712396712813638,0.6802375941115698,0.9634446495225384,0.23254485624521146,0.09409169039503107,-0.09404281439266136
34,2.344000000000051,0.0,-0.0431276353195042,-0.1936360292443211,0.959958902896494,-0.1214956556106796,0.3085988431005303,-0.0530555776074573,0.9904183179477001,-0.08657189309315573,0.04725154727300213,-0.0966651647710954,2.344000000000051,1.0,0.1299748539655158,-0.1806067924384447,0.9531063549582172,2.2705770266238243,0.758415691688037,2.409041151168833,0.9927204351140873,-0.016904120505024132,-0.10572648093850427,-0.0551570452907782,2.344000000000051,2.0,0.1383208412890815,-0.1492253816746589,0.959272709050525,1.6357048406078494,0.8842890906927017,-0.5359428664458211,0.9942376755122388,-0.015637636636952643,-0.08282269701613285,-0.06623677053875832,2.3449999999998,3.0,-0.1118251665379482,-0.0531143289256369,0.9723754419932352,0.0165157774243658,-0.4681219906704176,-0.1476007700673256,0.9318398508498712,0.019537869835807138,0.09453193158436342,-0.34979490836960203,2.3449999999998,4.0,-0.1661510927459197,-0.0544970665945699,0.9639719311846812,-2.653742513311688,1.580840993816379,-5.335419612131111,0.8631215787754406,-0.030714197160302808,0.18107771062199385,-0.4704132662466977,2.2789999999999964,5.0,0.0374800315854732,-0.2166891553282721,0.955191633754961,5.857646421244752,-0.0892287865950774,-1.7283003442709832,0.8863381619881354,-0.03713531122317943,0.05446848946080932,0.4583217373414762,2.2789999999999964,6.0,0.0306864968331673,-0.5451585035716726,0.8140040201962166,-2.70296213796973,-2.52587043496908,-3.533624128363196,0.8514676986754866,-0.49391198952049087,-0.05904421434618096,-0.1660345911923874,2.2789999999999964,7.0,0.0684954387077337,0.2732174618664972,0.9377918710500024,-1.373180257868997,0.3156510716416176,-0.6340541717875156,0.9493064241676401,0.1381167966627346,-0.20334846353036706,-0.19593485114576326,2.2789999999999964,8.0,-0.1290459982193576,0.1031036688614236,0.9656530245439524,-3.1655768305480287,-0.6853431730725713,0.1492802837249294,0.9932664341426467,0.052215416518741106,0.06924343180741302,-0.0768159373753785
35,2.389000000000124,0.0,-0.0428527577689636,-0.1887353842028841,0.9609118564683156,0.1630952332273915,-0.2221460762819596,0.6226519177819364,0.994091684912339,-0.07877599743308883,0.03626305020810008,-0.0652767600771771,2.389000000000124,1.0,0.0677626723166449,-0.0453498847970801,0.9765416571705472,2.3128423097363164,0.2616146975048309,3.4361604730754323,0.98308448898834,0.07932481298053243,-0.10320546533549753,0.12884523072671916,2.389000000000124,2.0,0.1072360257389729,-0.0298238737053914,0.9739019310695074,2.266498266583137,-0.0795354685950226,3.085623217546516,0.9862992714621992,0.08334180311374458,-0.1024551023097542,0.09884757446484443,2.3899999999998727,3.0,-0.1149386929345665,-0.0606836037779738,0.971369444186408,-0.6405675688807609,0.0367353638004413,3.4455652424369854,0.9794866823240956,0.001773562486965692,0.10277473073909547,-0.17332065182010867,2.3899999999998727,4.0,-0.1261861365301807,-0.1981375592481528,0.951675137093941,-2.309454317810438,-1.5330622853812306,3.1505459944982546,0.9310815952270295,-0.14758779437532105,0.1748938300037838,-0.2841074694680265,2.372,5.0,0.065861543379762,-0.0007214342659803,0.9533387313207384,4.410582207931285,-0.0815270467246769,-2.317896538884018,0.9247381509130144,0.1685252152579113,0.1585775219010512,0.30217838045759515,2.372,6.0,-0.0224507727988209,-0.5405566078378693,0.8155861490508234,-0.9127315379272172,-0.9394507684150448,-1.8165568023548255,0.8200501122022323,-0.5138432032186093,-0.12606598088744408,-0.2181521130909158,2.373,7.0,0.0582016208053621,0.2319006960573943,0.9491259866338742,-1.114874045862024,0.24603623463536,0.0654092919972609,0.9613120701949759,0.08330876089558042,-0.16609414178178525,-0.20335065803007576,2.373,8.0,-0.1118216460108836,0.0466438489821083,0.9702203465376054,-2.30547894190326,-0.4252755153097091,0.8967233792868581,0.9960056000807891,-0.06397046155107311,0.057710591388562625,-0.023454472883275394
36,2.4670000000000982,0.0,-0.0365811020226646,-0.1695866894850259,0.9645165512962008,0.2538597439376276,-0.216945146273431,0.6691750029112036,0.996973719310165,-0.0662301535274682,0.025634570504053197,-0.0316202239659511,2.4670000000000982,1.0,0.1039814206346553,0.0552008145118369,0.9728323258609516,2.0712700750160096,-1.0186062130616236,3.830242168425466,0.9235939418626337,0.1560437257813582,-0.15964016774069636,0.3116722686455059,2.467999999999847,2.0,0.1448734142097274,0.0830509658993845,0.9657350728426488,2.515318424582232,-0.7999410929780626,3.697614475156682,0.9297816212596132,0.18038394796448207,-0.15520578270973337,0.28085393552174276,2.467999999999847,3.0,-0.1243848081716286,-0.1214388989358515,0.9646937406873516,-1.584638246782871,-0.0234617862539612,2.070834998629727,0.9885397590462395,-0.07140326055416893,0.11865827317035789,-0.06009104238790348,2.467999999999847,4.0,-0.1028392630889617,-0.2336057512225973,0.9462042268786616,-0.5082047448119851,-0.9520761895680592,2.688170339150795,0.9666191186864564,-0.15583386734205562,0.14634522528972418,-0.1412315836275173,2.4659999999998945,5.0,0.0942430551740508,0.2152462867963114,0.951485828886516,2.9635179946178187,-0.0738253068542764,-2.907492733497053,0.9267574627681086,0.276196450045357,0.21909752250478362,0.12973974648590328,2.4659999999998945,6.0,-0.0755880424308091,-0.535954712104066,0.8171682779054301,0.8774990621152958,0.6469688981389902,-0.0994894763464559,0.8604622102952529,-0.44719199782249486,-0.09077216910839168,-0.2266815278153282,2.4670000000000982,7.0,0.0479078029029905,0.1905839302482915,0.960460102217746,-0.8565678338550514,0.1764213976291024,0.7648727557820375,0.974399813594803,0.037599456415767486,-0.13808350736217498,-0.17339039517289268,2.4670000000000982,8.0,-0.0945972938024097,-0.009815970897207,0.9747876685312582,-1.4453810532584912,-0.1652078575468469,1.6441664748487868,0.988334007819075,-0.12456698104346843,0.06025709732582749,0.06362419699977884
37,2.5279999999997926,0.0,-0.0291024570935276,-0.170506334744191,0.964989967203401,-0.2434535764402899,-0.1759878661934588,0.1661020302832701,0.9963555728297299,-0.08046546536783557,0.017125865557223664,-0.02252967161754833,2.5289999999999964,1.0,0.2120989977281212,0.1497780842225793,0.9447124116096604,1.8243960379561883,-1.2759571342979883,2.411891422430525,0.8555839047286344,0.22867626184060197,-0.2047668505462341,0.41683796151176966,2.5289999999999964,2.0,0.2137666374492449,0.2244761256934015,0.929038370417134,2.702732597665739,-0.9503205400903428,3.185675231571404,0.8411056811546537,0.2763151632841581,-0.19180761120494455,0.42355755683551166,2.5289999999999964,3.0,-0.1339737565665784,-0.2086100926075434,0.9484692202774486,-1.696435739196268,-0.3022126315440922,2.3236919052082268,0.9800238972448109,-0.14405003678868,0.11994276762592923,0.06645660406990674,2.5289999999999964,4.0,-0.0822215590488709,-0.2528008888682917,0.9431290080444852,-0.8921056551757567,-1.1304144432552563,3.237393363756149,0.9766465072340571,-0.1781109043884647,0.11538523390176131,0.033531379972735385,2.518999999999778,5.0,0.0826955441584594,0.4091314527526044,0.8868313827018527,3.0531121646566577,-0.584260784411101,-1.0895959137902456,0.8927778383745892,0.3965228688898896,0.21021079273262142,0.03909946768499863,2.519999999999982,6.0,0.0276290685124418,-0.5103461904272001,0.8360211722735131,2.0669886925082994,0.22356498925206,-1.6137442144608194,0.8940853891786266,-0.3254890848864895,-0.11766777965421044,-0.2842929230710947,2.519999999999982,7.0,0.0407379125534219,0.0439025278189439,0.9768966119973476,-1.98542166887932,0.5797987584407959,0.4279930663153364,0.9817382217613071,-0.059936958532674375,-0.0791931644319159,-0.16225309748062947,2.519999999999982,8.0,-0.0664945192900358,-0.050261789204506,0.9766233826047525,-0.0517925702777063,-0.7445302427523002,2.3386807038043327,0.9768616744342719,-0.10737988743998465,0.03310069610061121,0.1819757475942935
38,2.59900000000016,0.0,-0.0240654292227231,-0.172292736481987,0.964328817401966,0.0345481203324623,-0.0497432431116611,0.1214850567963142,0.9965953309931017,-0.07944390601366715,0.01481311598196469,-0.01633963386819436,2.599999999999909,1.0,0.2472941961615052,0.2371980726650852,0.916908749477724,0.7014058865739605,-0.3868488314206094,-1.5504809745657602,0.8786867666864856,0.27691016296561444,-0.17114967384447521,0.34919638720831053,2.599999999999909,2.0,0.3052856729189505,0.3181967553803638,0.8750688445921456,1.637432553775687,-0.6223939511442045,0.8632233269527378,0.7973593188471482,0.34066472382925356,-0.1850777397268674,0.4625061003311678,2.599999999999909,3.0,-0.1601084034511725,-0.2939538611007032,0.9200013188513944,-1.481046041147445,0.0651941156707027,1.6966298764917926,0.9573966370168987,-0.2053927741997835,0.1302178216182929,0.15572028341945746,2.599999999999909,4.0,-0.0775849411197441,-0.3067816629582144,0.926468341706309,-1.103221982907486,-0.2607726940763339,0.8983327346257822,0.9655511403138105,-0.22353893756914023,0.10285739758816216,0.08462679593693039,2.5799999999999272,5.0,0.0901386892995182,0.5165647327423658,0.8265844745566981,0.3213638731856483,-0.1402008010683174,-1.6058934374370004,0.8979023109786267,0.38340254362181614,0.21396384314788264,-0.03151830117489102,2.5799999999999272,6.0,0.0785447248992245,-0.2061060344364581,0.9548088964601152,5.595536443877925,-0.1859859981524773,-1.8951552286395337,0.9327606895712339,-0.02520218006607341,-0.19115979218155163,-0.3045985554194558,2.5799999999999272,7.0,0.0128497245592583,-0.1406126888806317,0.968810588456025,-3.1405880140324984,0.1341468586616752,-2.674676734696285,0.9329271171528615,-0.1949359992127113,-0.0643556680886516,-0.29581294474153125,2.581000000000131,8.0,-0.0180758461859307,-0.1231620878967849,0.971605559828456,-1.3894328725172715,-0.6840571393435891,-2.461079393145368,0.98306783961304,-0.1680483985428261,-0.03765073026583746,0.06260815423082658
39,2.673999999999978,0.0,-0.0195689793105481,-0.1656143225479434,0.9654154293441394,0.1455519341567294,-0.1382047313821398,0.1843151549611767,0.997299589045432,-0.07267654837751604,0.008134269088555041,-0.006744084232707975,2.673999999999978,1.0,0.2445509244525469,0.2711206312804489,0.9097859356153488,0.1119864563278317,0.0563568913382632,-0.0189544463325956,0.8825973604077608,0.27139965896292073,-0.15640263898435625,0.35057429887941366,2.673999999999978,2.0,0.3011201546285039,0.3676674118874058,0.8573402630884208,0.3419767889351626,0.2580567543987352,-0.6764769388814165,0.8156326717124733,0.34576645150956,-0.14128917220174828,0.44184417577264123,2.673999999999978,3.0,-0.1873533665676678,-0.345431582938714,0.8966185016740484,-0.7345578400028561,0.0207713075955256,0.7701486543535029,0.9437345481271769,-0.23374094300352374,0.12833111517244059,0.1956052123886644,2.673999999999978,4.0,-0.0854391131057481,-0.3761245142017414,0.9001647114657445,-1.001408264258651,0.4747000802298088,-0.7208766336679134,0.9548099983027362,-0.2743030647289298,0.103948032636407,0.04785919276864129,2.6489999999998872,5.0,0.0631569421002057,0.5171922397495479,0.8296814978094892,0.2183676400491148,-1.4234493385907938,-0.3621865656478035,0.9141493484932685,0.3766811645950738,0.13245397806119485,-0.06998723158116942,2.6489999999998872,6.0,0.0265940006709717,0.2226956138255442,0.9542905337009148,4.79999795869314,0.8723438244442505,0.6812159246128768,0.9314745252105788,0.2180609475330827,-0.208813434755423,-0.20298172703557263,2.650000000000091,7.0,0.0227041452118134,-0.2649942076311284,0.9433915368033312,-1.4657013262223593,-0.0480303343658243,-0.8565337845149575,0.9058236568471131,-0.2529886390238814,-0.04654804823434482,-0.3366207516279125,2.650000000000091,8.0,0.0228443551637884,-0.2010972347975102,0.9590099257014734,-1.1809793494753835,-0.3249759575413051,-1.7705405635343798,0.9737630790294198,-0.21381059876625913,-0.07395701998564366,-0.0245123024051346
40,2.736,0.0,0.0002762941335683,-0.1772793684788502,0.9651124023518152,0.0890318169960047,-0.8758828417807114,0.1046459565421813,0.9968821003879036,-0.07022118769382642,-0.03595299835342336,0.0015635326886648251,2.736,1.0,0.2823167446952765,0.3480780950522043,0.9027651385656684,0.1052194788939035,-0.1536553496143536,3.2362682858211587,0.8202905775695678,0.24614799558096784,-0.19185265459836298,0.47929854114697434,2.736,2.0,0.251194158047697,0.4940482297278619,0.8522134953551689,0.9676732585858444,-0.6676387387142042,5.314262202361888,0.6739141289439899,0.3461241339916072,-0.22151174032256374,0.6139791361092756,2.736,3.0,-0.2141770258995641,-0.3487365631906839,0.8872074227996336,-0.7527573296165173,0.0049216124192015,6.172708405435693,0.8449103637014895,-0.2161129636869212,0.17880509609237613,0.45546723465872724,2.736,4.0,0.0211388571752205,-0.4387373036610303,0.8758588511247541,-2.088180013442275,-6.144788300233065,16.995277410471076,0.6961055828408277,-0.19921732313283244,0.021715153874646505,0.6894040381328068,2.6539999999999964,5.0,0.0569610396877639,0.4033431888562274,0.8914391240914764,-2.528975903652625,0.6797349537035426,-0.9215430673355448,0.9546620965887486,0.2333381157183935,0.16787871750480896,-0.07739729516401204,2.6549999999997453,6.0,-0.1085677490408471,0.3841821442392111,0.8953379942323265,3.4905529573568046,0.8975500119260872,-2.946836804341432,0.8602364604100441,0.4032278249024562,-0.1212889883096469,-0.2875578806439757,2.6549999999997453,7.0,0.0727413973114259,-0.3337055836554061,0.9183911326631948,-1.1829093973065363,-0.6704554310569152,-1.166149748562331,0.8705032667841752,-0.3051412722666796,-0.0668905228990601,-0.380313718427092,2.6549999999997453,8.0,0.0893764710453907,-0.2907906235443236,0.931522227154122,-1.534695217322646,-0.9849462688014374,-1.672095540692935,0.9464907983345529,-0.27396724141541456,-0.1380455027454301,-0.10020258714728893
41,2.7979999999997744,0.0,-0.007314364714819,-0.1527192963700029,0.967973303653086,0.344565467898656,-0.3910013913917765,0.7278570288978149,0.9964506774619332,-0.05506284909230865,-0.04945164977551816,0.040108158396661965,2.7979999999997744,1.0,0.2349263804031101,0.2503707115260981,0.9181411125750816,-0.8882034497659859,0.1458108832655265,-0.3641278513748662,0.8459897951762616,0.20150935175522916,-0.18862478699203178,0.4561972570555691,2.7979999999997744,2.0,0.2845309475435754,0.3585552107659956,0.8660446297521321,-0.933423220481535,0.3835194333916747,-0.7680187299379895,0.7279633971118251,0.2999917343543426,-0.2030953095006906,0.5820880921675888,2.7979999999997744,3.0,-0.1979226138382638,-0.3438682305058292,0.8956982075343344,0.1149377701329127,-0.426922913634886,1.4380288769394551,0.8205729203664125,-0.1878077042727561,0.16165924966656534,0.5150287715986143,2.798999999999978,4.0,-0.103776111739634,-0.4035344950341215,0.8855548712246801,-0.2021963066364681,0.1125815578877943,0.6688917625943014,0.673032956211553,-0.20837566844425437,0.013109726095662095,0.7095310815850455,2.717999999999847,5.0,-0.020779427304307,0.3691123801619117,0.9075534508843612,-1.1465012437006006,0.4310770208709681,-3.982618349065004,0.9378748960270945,0.14098729651369707,0.20261267238611247,-0.24384701477049814,2.717999999999847,6.0,-0.1192989996529609,0.4476590676618627,0.8635178676911757,-0.5150946587857785,-1.047354531456851,0.3704736652850661,0.8749321565419568,0.3475470028290251,-0.15655246746279347,-0.2986572068521255,2.717999999999847,7.0,0.123322429421658,-0.3776987826744723,0.8959822587349382,-0.3537712706703513,-0.0074535143300998,-0.6172512567501498,0.8571806924517648,-0.3088747229500993,-0.06199203056901692,-0.4074244152678411,2.717999999999847,8.0,0.2329978324490297,-0.3324160101640271,0.8913571709818031,-1.3525306495262062,-1.0651769369198112,-3.191705089260028,0.8940784662347867,-0.30572316752006645,-0.22248178487960965,-0.2401226695952125
42,2.840000000000145,0.0,0.0194033838193202,-0.1108426204223036,0.9736747003975594,0.7261190457316745,-0.5482473038138742,0.6191263947723626,0.9945237058642837,-0.019417618067724865,-0.07089766568431782,0.07429048110668142,2.840000000000145,1.0,0.2348797171135025,0.1589312155168857,0.9375528716947148,-1.6346338222264092,0.0825766002329005,-0.1651875350704303,0.8690744634709616,0.12275905305054506,-0.20906474855803017,0.4311980087467489,2.840000000000145,2.0,0.2303200025237117,0.2561427147112741,0.917453326408388,-2.4865083565389328,0.404657540380325,-1.2454141302548614,0.8112029917889039,0.18812770490627856,-0.2278233224580077,0.5046327441849395,2.840000000000145,3.0,-0.1940104842507363,-0.3057799987162631,0.9111248676146848,0.3464292958885477,-0.6885230346607922,1.104862580818932,0.8039139327489636,-0.14721148252198146,0.13623230789930052,0.5599034974263023,2.840000000000145,4.0,-0.1172924582888671,-0.3670464654418025,0.9011411495627276,0.8638047479061938,-0.7664490554127152,1.874378152029536,0.6182681791807635,-0.15012003134963,0.024377066154957633,0.7711123092298334,2.81899999999996,5.0,-0.0059050461270315,0.3449406724373782,0.9177260282506357,-0.3641394292678424,-0.1376698917147648,2.7527863339932908,0.9708547279317754,0.15192372540261043,0.15425033398658,-0.10279646578233648,2.81899999999996,6.0,-0.0580676808728074,0.3012503847223359,0.9304672751594752,-2.9293691237644315,-1.1836231519576332,-1.2205307131332122,0.89284654589229,0.18572548694905747,-0.1408103807296268,-0.3853615518763126,2.820000000000164,7.0,0.0604399023813304,-0.2980312250451703,0.931080236659661,2.7451280345280185,1.196887198550894,1.4118299837771722,0.9289618279338434,-0.1431847062604568,-0.0412888279251866,-0.3388558614270727,2.820000000000164,8.0,0.2968161662916018,-0.4520266121408244,0.8171512132674374,-2.305536285947921,-1.7167009891370557,0.1313650450408071,0.8420952786625363,-0.4202649433352038,-0.2513840672853644,-0.2259623193649568
43,2.8989999999998872,0.0,0.056036966667655,-0.0988442073796912,0.9738114196466215,-0.0286174270164479,-0.5328673107317731,-0.1620408585610585,0.993118288048926,-0.021146627961881086,-0.09378668965002557,0.06688006364457331,2.8989999999998872,1.0,0.2110867170637758,0.0523917201512146,0.954705978581277,-1.7051400550686813,0.3240709772806626,-0.6377467703802301,0.8968857901296101,0.04069473515947004,-0.21686479042987766,0.3832877256914061,2.8989999999998872,2.0,0.2254198840117935,0.0897796208570789,0.947987075634931,-2.5996080503145365,-0.3209156416829724,0.496141575934143,0.8213232011619714,0.07477864604964177,-0.2927346812199366,0.4838830021183802,2.8989999999998872,3.0,-0.149362413655483,-0.2702660788801705,0.9291889560222644,0.8104833303726886,-0.3641065405084673,-1.8906367635931909,0.8659126104708275,-0.11633052740241442,0.11665397481784984,0.47228636395842477,2.900000000000091,4.0,-0.0964404755720431,-0.2616496511457632,0.9394518054305598,1.8059712105596688,-0.7150208523790086,0.7581704300920271,0.6055710907811305,-0.06449433004822805,0.06561782466467479,0.7904545758537034,2.882000000000062,5.0,0.0626638307278339,0.3358134436333798,0.9176729130761156,0.1143821671998901,0.123827008519444,3.3774486849626784,0.9748625474764276,0.18380687802358397,0.10694151519485393,0.0664947926293625,2.882000000000062,6.0,0.0560215581531116,0.1177706241782512,0.9701261078348334,-1.2845613995574985,-1.6195958224191482,0.5296491338111929,0.9034859500148638,0.07826568341435935,-0.18200320243083795,-0.38008216905077485,2.882000000000062,7.0,-0.0646176896827437,0.0732603813411976,0.9748197118984652,6.316944554682798,1.810412805997824,0.7253001399156525,0.9444664854519635,0.20822175553576383,-0.05698702716650859,-0.2477483342312195,2.882000000000062,8.0,0.3645942598101787,-0.5774347252105647,0.702761811593706,3.891590383944317,1.0166133200177905,1.332878995437084,0.9415099565946703,-0.22799173146532783,-0.215078536605649,-0.1237739678127698
44,2.97400000000016,0.0,0.0771449357411283,-0.1037502437481226,0.9709158283866334,-0.1600306832243317,-0.1197393378819348,-0.7541812783137296,0.9945403042044114,-0.028055776260026595,-0.09620923352749264,0.029090206522066894,2.9769999999998618,1.0,0.2036958173334996,-0.0339552379421586,0.9579582745699986,-1.543187221187993,0.1261639807662725,-1.43663322057956,0.926663295372498,-0.019343935853647517,-0.22927561550627104,0.2972434041140241,2.9769999999998618,2.0,0.2297092696626442,-0.029768406155666,0.9523310839335266,-1.5245928870694123,0.445725544578441,0.6044762363386227,0.8229803889085221,-0.010318333346644086,-0.2931667237435778,0.486466939841118,2.978000000000065,3.0,-0.0693502782257196,-0.2175406508612514,0.9528339856097066,1.6464916517422776,-0.2935495050926654,-4.047785765184597,0.9575094578117128,-0.05248340872167666,0.1137847400855043,0.2597578929190558,2.978000000000065,4.0,-0.073626881351963,-0.1360377715371273,0.9674909855174858,2.2030234715676444,0.3356453994865166,-3.0991717527123,0.7352808866754803,-0.008849121457503677,0.15344291788803904,0.660105280761451,2.945000000000164,5.0,0.1242068440412594,0.2246613873796175,0.944888311343714,-2.7558508502916195,-0.7114244492847323,0.8672901455559194,0.9910751636745693,0.045792833080892124,0.04408365810958802,0.11717366373690102,2.9459999999999127,6.0,0.1127763154886466,0.048016995963684,0.9722067016655608,-0.3157145636142381,-0.3032716997885096,1.671522827981951,0.9342743583033487,0.034435535389627465,-0.18073188153608866,-0.30542037311829906,2.9459999999999127,7.0,-0.1029399291705677,0.2959736541682715,0.9280414683733904,2.9968288498310534,0.6533664831682536,2.908745609394136,0.9316161506031165,0.3386208594099821,-0.10396182613728942,-0.0813584673778738,2.9459999999999127,8.0,0.3386727092696115,-0.5299395644781423,0.7514884257237087,1.5158817958926996,0.8707680346013632,0.8196324216469214,0.9689140711803307,-0.16486959174476873,-0.16897228739565487,-0.07397233590302976
45,3.036000000000058,0.0,0.0821773214080563,-0.1077722579475436,0.9702097856974464,-0.0662052707924551,0.0127643195818307,-0.4383015040291697,0.9953037855356758,-0.03182164047412474,-0.09112494838956861,0.00734856971714195,3.036000000000058,1.0,0.2327228416422933,-0.1495595801294748,0.9399563878018125,-2.388724593504861,0.0824170162118965,-3.638475604565657,0.9565779280035327,-0.09518489248416169,-0.2621789769020521,0.08462084831671227,3.036999999999807,2.0,0.2148033948662106,-0.1378022862218072,0.9460465271148106,-2.152049996769657,0.7417670334556873,-4.534949359977999,0.9234158021683379,-0.06062394766727891,-0.29950603407572324,0.23221569461875774,3.036999999999807,3.0,-0.0544323708808026,-0.0789961503477914,0.975568923874948,2.0757974291313155,0.671638336782202,-3.822498795382036,0.9849382036292363,0.02182780509480116,0.16468653628367474,0.04794399569541752,3.036999999999807,4.0,-0.0708982653729277,-0.0033116661351708,0.9777542988064636,2.354261426801429,0.3668899230765775,-3.367872145570682,0.838562376599731,0.049657930695835635,0.23947742049221288,0.48682419367243296,3.014000000000124,5.0,0.1377040261987398,0.003689003882746,0.970344780178164,-2.633794563219346,0.1406444840901274,1.9031911411324247,0.9728698194304375,-0.08303227324294514,0.0320394077588489,0.21354960171341758,3.0149999999998727,6.0,0.1299478199531403,-0.0103373121932106,0.9712505876786108,-0.7694673271103074,-0.1176941155940464,1.4516081238226886,0.9566963234032081,-0.023432796757145387,-0.16056103486326126,-0.24166754624185896,3.0149999999998727,7.0,-0.1233994088549926,0.4113680853641476,0.8804963851362897,1.48353026170309,0.6599048051220081,-0.006934488275112,0.9127901673336408,0.39761761995846856,-0.06561736591166321,-0.06639804220307861,3.0149999999998727,8.0,0.1035698638005892,-0.3572525212145668,0.9064749965653564,3.664000713869996,3.808976671843544,1.3440057275936896,0.9993966552887801,0.024466751432988626,0.024617306727033005,0.0013006465403941504
46,3.08199999999988,0.0,0.0772476652526257,-0.1318618955210548,0.9674917254026582,-0.5168430334988341,0.0787078582780178,0.3598857734586634,0.9944570827010252,-0.06268626604671411,-0.08114556116010233,0.02325813016772882,3.08199999999988,1.0,0.2640819667920028,-0.231137955047609,0.9143522081515836,-1.87023310723762,0.2446744663707189,-2.7984478888572606,0.9501211587402315,-0.14848566656753442,-0.26377606898361455,-0.07512639995145565,3.08199999999988,2.0,0.2420225143827254,-0.2041271581207787,0.927685402412584,-1.878044283053212,0.3135728092521423,-3.829019266364195,0.9481338712765317,-0.09660624329956641,-0.30234824361681617,0.01717368555519587,3.08199999999988,3.0,-0.0993263947004252,0.0156462103652788,0.9749771604591676,1.5896818158698498,1.0820314005543556,-2.4564763094698288,0.9695818838942947,0.07450724788937288,0.21695827288988487,-0.08537416623651503,3.083000000000084,4.0,-0.1323256498703718,0.1311778121158983,0.9618088708235488,2.237963165058993,1.0830043396976905,-2.417611702892967,0.8722421070362136,0.08914538100801206,0.33411223883225566,0.345855200366368,3.088999999999942,5.0,0.1319177897312199,-0.1861656622018463,0.95323556530869,-2.0514876554779544,0.0234561701314252,1.537531404407759,0.9417912281421604,-0.17653070501929824,0.0132257027939779,0.2858168531865748,3.090000000000145,6.0,0.1312399728893745,-0.0900319576720758,0.9667679742904862,-0.9889153832438364,-0.1591323019195396,1.2150625381255746,0.968176404827077,-0.08668077379308832,-0.14000313166712994,-0.1884675455194967,3.090000000000145,7.0,-0.1334054311575139,0.4361849936724032,0.8673814859868079,-1.495714665304535,-0.54730226889911,0.8218829070437247,0.946963023673664,0.305200611024852,-0.08858665995925794,-0.04760275729567697,3.090000000000145,8.0,-0.0933570313505328,-0.0463458037076942,0.9746058337482408,6.000838051508482,1.6237647438210474,3.1830568082981427,0.9377738618670115,0.30365535763794704,0.05376334176194938,0.1596343035171004
47,3.199000000000069,0.0,0.0678169169811434,-0.1648655594902344,0.963642160277945,-0.4187740438006961,0.1025899927598237,0.3228841647309978,0.9929841580209335,-0.08696068889785359,-0.07069480661668222,0.037716638547174004,3.199999999999818,1.0,0.3114452195007585,-0.2971807123649146,0.8800582363959819,-1.6375957832985448,-0.5004923298030585,-1.5289679076665406,0.922177281253977,-0.20648669652731597,-0.2840696814296727,-0.16203926125696724,3.199999999999818,2.0,0.273076845351385,-0.2540527668130757,0.9068033018287686,-1.2619457601787838,-0.5133828206596138,-0.2677258431267714,0.9368329336961726,-0.15400816183406604,-0.3138987615054255,-0.009649246399319435,3.199999999999818,3.0,-0.1511901629478434,0.0963795636934756,0.963432672442688,0.8843453096519036,0.3924881780794634,1.3078325821511994,0.9686299079051737,0.13118898382194202,0.20906377263187265,-0.02894634706330629,3.199999999999818,4.0,-0.2033029041821115,0.2329400432397183,0.929379290390418,1.742096792278671,0.5657441095377875,-0.504910285815244,0.8667951585611995,0.14468642175755186,0.3731860715846455,0.2974292326404394,3.16399999999976,5.0,0.0980993540316383,-0.3150385542123174,0.9223633915645112,-2.2298802572478342,0.4240187257180642,1.2065810939642587,0.9009086460036964,-0.27808111279026027,0.006820609111887428,0.33314859380831824,3.16399999999976,6.0,0.1381645247198354,-0.189439206824386,0.9518599429678138,-1.7579198364072337,-0.1716015730072982,1.2727789971040515,0.9674850581854798,-0.18395345903332383,-0.1105096057585928,-0.13387088605292258,3.164999999999964,7.0,0.1005987185823608,0.326152501936215,0.9189169947826268,1.834038957616248,-1.619721409327852,5.971522900256167,0.8835362614222251,0.32950815175592474,-0.25565054342422067,0.21314514379955393,3.164999999999964,8.0,-0.137537506495645,0.4320729380373221,0.8681793654094507,1.078545787289175,0.2236456860607659,-3.225859612291865,0.9347853600791994,0.3304173929873762,0.13036832699473216,0.002185476978090724
48,3.2950000000000728,0.0,0.0483491433337635,-0.1626166394593588,0.9650379209698632,0.2148324613224577,0.3266065567329609,0.3994470279959874,0.9941592386406658,-0.07779749590824718,-0.04822739474955947,0.0571758362552598,3.2959999999998217,1.0,0.3586670009204465,-0.3418492177990394,0.8447053301246046,-0.7227881474758454,-0.4669968678518063,-0.2439503158198778,0.9095039491355804,-0.2397050641324221,-0.2902475677337926,-0.1763530497628899,3.2959999999998217,2.0,0.2746201414686748,-0.2963293103749144,0.8923702806080293,-0.0616865694577355,0.2679342917914626,0.2441702393813338,0.9456214017174408,-0.1605946846691227,-0.2828562067777952,0.0013704587714866137,3.2959999999998217,3.0,-0.1412344985791226,0.1452888269876094,0.9582588236816132,0.0373095879455928,0.1866574039521458,0.8364636619434553,0.9704082510195503,0.13659219392288333,0.1986984937134086,0.01301182187602588,3.2959999999998217,4.0,-0.1855333314765858,0.3376301529004526,0.9013574555988408,1.172978252601787,-0.456667510131094,-0.0417088830175464,0.8731544065984715,0.20058023520569904,0.34955218987786807,0.2741937600203263,3.214,5.0,0.1441629092403644,-0.2486479892173141,0.9518157558359396,-1.285898503405331,-0.3795113439371769,7.622486662440879,0.7334031710058369,-0.29158188428887455,0.07419229251089006,0.6095861688433485,3.214,6.0,0.2124488995966328,-0.2861326369253073,0.9529609536315484,4.892964581588063,0.0874696625587366,10.734054788258929,0.9052649616234447,0.02168164367857274,-0.12485103866892756,0.4055089070878576,3.215,7.0,0.1963730190397932,0.4000222965775274,0.8930609159704828,7.114592056301633,-0.5022734612934203,1.0326991207412526,0.736492777939072,0.5660925893989349,-0.20520458989798115,0.3082347231510413,3.215,8.0,-0.2733516193447846,0.3897873326117121,0.8145095011950632,0.7050695205300598,2.813734295775802,8.508327720627193,0.8318368567373708,0.3729049235685097,0.07971351401465805,0.4032804451434381
49,3.3359999999997854,0.0,0.0259083518118735,-0.1345035544805605,0.9707005465840056,0.506709834684551,0.4553109310821711,-0.4922214562546932,0.9979034901164842,-0.051562575640407816,-0.022196535894678647,0.03220619507088198,3.3359999999997854,1.0,0.3487293848406551,-0.3495081220383613,0.84631311509268,0.8392028057896013,0.7905267120064158,0.751736254496635,0.9403053297543296,-0.20101807017127793,-0.23850426805374936,-0.13613719704901303,3.3359999999997854,2.0,0.2228660820597814,-0.258443947664067,0.9188696509207036,1.1118684326396546,0.8839229608866118,0.0965454440320129,0.9691178712846386,-0.1049021588087801,-0.22256710609306526,0.01643082223585922,3.336999999999989,3.0,-0.1595242129252035,0.1114007887400854,0.9597035426415188,-0.544986252124253,-0.1585496449765188,-0.2515267030718319,0.9785477578905036,0.0995343116713928,0.1803078555740506,0.0051267480781999305,3.336999999999989,4.0,-0.1627093353654887,0.3304640056634617,0.9075793150715702,-0.9215310948496016,-0.3028898276992068,0.6808673265971148,0.8838592673424196,0.16939691036162044,0.29693181928037066,0.31926317825848277,3.264000000000124,5.0,0.0237946184012303,-0.5002804643140756,0.8424056464440588,-1.7055715732334855,-0.065964875988177,0.8198530679714785,0.6910577452983403,-0.33807181951289317,0.011261063713674758,0.6387642960892951,3.264000000000124,6.0,0.06138465094592,-0.3339673253384438,0.918822480261848,-1.2915882036472568,0.2337330740393889,5.472829296513512,0.7832741757716101,-0.08198796066996314,-0.11538554053462334,0.6053476000695948,3.2649999999998727,7.0,0.1451610105516281,0.347711601270593,0.9049739904314764,0.9150037786359532,0.4397885127996681,-1.2042893449684045,0.7548550869126068,0.5762328225016695,-0.12298640911993534,0.2881386388627953,3.2649999999998727,8.0,-0.1852247561437741,0.3985531341109717,0.8754834030418859,-3.8837444846722873,0.1006027067759821,3.15904804925707,0.8324038281984907,0.19445886620467262,-0.017787401986204467,0.518626285956923
50,3.3789999999999054,0.0,-0.0011268696645109,-0.096516500032713,0.9751816730159536,0.3203976401097146,0.5016956956086676,-0.7651125721548095,0.9993470489951468,-0.03522294103095906,0.004178554579262338,-0.0068818436083441575,3.380000000000109,1.0,0.2509187724492859,-0.2619349777545349,0.9101960432023836,2.720152662634309,1.4697915436585334,1.5317975247886555,0.9835781499289719,-0.06727491757605532,-0.16287816451028786,-0.03897193827865843,3.380000000000109,2.0,0.1838105030735492,-0.1693046361227483,0.9462529467046285,1.873895782033364,0.2417172931904216,1.1093932440086622,0.9765439183213733,-0.02315435784664511,-0.1941006722440109,0.09028167220799324,3.380000000000109,3.0,-0.159707415967095,0.041660068160257,0.966122135139236,-0.5242253622476161,-0.0940610465985886,-1.7576393843123144,0.9812403348911954,0.04996781007783182,0.16956284482940326,-0.07693545861304957,3.380000000000109,4.0,-0.1562699177043819,0.2022324040027379,0.9456869289526736,-2.682568225687977,-0.0163264874778408,-1.0569522843557428,0.9233873648533982,0.019016836958846296,0.2345387523936496,0.30329145712797145,3.3209999999999127,5.0,0.0235588689569,-0.4802086975294801,0.854366775167733,2.85038000401566,-0.1257909892394818,-0.8966666265751374,0.77584626594651,-0.21042691311833794,0.0702617338190871,0.5906321821684632,3.3209999999999127,6.0,-0.0633304036313517,-0.4438353328792269,0.8714708585281989,-1.9938017479318049,1.2593080768666618,-0.4145921706953387,0.7908928797677194,-0.20834060175738398,-0.12977183220256683,0.5605728480392923,3.3209999999999127,7.0,0.0851820970938792,0.3337415957772079,0.9165225352290972,-1.387250999729433,0.3116256425079767,-0.688879061934623,0.8279790216206835,0.4848599160555302,-0.10079780144780198,0.2630615988356518,3.3220000000001164,8.0,-0.101619508615823,0.2166226258338279,0.950185831006512,-4.622413669025874,-1.3923950883393226,-3.788197741283592,0.9434089957583114,-0.00457434161452519,-0.18659243806970596,0.2741200543125057
51,3.4339999999997417,0.0,-0.0230316181663467,-0.0928987240188434,0.9754877608869884,0.018145519579971,0.0719338495364973,0.5019427324753036,0.9991652273634208,-0.03538973418099623,0.009442638535536368,0.018090100051932997,3.4339999999997417,1.0,0.132916525206627,-0.1205452740289479,0.9638283219724776,2.6644929743281742,1.2263398161315158,2.6985032196535435,0.9873623177078273,0.04686864939719187,-0.10071290300299678,0.11303050226827992,3.4339999999997417,2.0,0.1629068797090966,-0.0698036985926484,0.9639334998879502,1.7606606213045637,0.2317156570656379,1.937064684684006,0.9647401244714582,0.04188850535994709,-0.16682568892661448,0.19922608982677312,3.434999999999945,3.0,-0.1659840932511886,0.0202225471117458,0.9659323627334856,-0.4717892605432032,0.3214450099123582,0.7719838722035315,0.9830667376424105,0.031230845695012832,0.1772822744836606,-0.03428438087792167,3.434999999999945,4.0,-0.2372893521478649,0.0178741991021137,0.9506772724556448,-1.5554035754622084,0.6933672638622583,-3.308598722116051,0.9587184705972986,-0.10948590525268508,0.21183952650355217,0.1549056025369234,3.3969999999999345,5.0,0.0973220489370836,0.003117362626774,0.975440772595108,6.153552457416169,-0.3808978098528091,-0.4642024533564191,0.8425794165569747,0.08573493582904904,0.22111996863743605,0.48354462776736173,3.40099999999984,6.0,-0.0538360048091062,-0.5135903555495644,0.8322905930458822,1.833082075321581,0.3684403280898363,-1.253482415868625,0.8456976296180944,-0.1359443855943091,-0.07174234461911297,0.5110456723936471,3.40099999999984,7.0,0.0621948486983308,0.2581837339305834,0.9428207466581616,-0.9183881378428066,0.4374488528337148,0.0527859427966011,0.8672161601077817,0.4081276424796081,-0.08499641683089326,0.2722931659404265,3.40099999999984,8.0,-0.1026716465174439,-0.0455061457668009,0.9733677227537636,-0.7518144668698609,-0.1296152584958612,-0.320575832295682,0.9494644180208368,-0.03866850345599975,-0.18143203326625124,0.2531886313753067
52,3.505000000000109,0.0,-0.011708900672312,-0.0826244744853708,0.9750021014649466,0.1977811194950676,-0.3138719058003401,0.9103627667814952,0.9976176446697653,-0.025464429861393596,-0.005307172633491081,0.06389391030467813,3.505000000000109,1.0,0.1041271870287544,-0.0163916859522502,0.9735342015322942,1.7597399409393053,-0.493431813313863,3.280937492033572,0.946502918748934,0.11116117199410788,-0.12640073379835695,0.27531486181439974,3.505000000000109,2.0,0.150139432337409,0.0239533207342151,0.9681303575878636,2.1099387088700605,0.1708064339466344,2.5058081862648534,0.926327577530395,0.11534860121073429,-0.14153329295443579,0.329515168529267,3.505999999999858,3.0,-0.1618880305296668,0.0023166983526386,0.96670879714626,-1.1673620755701024,-0.1296083516134669,3.0534217828897283,0.978905717688775,-0.002544776946786631,0.16148628315928276,0.1251371261373509,3.505999999999858,4.0,-0.192839410015739,-0.0741443192126051,0.9580796323235772,-1.414342191004637,-0.8960689458391669,2.8558593988312864,0.9291750153282083,-0.13171555954788308,0.16408036958985123,0.30391188620728504,3.4659999999998945,5.0,0.0770730669595811,0.3197884586024543,0.923111089790449,2.9697584747309294,0.4182698410387874,-2.754686755083495,0.8771875624722397,0.18199761202160483,0.31390819323551733,0.31445269227986766,3.4659999999998945,6.0,-0.0457178665759111,-0.5131088954641811,0.8336558870848785,-0.2552182411290084,-1.103034201754912,-2.267047940904174,0.8918109924821349,-0.12201845706128048,-0.14566953500453148,0.4105667258753168,3.4659999999998945,7.0,0.014610782876177,0.0686098512043232,0.9778564380017476,-3.759700203402181,0.8693540188127113,-1.3025794030341442,0.9608090770111046,0.17924890704974708,-0.07093777330263279,0.1992073773066767,3.4659999999998945,8.0,-0.0842319250631101,-0.0339965551381472,0.9757142086896662,-0.612562262412808,-0.4433186345129137,1.3263547191570728,0.9294669626319654,-0.07266255250871574,-0.1841258955914992,0.31130206136685834
53,3.590000000000145,0.0,0.0033742224515406,-0.0876024736370444,0.9763131778458788,-0.1900451690478017,-0.2480306894490727,0.5369336997088235,0.9950594994172194,-0.03615921760137883,-0.01720885582216382,0.09084579727924154,3.590000000000145,1.0,0.1726847158847568,0.0933151288346257,0.9595599385293124,2.4443776764857827,-1.1217037624463135,3.8793060769917713,0.8550206551173707,0.20066038446604148,-0.17279405031422893,0.4458893423312631,3.590000000000145,2.0,0.2197773479340864,0.1531626832618834,0.942352433960394,2.780021755686792,-1.0980917677943465,3.793372140354529,0.8242992318571389,0.21859218392897128,-0.17498850048671868,0.4920642825711932,3.590000000000145,3.0,-0.1590848252091767,-0.0788069106844328,0.964043821211744,-1.8753681938360447,-0.2387853881563276,2.8214848639903827,0.9499069404776825,-0.07221738093084812,0.1380605026084657,0.2709257314160382,3.590000000000145,4.0,-0.1628372607939019,-0.1040165443057005,0.9609987434996152,-1.0653727100761672,-1.0582353669450482,4.295275749240336,0.8528923828956507,-0.11925251416702944,0.11674473345280484,0.4946959553851789,3.512,5.0,0.0777430448775704,0.4424345761048266,0.8576016935851433,2.006996101035422,0.5618898806307729,-0.9828653416396488,0.865554808721497,0.2493069512179011,0.3561388878857337,0.24864836558690695,3.513,6.0,-0.0266734345526223,-0.4784428354554612,0.8693290407495345,0.8311667821880565,-0.773919136141946,-1.93895334430128,0.9267608967968014,-0.06424874069680205,-0.16550899403593675,0.33104850457368895,3.513,7.0,-0.0215508631220893,-0.0557822772141667,0.982645357108807,-3.48833911210929,0.5763061895847683,-2.24110931000524,0.9951055057038306,-0.017160599770531155,-0.06854773187161235,0.06907788928953006,3.513,8.0,-0.0661392206023817,-0.0296172032221048,0.9782588741081828,-1.076209463411892,-0.6663828301041,-0.3335097424473736,0.9273568226969005,-0.10461313334688399,-0.21312202931667232,0.2892134442739477
54,3.634999999999764,0.0,0.0101726368101408,-0.0974203128073647,0.9744715491551532,-0.1894524007283908,-0.1316150749763532,0.1162899053526679,0.9939502477752125,-0.046368040390444114,-0.023591510484693996,0.09672822964881808,3.63799999999992,1.0,0.2701895033304407,0.1768444855567365,0.9251700709697774,1.324127775020965,-0.7759515837138374,0.4632160859978281,0.8264628431215066,0.26303485756279077,-0.17261442558460782,0.4668790986181906,3.63799999999992,2.0,0.3317557799195824,0.2462785665386495,0.888600568395957,2.1284899007290234,-1.293708647366784,3.337257112950528,0.7056893737146338,0.29273732460788404,-0.20836604557783203,0.6106479817848602,3.63799999999992,3.0,-0.1513557704797635,-0.1653584535304083,0.9531768002781588,-1.6551679290877996,-0.5399261673724227,2.8440222865358096,0.8998731548889557,-0.12204114982166935,0.09919602346048045,0.4068100438657211,3.639000000000124,4.0,-0.1323921802311922,-0.1571142226988735,0.9577225233016922,-1.7725068424212314,-0.8023371286987817,3.11529136866993,0.7670075847914674,-0.14696880706594648,0.05569791410998125,0.6220910520058698,3.5589999999997417,5.0,0.0746193193548865,0.5197236668830199,0.8269971386048933,1.7881055060960471,-0.1042584636792225,0.652325065765329,0.8417244000094309,0.34032453863204537,0.3349736318929184,0.2519363188786341,3.559999999999945,6.0,0.0165756396295176,-0.3083004709851756,0.9301080946649112,4.336910181597779,0.0771505604882319,-0.504914297233361,0.9335372238727035,0.13405987927157254,-0.07593554109745138,0.3236819334037271,3.559999999999945,7.0,-0.0273403437435107,-0.1543057286708279,0.967005298694558,-1.6533525886039713,0.0353806324359351,-2.180274862685995,0.9913133737024471,-0.09787535104113321,-0.07475153640244372,-0.04615645764918993,3.559999999999945,8.0,-0.0472324147046981,-0.0871565036094279,0.9746865357025012,-0.9683088093420495,-0.4127488494914293,-1.697412435581478,0.9432582180396586,-0.12063015033888361,-0.2345172953947887,0.20177695381430372
55,3.7269999999998618,0.0,0.0234898385076226,-0.1103973678196031,0.9733543284258764,-0.0957551883766312,-0.2460523970352351,0.0709926864926152,0.9929784186781649,-0.05087356501983105,-0.03547363373346485,0.10073411403952394,3.7269999999998618,1.0,0.2827449714456719,0.2308245389095204,0.9091228263328304,0.726289465595421,-0.072153024864169,-0.0682288134590776,0.8218334305224728,0.2867112983196261,-0.14772242058285667,0.4696429817943412,3.7269999999998618,2.0,0.3644131465709407,0.2820738328653075,0.8633182561598824,0.5316294658463255,0.3714186948129584,-1.0814138082046676,0.7401425917116645,0.307056947887524,-0.146347841794817,0.5800752398528471,3.7280000000000655,3.0,-0.1654834206170534,-0.2307327203422529,0.9380898940210064,-1.4346861688442694,-0.1220893416065277,1.9720015903753776,0.8486436750722518,-0.17209046279809015,0.07481735615786143,0.49456157209325224,3.7280000000000655,4.0,-0.1245019013708141,-0.253322196052255,0.938993685571056,-1.5003375993266284,-0.1936054755004958,0.2815451553310276,0.7486401963162865,-0.19575787744474762,-0.0040350531367972465,0.6334038429185779,3.6140000000000327,5.0,0.0290867631737238,0.5194756328327894,0.829776492256227,-0.5807363273320694,-0.9214021547952564,-2.0846638842087186,0.8991202831800534,0.28282896253625633,0.29146601718656495,0.1632116881546375,3.6140000000000327,6.0,0.0444921855249851,0.0688214655264361,0.9768382933269988,5.709006995606415,0.227486344820397,-0.2852603215854062,0.8786215297704236,0.3700422224584733,0.03742653152735504,0.2994865869445681,3.6149999999997817,7.0,0.0051354960227882,-0.2672923601970361,0.9431444326617732,-1.4621008585106965,-0.2167528022524059,-1.3564501349682805,0.9752091919754553,-0.16803229911487308,-0.08528689070588023,-0.11601001945725561,3.6149999999997817,8.0,-0.0043766434617177,-0.1727012803429274,0.9641758723178684,-1.0765890557853492,-0.4113024837158983,-1.5267369901151953,0.9483917349787194,-0.1461522634699732,-0.25431338959856375,0.12048789473447934
56,3.8079999999999927,0.0,0.0376596333452871,-0.1090536937692452,0.9718014426268268,0.0740271099325625,-0.3248563055117467,0.5254432512940462,0.9895052183305054,-0.046752921219549305,-0.048870219327707756,0.12769216466564948,3.8079999999999927,1.0,0.2826214357679882,0.2462872384962668,0.9048932092784894,-0.252244024922077,-0.0650237685321574,0.0117511371020219,0.8287588767643397,0.2676993218561165,-0.14844789633881686,0.46846453369990076,3.8079999999999927,2.0,0.3483279059000838,0.3020628592047876,0.8641572189482023,-0.1262855668949081,0.0455211444702649,0.4557692037319514,0.7332419647329599,0.29104867630470765,-0.1457679036830144,0.5969912959429859,3.8089999999997417,3.0,-0.1962001066693513,-0.2751290054062102,0.9198839864499896,-0.774559783858663,-0.0689050115226698,1.7692481255175554,0.7978857676880543,-0.19447289240301455,0.06453714430289885,0.5669158251861353,3.8089999999997417,4.0,-0.1118056614947099,-0.3088969912742517,0.9235584133336912,-0.8697214036872991,-0.4458733258597656,0.584818491628364,0.722725157833475,-0.20965040325793252,-0.04675169031607041,0.6569089237489129,3.690999999999804,5.0,0.0865698065209879,0.4386521948229472,0.8719816056408127,-3.3220736708206275,0.3521817637296229,-0.2132448956349264,0.9377724208715876,0.11336055819321886,0.25443457755165033,0.20735311968928055,3.6920000000000073,6.0,-0.0162667321007528,0.4105651158272501,0.8894676380242956,2.4128528677010133,0.0799529068629524,-2.8508320785282764,0.8689143292318943,0.44674744265334543,0.1433787155789583,0.15762980320076217,3.6920000000000073,7.0,0.0631654206801917,-0.3333252156276728,0.919859462231628,-0.9277222409779172,-0.4918380506489472,-2.0549140850553624,0.9481199876579455,-0.20582011306993625,-0.11690930143873451,-0.21222343248680953,3.692999999999756,8.0,0.0580344439466936,-0.267264362524627,0.9409663988900469,-1.8012420651493692,-0.9873690498129274,-1.767159058221159,0.9302667037831619,-0.19945199419073997,-0.30715194202305823,0.021919086596201322
57,3.8299999999999272,0.0,0.0670940910189022,-0.088999377964406,0.972462592428262,0.5511401338237947,-0.6867185347444276,0.8304189771673909,0.9820831765357021,-0.01665953551358767,-0.0774056756211992,0.17100718003534873,3.8299999999999272,1.0,0.2762324221424097,0.1945449699216457,0.9199570118410552,-1.084840296752295,0.2264088874408697,0.1118471512940231,0.8453395793794336,0.20475831972493191,-0.15803728451984436,0.46743902569171375,3.8299999999999272,2.0,0.327553603848811,0.2510756385909791,0.8880262723094334,-1.7227696107650436,0.4161669002852438,-0.2145499692385744,0.7712482408051963,0.20565460011995765,-0.16955810318796274,0.5780418550137095,3.8299999999999272,3.0,-0.1848733612641164,-0.2760835909968709,0.9218317043133092,-0.3211101069580811,-0.8941242568517628,1.604352572990451,0.7527345787758867,-0.17359771054455897,0.029304859736559604,0.6343466828198886,3.8299999999999272,4.0,-0.1030090292332197,-0.3212500337046251,0.9198138701613532,0.0050273842257423,-0.8003220606889112,1.907202013851877,0.6593258853174089,-0.18280036898478733,-0.05762514992629662,0.7270163300404006,3.779999999999745,5.0,0.0421938041458215,0.357369904379283,0.9109426075970132,0.4329276285226959,-0.0661414448196068,-2.022592851126111,0.9564409356000795,0.11587196650600066,0.24455644160799375,0.10948319941668234,3.779999999999745,6.0,-0.0055824491626133,0.4502186264670585,0.8690851653569183,-0.8924211217318313,-1.3715002684483273,-1.4352075168511758,0.916199745313723,0.38355634249680015,0.09152550664500958,0.07131367646476171,3.779999999999745,7.0,0.1055407172395546,-0.3555836221268207,0.9064096450721,0.0719666300428427,-0.1213337472067346,-0.0660922974793704,0.9492818340666999,-0.20206232074070624,-0.11422626875185092,-0.2121018094568562,3.779999999999745,8.0,0.2346590146557845,-0.329290210431437,0.8906717151424515,-0.8304570731997905,-1.3759783965164,-4.313898795309426,0.8929840144483273,-0.16325912846174373,-0.3824494540645059,-0.17221620713342486
58,3.893000000000029,0.0,0.1104095393680115,-0.0792088705355205,0.9704832241955708,0.0085860211165655,-0.6951617565911276,0.4089115204919893,0.9752923825823705,-0.013212060085835454,-0.10944332449493344,0.1914480834811055,3.893000000000029,1.0,0.258446469681884,0.1175290635137531,0.938238424676026,-1.2650439236059854,0.3864363834132825,0.7243004350206452,0.8458225118876659,0.12769969033171213,-0.16870567522899205,0.48970956966221735,3.893000000000029,2.0,0.3123048067743428,0.123791451733028,0.9202164876503084,-1.7140495009038903,-0.157768108026281,1.3716442293422744,0.7495151149594754,0.1284979185373982,-0.2262627257370116,0.6087039972933467,3.893000000000029,3.0,-0.1472004135385806,-0.2743027804166343,0.9290134675610332,0.1715786700753079,-0.7184925837339806,-0.2027604096954072,0.7625769985529052,-0.14302479799880533,-0.00016455249957651158,0.630888422272844,3.893000000000029,4.0,-0.0830123873116171,-0.2767077436231777,0.936817361160539,0.9317754629910364,-0.7962621872671275,1.0549706329375312,0.6283246126764495,-0.12227628463423788,-0.04393643111939615,0.7670243029666837,3.842000000000098,5.0,0.0229358376015967,0.3439115744667419,0.917346050463684,-0.5919407828343087,-0.0288531672901631,1.5268968904422022,0.9521576133836263,0.11230403429208048,0.20903926036148607,0.19257796027802038,3.842999999999847,6.0,0.0112919285509822,0.2543462955591017,0.9462232581610756,-3.5390991713342785,-0.6678130361710226,-2.35420232288576,0.9833613938728893,0.16818156899887046,0.05625273091945137,-0.03938221874844122,3.842999999999847,7.0,0.0503718001257483,-0.2661441658536509,0.9416087110547332,2.9774153567040584,1.2779994034088813,1.072586462682369,0.9862966497865031,-0.03883204870307401,-0.06719267242780493,-0.14558892603990167,3.842999999999847,8.0,0.3346224749603934,-0.4201484041124476,0.8192637656903571,-3.705967497466687,-1.582368092792468,2.13008304732356,0.8487266887149578,-0.3800076045092879,-0.34986175005939063,-0.1133754127817675
59,3.971000000000004,0.0,0.1334325814181189,-0.0818713782000704,0.9670407559393336,-0.014927352026829,-0.1934578985467046,-0.227738671775228,0.9766421111840315,-0.01230385164700332,-0.11574402225603826,0.18061595502236327,3.971000000000004,1.0,0.263073960235041,0.0400110347550307,0.9433902737171312,-1.1508650337334012,-0.2922190606159562,-0.5427302501008703,0.8643051999352279,0.08535376998270995,-0.20070537597931784,0.4532202636331088,3.9719999999997526,2.0,0.3261722357082839,0.026549753296691,0.9223951340141298,-0.3554865133150144,0.310424452889548,2.7929160283151666,0.6727806224693981,0.07390994719753297,-0.22764795559008547,0.7000571134204706,3.9719999999997526,3.0,-0.0865876468140382,-0.2489424303433753,0.944243213263374,1.1048356265042611,-0.4474192100603857,-2.534959740945271,0.848770823327559,-0.08027457461395887,0.0005085577929278733,0.5226316327083322,3.9719999999997526,4.0,-0.0516780010045703,-0.2062741299990058,0.956998102143011,1.5319887303052186,8.949000070732962e-05,-2.061491598248101,0.7182617734357762,-0.059403766736443014,0.006338004663066342,0.6932034672556873,3.9229999999997744,5.0,0.0967999545069671,0.3350212149796038,0.9159129621973034,-0.2887286677585293,0.3836095757417452,2.91801208123144,0.9155466303253639,0.13139953888081726,0.1827518160759733,0.3333321205685308,3.9229999999997744,6.0,0.1135234646536633,0.0580670311667708,0.9715444626287084,-1.1391940107142395,-1.2872981653140176,0.7612599337707282,0.9950906659609146,0.09644590748699218,-0.02077850612594473,-0.0078107060915194,3.9229999999997744,7.0,-0.0620382146549109,0.0876100911523018,0.9736229926674476,5.223752476135852,1.3021976034426028,1.0633720816133545,0.9703704487905206,0.23030455980899295,-0.04114376939646161,-0.06040026560471578,3.923999999999978,8.0,0.3878586781531917,-0.4816099858695792,0.7599141183659919,3.352546799361359,-0.7266597368977963,-0.5739225393165827,0.8956931570953609,-0.20985766006617373,-0.3874687128252895,-0.05967853404373107
60,4.025000000000091,0.0,0.1364147764350807,-0.0894694373932789,0.9664275599043608,-0.0662478534903878,0.0505259240710535,-0.1766225057799169,0.9787912798994545,-0.016963160444544673,-0.11014968570126311,0.17189219970793634,4.025000000000091,1.0,0.2753805526453198,-0.0383016844331174,0.9399747508280978,-1.750903230109753,0.0381790257081853,-1.7505725810987132,0.9076535961487721,0.018357789046673727,-0.22871017048691175,0.3514535515475232,4.025000000000091,2.0,0.3117085906550422,-0.0443252226151507,0.9272470162540104,-1.7744946648774345,0.4779733263056192,-2.5290704016964565,0.7736962289873481,0.020456249153497193,-0.25792916075113065,0.578314996481627,4.025000000000091,3.0,-0.0334032203324073,-0.1617120879964855,0.966249670358154,1.8937031414086227,0.2090105162837747,-2.3811233970904,0.9126455225537309,0.0011545329163043562,0.05630710953359582,0.4048534631596283,4.025000000000091,4.0,-0.0614583357091479,-0.0887778889582048,0.974231163227694,2.164584040230626,0.6430629933942954,-3.366978550421815,0.8366068450352298,0.008652638482668562,0.10759328634333216,0.5370640589551019,4.0340000000001055,5.0,0.1301799227451143,0.2324036010660485,0.9430497091487856,-2.614608900746028,-0.175895348959304,0.7465069756158932,0.9163789048727357,0.02080147276940625,0.11043633045102588,0.384214547292761,4.0340000000001055,6.0,0.1513166189856575,0.0121450927261693,0.9681016359563815,-0.1253336750346422,-0.3189853488088212,-0.5274936712617713,0.9952418052949149,0.08164596358628416,-0.04006098981181537,-0.03496859617833797,4.0340000000001055,7.0,-0.0677533178312366,0.2955952856210478,0.9308270059691384,3.048053453678892,0.2798071244064054,1.4364392103951893,0.9309295257410414,0.36030116354468295,-0.05610647329452068,0.020133387851001112,4.0340000000001055,8.0,0.3620406913537229,-0.4836915320526309,0.7710091047612193,1.0914727146537082,1.0592557237560458,0.9477717894691906,0.9328459875827331,-0.17854413028121563,-0.3129220474654133,-0.00038626800714220197
61,4.09900000000016,0.0,0.1330086595826164,-0.0948113769162882,0.9654990933622224,-0.0586682206245617,0.0338537758937608,0.2640705415373918,0.976856567900761,-0.023458979504322644,-0.10524222544920257,0.1847295212256578,4.09900000000016,1.0,0.2786996218483575,-0.0978521279408273,0.933066172272382,-2.061132245408665,-0.0719424745744391,-3.001158653952152,0.9473076717147809,-0.04577356485588601,-0.26303803529714065,0.1769857278362444,4.09900000000016,2.0,0.2831685333566092,-0.0965175689174538,0.933445735223495,-1.8500549386422656,1.0553407672269284,-3.8850147000416895,0.8915619839107585,-0.03937043871909661,-0.256090363592751,0.37146321900709195,4.099999999999909,3.0,-0.0448559966168392,-0.0427240125024838,0.9771891312960852,1.977994724105758,0.4343942155966079,-2.9078987657696307,0.9575303298474518,0.07583247249354949,0.12240705102754317,0.24980315729887315,4.099999999999909,4.0,-0.1078870150319396,0.0529285038981177,0.9718487358959752,2.5328765181937114,1.217768505799837,-3.155650955066719,0.8995692810008751,0.07173311572414248,0.2341115563664058,0.36169220058466106,4.067999999999756,5.0,0.1229906085551278,0.0074144620936853,0.9724979876375583,-3.548508540820691,0.7028448111904643,1.841729098523,0.8696084846601754,-0.1361484712932561,0.06934157443106959,0.4695065742105892,4.067999999999756,6.0,0.1600059580630061,-0.0284464509039555,0.965905737023706,-0.7732042207808835,-0.0297369077389921,1.6294502577751608,0.9974404285610068,0.029658889415157152,-0.04651939213742401,0.045485029469697784,4.067999999999756,7.0,-0.0977536779780315,0.4002510715049012,0.8885405439263566,2.192441078069276,0.8385302823578831,0.9567072090346924,0.8941331230273087,0.43930639967352103,-0.026808534356607693,0.08256602204884492,4.067999999999756,8.0,0.1499515163324745,-0.28847762391593,0.9240179669516232,3.437427148889281,3.1827598305119875,1.9961625285057625,0.9850128686752807,-0.030106023447249507,-0.12044923040552781,0.1197299410799317
62,4.179999999999836,0.0,0.1239877992697055,-0.1077869987226605,0.9666203952631128,-0.248009401664846,0.1365907962353929,0.5908979925358916,0.9715814391575325,-0.04173285041269432,-0.09637605953820726,0.21213092992040944,4.179999999999836,1.0,0.2995930009806071,-0.1781965123005077,0.9158253309269018,-1.8196249545228649,-0.1476751450313835,-1.521804838397557,0.9491964080476538,-0.11211927443055221,-0.28320255134248906,0.0790680856205809,4.18100000000004,2.0,0.2684770475623197,-0.1427370182856456,0.9317361313929726,-1.4723809357061202,0.451567681240848,-2.5678686430427864,0.935099214043308,-0.080879311642346,-0.25971793234567236,0.2271444308406803,4.18100000000004,3.0,-0.0865897688710049,0.0298702582669127,0.9756515666968072,1.2446093074701627,0.8811420215579566,-2.031049448687273,0.9669737928260458,0.1049575001262109,0.18269162476145123,0.14342028237626908,4.18100000000004,4.0,-0.2007877117041043,0.1386708079520873,0.9477091863280342,1.575872751975003,1.396575322787817,-2.6906458007220166,0.9176134460100952,0.08262162618493818,0.32354687601929677,0.21558443730053428,4.143999999999778,5.0,0.0933533488254863,-0.245312872715412,0.9443816742944448,-2.944982109104864,0.0778828110185421,1.4748879274113944,0.8126620347723272,-0.24733225689494448,0.005514709893587775,0.5276142150413913,4.143999999999778,6.0,0.153176270479205,-0.0991027323957514,0.962582297049856,-0.9244079673478374,-0.0458702091688192,0.594944885128617,0.995564339019198,-0.025282033598661855,-0.05345609126652236,0.07317726393415287,4.143999999999778,7.0,-0.0674766485553954,0.4601298171231782,0.8620861054987037,-1.0793285010896772,-0.4440003473047728,1.8142197453064,0.9144083369098055,0.36833888444239504,-0.07764468854583348,0.14884610152165942,4.143999999999778,8.0,-0.0185150451131297,0.0142110052485507,0.978420278016704,6.087797163725904,1.501726189910818,3.840242898563549,0.9191671727375965,0.22485084980454434,-0.04079038910600471,0.3207958043059922
63,4.235000000000127,0.0,0.1100744204323766,-0.1269673584095451,0.9653827799712292,-0.2187751134671855,0.1975268593201608,0.7374096683727912,0.9637529939509154,-0.05885154336726213,-0.08422753348207865,0.24621613492511726,4.235000000000127,1.0,0.3405997806252001,-0.2517612903799283,0.8835349693726327,-1.5810336741702145,-0.4226024408292831,-1.1500527606717623,0.9363761340109518,-0.16794663020864486,-0.3081724233638874,0.0048396832844691375,4.235000000000127,2.0,0.2778382822662505,-0.2087770308717678,0.915827516668782,-1.2605390502574616,-0.2295337729127305,-0.043509397765728,0.9284288640929881,-0.13511549884008828,-0.27535813049821267,0.2096223896932938,4.235000000000127,3.0,-0.1228681310938916,0.0878129163834497,0.9680667921573012,0.574523745087749,0.2117095099637129,0.9829007265333952,0.9567542202117522,0.1330596004011043,0.17918979872248755,0.1865677380521479,4.235000000000127,4.0,-0.2910110976963491,0.1990789904474498,0.9146245659176172,1.4614460374604932,0.8266652329676273,-1.4198856513353286,0.9132572162578992,0.11553604712173869,0.36873314316736244,0.1290292521030529,4.199000000000069,5.0,0.0475444233492548,-0.3946998905650065,0.8958630052616072,-1.7754357512601453,0.1194906452778551,1.5854161327762055,0.7516957633908922,-0.30862180410892975,-0.024946286906902596,0.5823089764878193,4.199999999999818,6.0,0.1599723777091966,-0.1945617658830611,0.947045699861697,-1.5087247003092057,-0.3382134997036696,1.7302597612567334,0.9795178227477926,-0.10907415064093078,-0.06924360112229283,0.15444412674168057,4.199999999999818,7.0,0.1769203606047562,0.3271307659342165,0.906305493739708,1.3490639128368662,-1.8465615127232096,6.217285113950269,0.8058483391865813,0.38107970275223324,-0.2565457910777922,0.3735919852737317,4.199999999999818,8.0,-0.0301452314730392,0.4660817048968751,0.8619101515702544,1.721389429728001,0.742785759281071,-0.5153834155690805,0.9069558142160893,0.2917000946387616,0.04112625778625966,0.3010827739474084
64,4.295999999999822,0.0,0.0914174600902902,-0.1305182214706969,0.9659388396036088,-0.0678992413737187,0.2178096673618912,0.3104639882814195,0.9606726394108638,-0.06552607912388086,-0.07135300789429355,0.26023674050074563,4.295999999999822,1.0,0.3597753668204751,-0.2734021976088953,0.8691138727300464,-0.1913146751628718,0.0248268339879324,-0.1119942230120489,0.9392731772798854,-0.17257803224517343,-0.2966093921363894,-0.002364260014159013,4.295999999999822,2.0,0.2998714112188982,-0.2574680706114164,0.8963923969720076,-0.1566590903566581,-0.5990150951002112,0.8207888540304594,0.9128619805666118,-0.14347376618361724,-0.2892631392824316,0.24985019332704983,4.295999999999822,3.0,-0.1216522788147833,0.0919943403291678,0.9666394179871682,-0.413630011498515,0.1462027878627034,0.6929619487061133,0.9538810758901665,0.10845346650353678,0.1677640190752634,0.22406243006291704,4.2970000000000255,4.0,-0.3255861460963564,0.2220160873371695,0.8976700498700044,-0.5849331703807452,0.1149000661916604,0.4205346384916393,0.9178132387838676,0.09310662009716213,0.35053852470222274,0.1614706125173841,4.320999999999913,5.0,-0.0141359168293822,-0.5396723258603272,0.8176355890957154,-2.405988010157126,-0.2101178981004146,1.869358119173909,0.6649735658667694,-0.3786981302110959,-0.07947947765452022,0.6388120971810237,4.320999999999913,6.0,0.1093052083816576,-0.3233086725257458,0.9187071751598996,-1.468042265575371,-0.1524952531053777,4.513415872242433,0.9136628294526788,-0.19213873556495425,-0.04353658177447529,0.3555383332629833,4.320999999999913,7.0,0.2599004218977963,0.3512738376770138,0.8766335960143271,1.516534437752983,0.5028696202372294,2.22820821415256,0.7499025262330059,0.38484697231293336,-0.2339325072804522,0.48457671331627716,4.320999999999913,8.0,-0.0768259778140699,0.458141217736869,0.8628356701849379,-3.2997981887883348,1.274083944819704,1.4844945610660822,0.9182509857170356,0.11270368160996251,0.047782725704023,0.37660299853499163
65,4.353999999999815,0.0,0.075378907049456,-0.0979544187772234,0.972051414388172,0.7240533652864872,0.395857077576412,-0.1859806876770341,0.9663638539348293,-0.03223093101896108,-0.040937096392669736,0.2518456333407674,4.355000000000018,1.0,0.3577237576253735,-0.2507398382773604,0.8773119437982284,0.3816561020529157,0.2131717786275026,-0.4132323560086163,0.9493278712425139,-0.1441451954438572,-0.27874631422466783,-0.017298780846397747,4.355000000000018,2.0,0.3064780403281588,-0.2340351205945845,0.9010020938515566,0.5256343004461211,0.2900418542060113,-0.6694108284827727,0.9325109629873418,-0.10607616782128301,-0.2622722109251492,0.22446478099070608,4.355000000000018,3.0,-0.1239346214789726,0.0561452621027401,0.971070501633264,-0.8101621466421364,0.0149448498724464,-0.2639688247872742,0.9627166216867685,0.057577876881987,0.15016171122939626,0.217515413022704,4.355000000000018,4.0,-0.2690970807471891,0.1919081148929409,0.921928975882404,-1.848455479056068,-0.7252298780495606,1.901132226954884,0.9202560057432643,0.0438237216586664,0.27602795766366567,0.2738921902892862,4.380000000000109,5.0,-0.0082662077032276,-0.5643944026752796,0.8011320915049037,1.1297124980738926,-0.4469248667042181,-0.4929572863135787,0.70790354224446,-0.3088432768343283,-0.07794183920242691,0.630407388070384,4.380000000000109,6.0,-0.0192154260402522,-0.4529668580507243,0.8687351684545451,-2.1852737627322747,0.8061191509663209,1.428306759777311,0.8637367777780676,-0.30598451066834303,-0.028513317502525604,0.3993986087477219,4.380000000000109,7.0,0.2212920633129317,0.3451808673235622,0.8899853883904267,-1.22189717459932,0.4248794261518818,-1.1790146669556845,0.8179399517139754,0.32260996982101975,-0.2050669299223446,0.4299355730972313,4.380999999999858,8.0,-0.0330974727061815,0.314214001220629,0.9281255942691086,-1.6972277962406717,-0.8510497781808016,1.5264948682014892,0.896456338802195,0.05872051039742593,-0.023996119328100782,0.4385682621180215
66,4.429000000000087,0.0,0.0467922930468458,-0.092128737149627,0.97447358974096,-0.2672160883950045,0.4668124685195033,0.4224147472973722,0.9610580066791318,-0.05251852240507239,-0.020149072287418274,0.27056113447477614,4.429000000000087,1.0,0.3158569606723425,-0.192673075550404,0.9075844127973872,1.904139693064768,0.7000926559262985,1.5141489186255532,0.9685104703568126,-0.06670595204978122,-0.22729033782452412,0.07666085769133714,4.429000000000087,2.0,0.2993480691000474,-0.1772123931532046,0.9158796325058154,1.16933413517006,0.2343059467882267,-0.3542821730668777,0.9469938339293293,-0.04325631003058866,-0.22939898709242323,0.22069815328483725,4.429000000000087,3.0,-0.1187012820965982,0.0051021612681798,0.9731233085169718,-0.5078000978177687,-0.0877841525324575,-0.6086402237675392,0.9724293744861221,0.022413977518445993,0.1319410094657864,0.19097197508922983,4.429000000000087,4.0,-0.2274779101703137,0.0631921677508599,0.950808892637997,-1.85358988109842,-0.0299315639556234,0.3582310406541639,0.9198554206657756,-0.04073482087044846,0.23382894160604323,0.31229906421223713,4.456000000000131,5.0,0.0547143670897496,-0.2763285430998926,0.9378965157746664,6.072948803290903,-0.4067917716493626,-0.6767593822946197,0.8204420409760942,-0.019580138283874428,0.09117928634290706,0.5640725248811215,4.456000000000131,6.0,-0.0095059608165189,-0.578523681157115,0.7908236131081163,-1.0493889254854614,-1.1395244331366243,1.3512468810398603,0.8186196047742471,-0.3256918799745099,-0.08258111879275333,0.46579727437680685,4.456000000000131,7.0,0.1629656261824962,0.2980034943125763,0.9188700245739008,-1.0692028465492749,0.5785573207743352,-0.3031159617123479,0.8557080497170224,0.2536985583090735,-0.1804037163105884,0.41334643376073343,4.456000000000131,8.0,-0.0430976646384571,0.0612338637803796,0.9771770593036028,-3.8009280172086144,0.6448226113169727,-0.51619518366415,0.9083943772457947,-0.13198759948983005,-0.07436964212968203,0.3897025600360357
67,4.518999999999778,0.0,0.0328835564133935,-0.1090734843748866,0.973280867336828,-0.0178765646899547,-0.2513604306329354,1.5091533863923603,0.9381237244080399,-0.05101953984590575,-0.02936688688370005,0.34126012103886355,4.518999999999778,1.0,0.2402769611562133,-0.143629226708858,0.937773228010136,1.6198761236047154,0.5535055082851343,3.905604850473436,0.9453599385101827,-0.03376898921541929,-0.17396323948150244,0.27366226144007133,4.518999999999778,2.0,0.2702129856618404,-0.1040402862043707,0.9358042323190392,1.3812186066223495,0.1965008016377643,2.31841473873907,0.9203109191943594,-0.005695141691620409,-0.19470958747928077,0.33923967031642166,4.518999999999778,3.0,-0.1206279073415068,-0.0293053943157728,0.9715714599731744,-0.9011722556491416,-0.2375441124091164,1.9761084824067392,0.9516350742342577,-0.010108516067865015,0.10507726597807951,0.2885260327329866,4.518999999999778,4.0,-0.2264941296965913,-0.0721776096194309,0.951044584592441,-0.8095347729015598,-0.6600987494868933,0.3100926532823285,0.9227129825899449,-0.06718847475787885,0.17818559234755033,0.3351661607314057,4.489999999999782,5.0,0.1806930989440572,0.2651172789186767,0.9250988230522994,2.541062487987632,-0.458645891459767,-1.948472328262472,0.8726864265874876,0.11405033495961377,0.14282257641611187,0.45278320818182416,4.489999999999782,6.0,-0.0221085058291206,-0.5334411490412406,0.8220284389724999,-0.0682187534357364,-1.9503659059847755,-0.2005353095647114,0.814582978388005,-0.27455499074717177,-0.1701242247885242,0.4818006605604139,4.4909999999999854,7.0,0.1128688481355525,0.2094088345880215,0.950179753055726,-1.6253023701684897,0.1990896059020421,0.2203494197652355,0.8782650554389849,0.16335206610009115,-0.19008523496637825,0.4072274528360839,4.4909999999999854,8.0,-0.046408905562871,-0.0479953678303517,0.9772802352198092,0.0665949775827271,-0.2707652198367676,-0.168415581507352,0.9126290900560349,-0.11317429521606064,-0.07787524702191653,0.3850132059905442
68,4.563999999999851,0.0,0.0399614905264109,-0.1117550660421451,0.9724370851056758,-0.0224574435072588,-0.2727638787981627,1.3430723689242805,0.9132169504318329,-0.04885597102878263,-0.039782225071179594,0.40257331022709897,4.563999999999851,1.0,0.2163767898368967,-0.0977872664554348,0.9512006808970718,1.948891937292408,-0.653634753532189,4.747723619761124,0.8564663975604737,0.020412936178355733,-0.17150412291458236,0.4864513929568532,4.563999999999851,2.0,0.2447336543904695,-0.0387334079757358,0.9486032687669128,2.2039565355741484,-0.0001139294497874,3.9905733184371615,0.8390290220692099,0.05132635750971323,-0.15822314071336083,0.5180360440096523,4.563999999999851,3.0,-0.0992515588084176,-0.0869685905708243,0.9714847360243102,-1.6025755021060006,-0.6554476854429396,3.4619703733948484,0.8920393418761127,-0.058517505314682805,0.05510328503595553,0.4447529000413869,4.563999999999851,4.0,-0.1675708200352537,-0.1170857289156285,0.958810175351205,-1.8763605398732348,-1.50189607427357,4.0085641964483845,0.8491644182264896,-0.08734844349161965,0.08708603934490142,0.5135231854443157,4.559999999999945,5.0,0.2417878506465631,0.4629104714128111,0.8289828289754162,4.008152726334696,-0.5234978218774045,1.7588760872671054,0.8039255119324534,0.31375234060825785,0.1696994849614859,0.475883730369918,4.559999999999945,6.0,0.1216706803442794,-0.3847142784322562,0.8932033192475881,3.53405778235685,-1.4927499821555354,-0.8666694076884733,0.8676376456632721,-0.062439292263471086,-0.14978017574359928,0.4699703709424114,4.561000000000149,7.0,0.0702323921910284,0.0172394537730286,0.9772917744055422,-3.2555856580473725,0.5746713812566229,-0.261070625411711,0.910583945571307,-0.009162189149015412,-0.21159342359586603,0.3549382417389951,4.561000000000149,8.0,0.0059240827778308,-0.0554217550717307,0.9783324252563697,-0.0268076279552038,-0.8767858232551616,2.2414580578703767,0.8633910736727965,-0.09751862712992745,-0.09877832877094173,0.4850657821677898
69,4.653999999999996,0.0,0.0520578836947265,-0.125165499293699,0.9707525815220814,-0.2104952792050647,-0.3410487188594416,0.8713693924784137,0.8938386901324812,-0.05299480690112419,-0.05793927503870951,0.4414600626010826,4.654999999999745,1.0,0.2487588581116209,-0.0175795183539059,0.9462895915339272,2.4664749679807096,-0.8274999823643518,4.371767356313748,0.732282980567951,0.09606483270113539,-0.156260005212588,0.655832291870096,4.654999999999745,2.0,0.2443986333747999,0.0632894146477737,0.9465462260228352,2.741857183615247,-0.0414258166158585,2.8632782150894576,0.7532802979997235,0.13638838666640452,-0.1011642514099032,0.6353997126727845,4.654999999999745,3.0,-0.0818890679644732,-0.1792257270342512,0.9598157736341668,-1.8343652734256768,-0.8386764311739029,3.484410568214086,0.804448082808929,-0.10748973874644589,-0.006337388752663742,0.5841823992838683,4.654999999999745,4.0,-0.1012271370107445,-0.1812945612960091,0.9579490324527165,-1.4539223601608509,-1.756082031098655,4.628569822362343,0.7265854332666118,-0.0759657854840137,-0.0049154090315632485,0.6828459902164025,4.63799999999992,5.0,0.1987161312552183,0.5413093505028387,0.792384430839699,-0.4322208187021454,0.3365418454783148,-2.097802461460673,0.8562158799457714,0.26754158377984283,0.19135234634558854,0.3983718707756602,4.63799999999992,6.0,0.2249595400627664,0.0365698132360686,0.9537435997660104,5.604124258927709,-0.4011245818668656,-1.8399272665794293,0.9012238857833086,0.22788432818561458,-0.008586676770644909,0.3684976385854618,4.63799999999992,7.0,0.0439096730500357,-0.1554904397406267,0.9668276287745944,-1.5798253009160033,0.1501555357936444,-0.5533659625037722,0.9209103921176535,-0.08421027209873264,-0.21837264820603244,0.3116826371138624,4.639000000000124,8.0,0.0522119423234846,-0.091718413585604,0.974592553679818,-0.7687374459886627,-0.6644889226615086,-1.1968353634024866,0.8849037355264099,-0.10227869565261753,-0.14750806008838574,0.42979741678605554
70,4.713999999999942,0.0,0.0675651431846844,-0.144793261392083,0.9664775542566298,-0.1641624989240825,-0.3693961346812401,0.6259464778991264,0.87817889872597,-0.05366306028546809,-0.0766604366762527,0.46908983706945434,4.7150000000001455,1.0,0.318910644226914,0.0488865188890031,0.925265966773711,1.6683567879993142,-0.9978716345731166,1.8706813882237283,0.65601654321628,0.1716601086234901,-0.1454411454892883,0.7204317978356438,4.7150000000001455,2.0,0.3152953276109706,0.1564866663313417,0.913729598758404,2.23022928744238,-0.9213970276537488,3.381174935785361,0.6266090311999091,0.2210910772698761,-0.0937453429560687,0.7414119423400233,4.7150000000001455,3.0,-0.0808497165398122,-0.2796470945039486,0.9348464183334776,-1.7587033814030495,-0.5092549215500645,2.4413144825124418,0.7226583877335186,-0.15982281471447907,-0.06086156463315119,0.6697144111377159,4.7150000000001455,4.0,-0.0577707714874656,-0.2659673463570803,0.9414546768875898,-1.5995249918843946,-0.9315874971744552,1.3609167411737548,0.6743806862564894,-0.10252847343509389,-0.0905923052367691,0.7255974340990904,4.724999999999909,5.0,0.1806668480818593,0.5001947838376417,0.8233168698780446,-1.2799188218878907,-0.8579843551237735,0.5710995351972835,0.8680741931199261,0.23521326553451222,0.106724968503247,0.4239477515611581,4.724999999999909,6.0,0.1916820444955284,0.2715942894448776,0.9222459193506614,-1.1216545215192395,1.3642390705697185,-5.945785473227706,0.9848218512923038,0.13552180816555054,0.07670120587464092,0.07665954439021355,4.724999999999909,7.0,0.0797486700771596,-0.2308748601845263,0.949030004033434,-0.982625215521738,-0.5940280324518133,-1.2538374942623396,0.9293822308222406,-0.10816224614541078,-0.2535732009604608,0.2454592212472798,4.726000000000113,8.0,0.0833728896800922,-0.1614471360852316,0.9626384490120204,-1.2267983133719067,-0.5491274618070995,0.0890885620259222,0.8732260240947055,-0.1400999286884928,-0.18990907837715199,0.42636001545076063
71,4.793999999999869,0.0,0.0862174613228942,-0.1434780107925562,0.9658766017364984,0.1688518800140466,-0.3850236510515183,0.2267400288295927,0.8717828219963588,-0.03717763512535799,-0.08873201710285336,0.48035316576390924,4.793999999999869,1.0,0.3564747342761379,0.0879032580412733,0.9079271892880432,1.09946367218278,-0.3378938017559657,1.3628078475066945,0.5967617481571231,0.20624407543328538,-0.12497228792189956,0.7653239343811804,4.793999999999869,2.0,0.4064970379681781,0.1720834185297183,0.8746784867539749,1.0303165500505558,-0.9689092277267798,2.43786141464816,0.5224598884948184,0.2730500281470675,-0.11203686406003367,0.7999544287860785,4.795000000000073,3.0,-0.0833714887723949,-0.351562190187512,0.9111850642380144,-1.376151705035604,-0.7407849015637521,1.4514977661809274,0.6616233535403429,-0.1853621231902415,-0.12109040674693067,0.7164024949218833,4.795000000000073,4.0,-0.0079140822779022,-0.3461095527787092,0.9165039796842244,-1.5723585590458122,-1.108476703044333,0.1868603974528141,0.6547118853971376,-0.1168927733626125,-0.18672124907138812,0.7230654201388299,4.813999999999851,5.0,0.1671884554419271,0.3934492748902001,0.8815382512717861,-2.6488095979839428,0.7019635169252466,-1.7745609791936738,0.9269551667840397,0.08525168014326018,0.08160504825764804,0.3561276258646493,4.813999999999851,6.0,-0.0243103790451531,0.4787203734201572,0.8546659052186101,1.524803087722271,0.7555782148523567,-1.014533461824453,0.9685942579375716,0.21315222223991573,0.12536368558374586,0.025985380147501763,4.813999999999851,7.0,0.1371029882453316,-0.265837852566051,0.9316785962751696,-0.727130820720446,-0.4810118477640366,-1.3805794310544457,0.9368498165794081,-0.11913480050693044,-0.27806425629428083,0.17549811923440006,4.813999999999851,8.0,0.1526347781831084,-0.2296672313074312,0.9404842302519334,-0.953158881945024,-1.2034688405887368,-2.1046096111682755,0.8967627981993924,-0.12972716284938127,-0.2698880273592183,0.32580331439811305
72,4.833999999999833,0.0,0.1208288140098237,-0.1354368488054461,0.9628116418545376,0.2420128140330373,-0.7017582724919731,0.7093846274494296,0.8515365922368946,-0.012539792547749357,-0.11218816967350385,0.511998047134699,4.833999999999833,1.0,0.3667810733931459,0.1139550716624352,0.9016755990060842,-0.1518832481798368,0.0177726239682733,-0.6126922307551822,0.6233024342136102,0.2028101771984502,-0.11867011572652571,0.745841478574083,4.835000000000036,2.0,0.4158597799554983,0.1926796430757155,0.8650278599904049,0.2688050784164852,-0.1007812627909318,0.5841313173504074,0.4973807634531735,0.2770834413980258,-0.1048216549343024,0.8153830776430175,4.835000000000036,3.0,-0.0837258824461534,-0.4076898855365566,0.8872778222404764,-0.6592687985397478,-0.9508402020198256,2.478437844713976,0.5626823040336425,-0.18448040820695508,-0.14942825198300333,0.7918502391389998,4.835000000000036,4.0,0.0492129367852583,-0.4191781565246896,0.8847631095075863,-0.7208310959931357,-1.3074421319041514,0.9572362901800155,0.6041907412071845,-0.10148613476270818,-0.24708394354906535,0.750735397813824,4.891000000000076,5.0,0.0556022307948058,0.424197076880959,0.8818334490686383,0.7546462936260945,0.0145333108912203,-2.8245406008409555,0.9631556865883482,0.12260563786193188,0.10922378696265542,0.2130003411230436,4.891000000000076,6.0,0.1154412870316583,0.3955985691229771,0.889454372835576,-2.806256806731465,-0.5990186693158522,4.37673589582612,0.9630953072067546,0.09762834021392779,0.05134097159487616,0.24552034754597157,4.891000000000076,7.0,0.1694345518939125,-0.2494118315757825,0.9326037051687724,1.0619530271523605,-0.5075083779024778,1.1706386049441642,0.926510596144733,-0.08039986718058771,-0.27078067252234195,0.24857957272717235,4.891999999999825,8.0,0.2781239325951142,-0.2394802490419925,0.9080777986695928,-0.4952209747653523,-1.5901807205620286,1.279019706734474,0.8525959465069223,-0.1363081662686847,-0.32776111513869954,0.383500830783285
73,4.894999999999982,0.0,0.1705976723479327,-0.1103987674154756,0.958212161445789,0.5425205212979581,-0.9009452908749314,0.70711702415597,0.8280575628609942,0.029886039238299897,-0.1357673190471514,0.5431341752514811,4.894999999999982,1.0,0.3573097969664197,0.0669190145232019,0.9101552364773052,-1.0050972099374944,0.1719289988479611,0.3373956970679303,0.6228668624969436,0.15935604421839075,-0.1509343260536124,0.7509070195390517,4.894999999999982,2.0,0.3910066026569954,0.1462205830665444,0.8851742075808098,-1.358550424947245,0.4982321857438251,0.2851914545535717,0.5100306478543815,0.21481178733580003,-0.14473611925623953,0.8202292911457639,4.894999999999982,3.0,-0.0904225346891598,-0.4196661517201859,0.8808184184727053,-0.3008959462972939,-0.9290971370645288,1.743862251125723,0.48545210702103864,-0.16665655182442585,-0.16977785522243652,0.8412712555406228,4.895999999999731,4.0,0.0806209683428206,-0.4236658910685998,0.8788136732029808,0.2374982516158136,-1.610429226043196,2.713661129104828,0.48600648624074394,-0.06992783495142006,-0.26457834171453276,0.8300036712729171,4.9220000000000255,5.0,0.1257899198956015,0.390259468611875,0.890255268567075,0.1852741787588815,0.054678012170872,4.818509295244346,0.8890068961572064,0.16175971385772192,0.06074483290154764,0.42404079854815985,4.9220000000000255,6.0,0.1483269300045848,0.2644231521597745,0.9306070698405982,-1.4192527412448104,-0.9089639835652392,-1.3177459387355457,0.9829842543398282,0.04059936141525867,-0.017259002972038744,0.1783136965828944,4.9220000000000255,7.0,0.1098129377639928,-0.1012041640380818,0.9684889446354016,3.85735457046474,1.0101690075221317,1.5007033877870242,0.9208423136369999,0.07123341742182239,-0.15757563993455057,0.3494927057282918,4.9220000000000255,8.0,0.2624591502825891,-0.4820720134551483,0.8113314786671602,-3.827212285394097,-1.085443965564472,3.688803664725904,0.7366175418946445,-0.3199631118321634,-0.37205421916386267,0.4653964568431291
74,4.954999999999927,0.0,0.2066021961336745,-0.096501692037609,0.9529637747504472,0.2132744894425888,-0.538115954649701,0.4825373976474275,0.8109705545153723,0.04856366979948934,-0.15100058266041083,0.5631759527189104,4.954999999999927,1.0,0.3438952759864291,0.0032660496424231,0.9171087024306064,-1.0854556470749306,0.2183707692059567,-0.0270779330919314,0.6351673878796538,0.11483655631507417,-0.180849269542189,0.7420704120323685,4.954999999999927,2.0,0.3829955520750237,0.0314869364870115,0.9013301170611192,-1.400370761563786,0.0328694352114418,1.5103364652326063,0.4656289430040059,0.16654107895796064,-0.20951544109498052,0.8435384024448837,4.954999999999927,3.0,-0.057244042657029,-0.4096135448072468,0.8873859721061189,0.6834982488130833,-0.6462121944884339,-0.8705223919696559,0.5237368906556858,-0.11103775122901288,-0.1630207044043029,0.8287306782687864,4.956000000000131,4.0,0.0787254055414059,-0.3743588083588824,0.90237674677845,1.4978778841970586,-0.0576522784299377,0.673281740196903,0.46394928327157847,-0.041237112607617185,-0.19528040543247105,0.8630852370129528,4.980000000000018,5.0,0.241291852768597,0.3459022749185992,0.8845331299581918,-0.0862585794470768,0.0743082907921379,3.908830489030101,0.7976189966819787,0.17249697243500095,0.019319437530996422,0.5776465095248805,4.980999999999767,6.0,0.1876473316886903,0.1384439324809483,0.9521742259005572,-0.7775035603226069,-0.3581609472435765,-0.6125328397674019,0.9880324614435978,0.010538355377836438,-0.04801380640860771,0.14620353139986944,4.980999999999767,7.0,0.0392689775246591,0.2391744042419101,0.94874103514062,4.280452845472984,0.7829035610500166,0.4271305101422349,0.8905176471538111,0.2487258674796441,-0.03409846700881348,0.37940882633616735,4.980999999999767,8.0,0.3412849016701765,-0.4565988074726531,0.79611252025485,2.4835353969675933,-1.8497039735436165,0.534117019189809,0.7344742658598022,-0.17515654383376833,-0.3657772923095473,0.5441274762154635
75,5.034999999999855,0.0,0.2172493252610491,-0.0928900239536666,0.9502079636182312,0.0617062224489486,0.0054323026882048,0.3762412228140186,0.8005926958279443,0.04566234305072041,-0.14675081899259576,0.5791636063661677,5.034999999999855,1.0,0.3419965369068464,-0.0408386544603933,0.9166965545073182,-1.0756049203183156,-0.0873210685119108,-1.3108017923681634,0.6902795271966244,0.09357093159519503,-0.2126986778365088,0.685213782363003,5.036000000000058,2.0,0.3671632310357694,-0.0259108248652802,0.9068830084030546,-1.176439145620784,0.8940308410371239,-1.3717227040280415,0.5465119331966976,0.11139989848366057,-0.21727457823877663,0.8010658694156182,5.036000000000058,3.0,0.0102744577064868,-0.3264728974462629,0.923633521886186,1.641892392355384,-0.0453169298140703,-3.244427609790609,0.6718539695435639,-0.025197059570852234,-0.09960402251578218,0.7335232719527134,5.036000000000058,4.0,0.0450018051794058,-0.2602004724295282,0.9438085354975578,2.0610402957735654,1.2631065903420562,-1.2404457620238585,0.5372578214436442,-0.02844849255607489,-0.06792900263848238,0.8401966241121522,5.056999999999789,5.0,0.2841942577295901,0.2335479408977225,0.9081315891301004,-2.160292167376112,-0.1360868260917362,2.448459389850808,0.7421448648789573,0.09944600026150609,-0.06617879283815561,0.6595088020218284,5.056999999999789,6.0,0.2157829220143381,0.1204530558086832,0.9479650794798848,-0.0041947268337073,-0.2100403625264613,0.8540071560317508,0.9800299620066093,0.016416095418440538,-0.06423193794553275,0.1874727807664288,5.056999999999789,7.0,0.0508411194810977,0.3953515874787537,0.8952174612059005,2.2140392340381974,1.316883613776315,2.736770799170796,0.8088867907112754,0.30240076935167415,0.027761716016303728,0.503473158800108,5.057999999999993,8.0,0.306860636573615,-0.4281346677325153,0.8264401103571901,3.29347948536947,0.1106466834633639,2.092123216483007,0.7071883168182789,-0.0900785955912195,-0.2506717375832294,0.6549306918667408
76,5.119000000000142,0.0,0.205791382828381,-0.0907019089455813,0.9538034758099858,0.2218116554738261,0.1340878460998097,0.7874801797003472,0.7784494124766272,0.04249727636116388,-0.1334631747868056,0.6118807683630066,5.119000000000142,1.0,0.3585019956126949,-0.119896772314049,0.9033405133892692,-1.919177211227516,-0.2055117328244448,-1.6245349675973968,0.7519237137517494,0.0449574376690402,-0.2781967246066193,0.5959833386212742,5.119000000000142,2.0,0.3536538281878004,-0.1002509882746834,0.908892022826729,-1.642044576041089,0.5611369287606531,-2.05928775930522,0.6469217088219991,0.05993823410974061,-0.25206281532295516,0.7171917790090014,5.119000000000142,3.0,0.0301573288181499,-0.19373705074434,0.9588026338550802,2.169219996940395,0.710710352590825,-1.7751307590975764,0.7430357189849577,0.035076599735493666,0.011213324532049186,0.6682378422511268,5.119000000000142,4.0,-0.037880281626763,-0.1463794185878321,0.9670104188051776,1.7641397951072486,2.5963775119432,-3.631533466701787,0.7049100416132603,-0.06659026760893592,0.08768462043143768,0.7006989202448913,5.143999999999778,5.0,0.2858323496543959,0.0505621465655689,0.9359077610671516,-2.1683687728955765,0.4182588835540683,2.180115653292446,0.6819777478841909,0.006336982398480523,-0.12653476931106147,0.7203160044038205,5.144999999999982,6.0,0.2549441418662375,0.0584404966290145,0.9449916364084086,-0.4799646748847023,-0.4574906360291202,1.7148936979479146,0.9589639602739146,-0.004176439350780076,-0.09583548973302057,0.26680749456818387,5.144999999999982,7.0,0.0385385081984385,0.5204657623252986,0.8288842944784178,0.4413416969802444,0.8304500045384426,2.0315147538627967,0.7511976927234981,0.29529340243720753,0.04866609876567704,0.5883327661747897,5.144999999999982,8.0,0.1457016451898323,-0.229144244107026,0.94211461403674,4.887984804813889,2.071944469332871,3.848816118166325,0.6325025114735975,-0.047399900744941305,-0.005144224576048,0.7730894898667764
77,5.166000000000167,0.0,0.1943149788455079,-0.1112511246154597,0.9536555333389856,-0.2299542994072419,0.0181775580190419,1.5211956883179305,0.7323842413134802,0.02085106098687563,-0.1395390927361455,0.6661136524120888,5.166000000000167,1.0,0.3874422351956041,-0.1884680415457845,0.8799643809283024,-1.802330581022573,-0.243793158632013,-1.17455569232775,0.78674862716325,-0.002102681538426445,-0.33480866781961427,0.5185801117859656,5.166999999999916,2.0,0.3455507288717182,-0.1532975008229625,0.90294162049252,-1.606299181024998,0.2566792589380549,-1.8501113441745416,0.7223320933803999,0.018297809306982427,-0.29109682673053605,0.6270280492248066,5.166999999999916,3.0,-0.0129075014911355,-0.0660342250505723,0.978152277269356,2.254811175798232,1.0393814082959618,-1.3429492424361833,0.7815873327572757,0.08103057757185318,0.1296106787321913,0.6047779416697672,5.166999999999916,4.0,-0.1386209346074635,0.0120574474867674,0.9698530066193832,2.356937477301236,1.9958535932326944,0.8191238409189993,0.6759365008548083,-0.051207645109054525,0.23670444648974423,0.696030623540751,5.213999999999942,5.0,0.2320925685163962,-0.2179059808773148,0.9263735872407832,-2.4574387823223294,0.0068226584662085,3.91831761930555,0.5460368485549612,-0.0852554759957606,-0.2034397760407455,0.8082001740641942,5.213999999999942,6.0,0.280341224874799,-0.0309529854086047,0.9382988384997566,-0.9457848676562388,-0.2474166153366057,3.9148679826655512,0.8924746092939717,-0.05896363192434786,-0.11092009595655197,0.4332540757902365,5.213999999999942,7.0,0.0762024786746886,0.5203257296488878,0.8273332564989673,-1.380030253035634,0.6831995585839673,1.819574009286701,0.7172384337663629,0.2247606506358214,0.019697638773802564,0.6592902866574585,5.213999999999942,8.0,0.0500943287479774,0.2701121412982641,0.9402972877502924,5.823833720600744,-0.1124056690092665,0.3030979463761556,0.6395137209808478,0.15810119896897284,0.22506355951227003,0.7178945645019681
78,5.259000000000015,0.0,0.1837753286988087,-0.1545337128421731,0.9494682512632304,-0.3840287639750918,-0.0970942515281288,1.5236372705981744,0.6815099558461712,-0.0012083449481158223,-0.15406369895929534,0.7154069447859838,5.259000000000015,1.0,0.4182332335091406,-0.2742489167668364,0.8432689334018569,-1.543851536142319,-0.4634010916632162,-0.2487484861072393,0.786082218715158,-0.046371909896777384,-0.386105151875043,0.4804656107235246,5.259000000000015,2.0,0.3634321370295863,-0.2292837089066963,0.8809109277356578,-1.4193354867323362,-0.4428584510494275,0.3771054653128624,0.7071143521895464,-0.022128692085650267,-0.3441190346480876,0.6173181545256912,5.259000000000015,3.0,-0.0483616971391892,0.0639139029071833,0.9769340608582489,1.7634711046390747,0.3068573099336761,1.6445482244959388,0.724234943819087,0.13997599390101031,0.17386132929918716,0.6524283144201419,5.259000000000015,4.0,-0.2594505623138934,0.1566255004678937,0.9317311083774044,1.7088475384024564,1.4554067244174995,0.1683196336984546,0.6588284635722812,-0.042341952744014505,0.3362060265817751,0.6716529775969923,5.271,5.0,0.22269426061117,0.2799976705362429,1.040993069518295,-6.585005778581786,1.9079252981192627,-2.675636725318804,0.6424143896121755,-0.31941714227669704,-0.4244355992110077,0.5523865162740642,5.272,6.0,0.4760894928701217,0.3878536312203499,1.0534753701572046,-6.116924966702305,-2.6873232069184567,-7.066642383505442,0.8871033530065312,-0.21098979358399061,-0.4097677774382217,-0.024926224369027406,5.272,7.0,0.3606045650384222,0.2307153924798157,0.8597416794283822,5.451801455277357,0.6048499319240387,28.057718000228213,-0.6243543491767682,0.3768041729927923,-0.09282503761193672,0.6779260831916815,5.272,8.0,0.1228958406111917,0.5866039360613188,0.7582673898815884,17.16331529917756,6.415791385697276,-20.683559196714857,0.3812086891967051,0.23205168259869588,0.6330604802333727,-0.6325080080526534
79,5.298999999999978,0.0,0.1620758246893648,-0.1795494787112399,0.9500538993898106,0.0489171426634811,0.2002009341781027,1.081972113466275,0.6447507705790263,-0.015413473892142707,-0.14216160638011535,0.7508987590426244,5.298999999999978,1.0,0.4434042403892686,-0.3365910978107925,0.8063653715775134,-0.8465110500009169,-0.5278918015895512,-0.0317023237221583,0.7777036265469106,-0.06448096831008995,-0.4181928379515324,0.4649021663399942,5.298999999999978,2.0,0.3789965509620445,-0.3112144626108212,0.8488157471564322,-0.5403919449686115,-0.3645440034043213,0.9595237159432876,0.6736816273423787,-0.04309836686280019,-0.3629714033122005,0.6422984945744897,5.299999999999727,3.0,-0.0713217692995392,0.1170636671563706,0.9701563291840576,0.1401024098843007,0.8097501568377339,0.4456730211432061,0.704594337097935,0.11105711955694823,0.19412007357412495,0.6734467561439522,5.299999999999727,4.0,-0.3076758772618863,0.2469144998538497,0.8971303050912125,1.6069203216853518,0.9228740728386272,-1.7829488371398494,0.708367472067629,-0.04488324044092508,0.40478762960887116,0.5764963088864232,5.328999999999724,5.0,0.1796310373494991,-0.3788612798300161,0.8858497734188934,-1.978239323379084,-0.0494934905209644,2.346002982394173,0.5610241241389559,-0.4076045741600521,-0.4158428270219507,0.5883750389609608,5.329999999999927,6.0,0.2831307950049914,-0.1942049893434046,0.9177561631686106,-1.5091225438158868,-0.5407589679953749,2.999312513386684,0.8709149243292802,-0.32772829564132594,-0.3561908733666201,0.08502599924070393,5.329999999999927,7.0,0.2104585598568071,0.36545107592813,0.8849105636650355,1.844832536663174,1.150658852680509,5.2939427895469136,-0.8386572593129623,0.1968985649791237,-0.10953436187988984,0.49587012420431,5.329999999999927,8.0,-0.0462659917075056,0.51665667463974,0.8317225129582143,1.522175536276399,1.5146709100576434,0.7078248722468998,0.36709046645790544,0.3350644902789856,0.565136890485232,-0.6584805781513103
80,5.389000000000124,0.0,0.1359215433373337,-0.1773282655282622,0.9535208546757304,0.0994027418927619,0.4396807390492852,0.3710270173769374,0.6343987810335923,-0.030542447259378564,-0.12119620173996833,0.7628347306083443,5.389000000000124,1.0,0.4484207159855754,-0.3494966357857021,0.7982856400120574,0.189369048560371,0.0940127197601925,0.3208723854059458,0.7774237743838505,-0.06348615127509101,-0.3978518531233825,0.4830069218813895,5.389000000000124,2.0,0.3755691578112376,-0.3341470699829263,0.8407939957699408,0.2779875831285201,-0.1687048625988372,0.5923435148643668,0.6558802896908527,-0.03471272103076436,-0.3491633668517968,0.6683569524156993,5.389000000000124,3.0,-0.106428457072911,0.0943211649705541,0.9696094581653364,-0.8606669439745567,0.6740155505341084,0.725612835502901,0.681253448900228,0.05542005360697261,0.1742490500606202,0.7088438647351872,5.389000000000124,4.0,-0.3869703548960095,0.2770867370033406,0.8564729327938494,0.5032965800755446,0.6066042348969815,0.5416345889579558,0.6865107905199714,-0.031240774473094753,0.42661574631161103,0.5879846541440962,5.355000000000018,5.0,0.1509643152021261,-0.51779043926905,0.8179461085775255,-1.019288284631331,-0.6449731593363162,1.3322914532186425,0.5040271490518617,-0.42184385675612057,-0.4209102543768771,0.625171137606469,5.355000000000018,6.0,0.2021010946462543,-0.3520175805289389,0.891234969321412,-1.374477804850974,0.2072592541236604,4.921413250059553,0.8251446775740986,-0.45062105646833084,-0.21446083307173447,0.2647328381910339,5.355000000000018,7.0,0.1439314714993935,0.353410258677313,0.9029706089201652,0.136885846505059,0.9722225189794904,-0.6602224152241877,-0.8232462313433863,0.14392296181903116,-0.11774038160835447,0.5363665035951338,5.355000000000018,8.0,-0.0533519447599646,0.4305008769991932,0.8782946913725798,-3.6766228170589375,-0.1988680166665662,4.154620195916733,0.600203474607495,0.3392119948225811,0.5665930640850599,-0.4512907171306301
81,5.449000000000069,0.0,0.0897588031139919,-0.1505984358111049,0.9636952155089245,0.7371773401895908,0.8497701886602816,0.3638474014207802,0.6273717021229407,-0.04043830779622708,-0.062491096381305525,0.7751544062385275,5.449000000000069,1.0,0.4108041810530697,-0.3244726881747301,0.826795258487844,0.8657468175345503,0.7060820073321842,0.6333837614474149,0.7825894706690757,-0.056086609867301344,-0.3352996476964381,0.5215190877102519,5.449000000000069,2.0,0.3655669066359087,-0.2838396980682314,0.8640560529116084,0.9280293624499596,0.5008476370061905,-0.5610083944860396,0.6894439491363143,-0.003113281078170888,-0.2904729051801349,0.6635381223686125,5.449999999999818,3.0,-0.1345171047533163,0.0341526450625254,0.970490981598499,-0.9001300148918944,0.1797019689629982,-0.6210778936640166,0.7067995321069017,0.002403800505915166,0.13761413371337844,0.6938955204920325,5.449999999999818,4.0,-0.3560961622492004,0.2451357660099164,0.8795146271973666,-1.964650055951532,-0.6304300035227928,0.0949020129761839,0.699754216652859,-0.0788593870850897,0.32754497747007455,0.629951999027891,5.429000000000087,5.0,0.1537327736101618,-0.4851612156608354,0.8370685928504467,3.4836333074862007,-0.8534247780848039,0.08719545561942,0.5749417289877343,-0.26958792076001203,-0.32126664869173005,0.7025326338948765,5.429000000000087,6.0,0.0777503695807936,-0.5013026533658306,0.838038501358039,-2.882456549340026,0.6666300919860926,1.618679890664626,0.7545004617675102,-0.5664167595558218,-0.1724072368189916,0.2831551736757363,5.429999999999836,7.0,0.1373518188587207,0.3454699087916258,0.9063851388762432,-0.7701221113921795,-0.0637742916870792,1.0078835222123983,-0.8493671857593377,0.14880162925029725,-0.11792587788033214,0.4924702490647257,5.429999999999836,8.0,0.0516518082541272,0.2321726255636921,0.9505035311049298,-5.13631124419309,-0.4611442373953712,-3.7240231319334174,0.647390569767814,0.0462861793488986,0.6423634258560075,-0.4075687290501081
82,5.496000000000095,0.0,0.0343423193926904,-0.1492141224500613,0.967314194437458,-0.2296027608814783,0.7227860810747456,0.5437281400780672,0.6082873099060411,-0.07654889555317382,-0.04812603925516335,0.7885497444945827,5.496999999999844,1.0,0.3322690978673736,-0.2641793797032147,0.8823556550178766,2.006368964777552,0.8162838240280054,2.27224201873594,0.7421852254261584,-0.037173413783731915,-0.23614212478890478,0.6261119112163316,5.496999999999844,2.0,0.3280636588233839,-0.2139237025207287,0.8988592132582485,1.6533854512080053,0.7034448160024376,0.84068807247383,0.6743118111960801,0.020851797521783268,-0.20387012438283147,0.709440452896296,5.496999999999844,3.0,-0.1536384230339408,-0.0234641602196211,0.966169068099798,-0.4460823658946515,0.4939737588026904,-1.0966929588003398,0.743035963402535,-0.04577394494298113,0.12904363729473423,0.6550954455104757,5.496999999999844,4.0,-0.2693933859442434,0.1003533862873869,0.9369836719335884,-3.566272790528519,-1.8120078172334524,2.012248949513548,0.6559288007923915,-0.10303812395845642,0.14847824719328442,0.7328674937617216,5.489,5.0,0.2090761719929442,-0.4334508388291427,0.947436818275018,8.783180798715243,-0.902000579280718,4.925221861529079,0.524331538091951,-0.07448286051635644,-0.007590977624510749,0.8482164338835543,5.489,6.0,0.0224434044229123,-0.6308702418618382,0.7482199085369858,-0.3464472331275226,0.3648341686871704,1.3261718863632603,0.7433014082262694,-0.5736871003040854,-0.12155621369376828,0.32188540567408397,5.49,7.0,0.176928677977993,0.4546917960055995,0.8808067969504789,-0.446147559869965,-0.0569511518251091,0.9348310736296253,-0.8747103513694492,0.13709881028040244,-0.10504212813520053,0.45282653272932377,5.49,8.0,0.0377764209655602,0.1498751190045357,0.9675796560089556,-2.593950536856358,0.0739504371836852,-3.2183030194578337,0.6174164874008897,-0.13497908005823442,0.6433062494941156,-0.43212798844091804
83,5.554000000000087,0.0,0.0071070966540033,-0.1576530395863323,0.9671489069870992,-0.0547058213431666,-0.1013898315139973,1.462456678425719,0.5509564042492208,-0.0746766059832241,-0.04924932938717488,0.8297258274216304,5.554999999999836,1.0,0.2524902320556746,-0.2143901321961612,0.9224849884596412,2.4172610209942564,0.6216432757663158,3.6628563919134542,0.6396951435820796,-0.019519607229239837,-0.13058080675885989,0.7572039098666382,5.554999999999836,2.0,0.2649762423271001,-0.1276844955484622,0.9350776762380464,2.113292085445022,0.4564070078195282,3.025809277000223,0.5723528188506016,0.03673118841257649,-0.11584692398168142,0.8109516389745771,5.554999999999836,3.0,-0.1640165414814782,-0.0468199343800076,0.965273260722116,-0.8543427311220687,-0.3831625384542748,2.951810083455858,0.6480809344473906,-0.043918883354500525,0.08748863578519157,0.7552535817188403,5.554999999999836,4.0,-0.2255125168449629,-0.0608961270617602,0.951918991540314,-2.3089063672210024,-0.7046114765370947,2.669986265528596,0.5557123428726953,-0.12151610647111896,0.0521300781926576,0.8207923505946355,5.549999999999727,5.0,0.2197765934642654,-0.0445728753656302,0.9537953175324791,6.830554750658094,-0.5495546304691541,1.8041387337035888,0.4887573262843388,0.12927791980136424,0.2595181338824618,0.8228328102606148,5.549999999999727,6.0,-0.0042778048010745,-0.6256906547667893,0.7543963844847021,0.5345756016351243,-0.8566501629100389,2.117994758168469,0.7306723671929292,-0.5278269420908187,-0.0877091556879306,0.42405626399364416,5.549999999999727,7.0,0.1486545283950298,0.2951354575903163,0.9229891076608684,-1.5211427955682526,0.3834413958718393,0.006164781640479,-0.8663102587387238,0.17294582195243854,-0.13363174903631117,0.44915346366552417,5.549999999999727,8.0,0.0096659460486949,0.0487314666441973,0.9780085958956032,-1.2969294954431374,-0.0984712362799889,0.1668845793917438,0.6424498138914316,-0.1637302231419777,0.631925933542018,-0.4013978888556742
84,5.632000000000062,0.0,0.0061658078792542,-0.1509501603225859,0.9675794705923548,0.1406700361655116,-0.2492592381491097,1.1509682263664391,0.5038313778985005,-0.06027092495992898,-0.0477505460829925,0.8603727352712596,5.632000000000062,1.0,0.2072690616133246,-0.1196056435936255,0.9501968354601515,2.668762683766692,-0.706603109504594,5.547542711194134,0.4363821023078249,0.033779336755181244,-0.05258384472769334,0.8975881886853441,5.632000000000062,2.0,0.2411841702046291,-0.048131148667858,0.948314076965336,2.79952543446214,-0.1206997556735155,4.389404500504621,0.3964421000680418,0.07619137360595633,-0.018576101088465587,0.9147040310122337,5.632000000000062,3.0,-0.1555079864282817,-0.0998494472663327,0.9621950706783052,-1.8236944288141583,-0.2855345850921548,3.938712461020288,0.5016541575908794,-0.06548473106125309,0.0172713335437152,0.8624132172034716,5.632000000000062,4.0,-0.1812549735017201,-0.1426371729820088,0.9527383016676676,-2.125425735506685,-1.427600676779625,5.100281214194323,0.34718312041024185,-0.08653291882353477,-0.044025850143773394,0.9327580926377456,5.581000000000131,5.0,0.2199006859736386,0.2476524279020172,0.9218210039170072,3.981834670611487,-0.11307651926997,-1.88077152054501,0.5410524816835844,0.21981313637609942,0.42044447765060555,0.6943852233117048,5.581000000000131,6.0,-0.0022208030538942,-0.5713448853755144,0.7962449936979423,-0.2874710167048166,-1.8039568411750744,1.3059171634674285,0.6990739008238681,-0.4818416018525147,-0.1292610314275295,0.5122654952906692,5.58199999999988,7.0,0.1279847644514656,0.128167474048251,0.9628821312416144,-2.223459119422168,0.5509234084488956,1.0511656642653748,-0.8685464132735606,0.23108795551352013,-0.19815955016723205,0.3910988078270435,5.58199999999988,8.0,0.0246858287002741,-0.0044192522796746,0.97919358661639,-0.4524026884400861,-0.1039584542912156,-0.05595512308819,0.6680280157574447,-0.1731681869159235,0.5996929540949079,-0.40511690906742653
85,5.719000000000051,0.0,0.0166312900292296,-0.1572322523133346,0.967484583352334,-0.1471468576268703,-0.2624737631763241,0.7230098354277372,0.47213111420374065,-0.051504232406006836,-0.060910465593195344,0.8779119774933148,5.719000000000051,1.0,0.2310011511074793,-0.0001569283683862,0.9518678708520982,2.721834684834635,-0.5336151325652067,2.777758138694302,0.31060516170323865,0.10042391503465438,0.049310665156631864,0.9439321634070046,5.719000000000051,2.0,0.2695387959899963,0.0663498028944308,0.9396464979512952,2.7725785889706134,-0.7471761906617993,3.38315499478851,0.23541817686318486,0.14851118192806295,0.07721017193067625,0.957372080329889,5.719000000000051,3.0,-0.1881227668002044,-0.1996421536456221,0.9412262401246438,-2.153043051117705,0.1703199359826631,2.675596619642417,0.38336542617207314,-0.11859814630078752,-0.06340312998007981,0.9137535076915715,5.719000000000051,4.0,-0.1684170024155993,-0.2082329382863082,0.9429208645003008,-1.8822943631991045,-0.6306500219949528,3.159989290064065,0.19339035271527466,-0.08605639324639909,-0.12951044551103202,0.9687215870215842,5.690000000000055,5.0,0.2099466894332492,0.4500769419239663,0.844456709337068,2.725405145872577,0.3855313781135711,-0.0838998473386035,0.5079664407609259,0.27618452653699355,0.5009015146538428,0.6440418270420792,5.690999999999804,6.0,0.1251631579771475,-0.416438890798376,0.8777646803761281,3.438270109292024,-1.7032420377497228,-0.988614661351012,0.8087278969361841,-0.26001546659890573,-0.126767365860974,0.5121339481026426,5.690999999999804,7.0,0.0994834796379099,-0.0320186658372496,0.9744613087840563,-2.8133122462509648,0.5470313755153094,-2.170737735908409,-0.7930601189011558,0.33722856402562756,-0.21646063957722705,0.4587780889793186,5.690999999999804,8.0,0.0494164011914966,-0.0592970384107325,0.9756120543171845,-0.5289159929962286,-0.5350792649641762,1.664175051816286,0.7379692349005,-0.1436216924055566,0.5632502833084598,-0.3428167676235718
86,5.769999999999982,0.0,0.0192174164339485,-0.1643566354530116,0.9655990820667604,-0.0928429127427454,-0.1443320795236939,0.4946625043108219,0.4500220219821513,-0.046749816003757515,-0.0688163307122106,0.889133818422187,5.769999999999982,1.0,0.2772231186730762,0.0854061327888474,0.9361042329544438,1.7509707296866135,-0.7404099295532995,2.484006775188717,0.18778219299668159,0.16499091218611633,0.10160815227445259,0.9629079033223904,5.770999999999731,2.0,0.3625955493678793,0.1503849690875293,0.8979987910076208,2.2746491915334435,-1.392874945840482,3.8913905899087,0.03752532897205337,0.2472036421033284,0.1373123247414867,0.9584505905316545,5.770999999999731,3.0,-0.2299681204964241,-0.2698965381522827,0.9134541708530076,-1.8106079322995647,0.1264821358046007,2.66144393100796,0.25414790503015144,-0.16156574074948937,-0.12723961368693035,0.9450478477271161,5.770999999999731,4.0,-0.1777788149527207,-0.2954776057154055,0.9171192275133574,-1.682780551489246,-0.4189826088767243,1.5398444783034515,0.10914172266234867,-0.08876788532912383,-0.20855718503555704,0.9678389574089973,5.739999999999782,5.0,0.1297551162614144,0.5229047190301761,0.818816380283125,-0.1906142985349173,0.0468979722812103,-2.5114882993422025,0.5985491673503531,0.20002514251167172,0.4969478101125922,0.5956271574161838,5.739999999999782,6.0,0.2277564934738323,-0.0092385526860691,0.9518017802172736,5.46814409922077,0.1568110628702159,-3.484425869313565,0.9469416996697049,0.05681675216361534,0.0315865324723456,0.3147627123192999,5.739999999999782,7.0,0.0922526739740407,-0.1826182400896793,0.9588253347357836,-2.099401008058268,-0.0380660188807468,-0.9896001827680178,-0.7444666094272157,0.40791410723106414,-0.22425015190701572,0.47863077412501354,5.7409999999999854,8.0,0.0727632195964756,-0.1002548935197559,0.9708812853275612,-0.9114796994664572,-0.3031980051720606,-1.187938363685359,0.7424628630076586,-0.21148707354294213,0.5161080187793337,-0.3710183657588717
87,5.853999999999815,0.0,0.0286064921358429,-0.16526836446992,0.96548072808996,0.0536190896268745,-0.2876649091220551,0.4677251436855952,0.42866063503911334,-0.0322844787305028,-0.0731284380080614,0.8999222210588339,5.853999999999815,1.0,0.3038009187104312,0.1422877462393178,0.921034309383116,0.9034413901186544,0.0317860958711399,0.5691864223703486,0.15209008751676692,0.17398220689032043,0.13486902669923348,0.9635399019251446,5.853999999999815,2.0,0.4166886475169775,0.1726555889517379,0.869311577418707,0.6829722251024879,0.0484951112837527,0.2602006558163905,0.015351863197754556,0.2449371565643115,0.16168192066266351,0.9558394562693986,5.855000000000018,3.0,-0.2961730900954502,-0.3145401585687987,0.8797073316454895,-1.2013678195805635,0.3137000105497603,2.4623169178788222,0.13073611930207496,-0.20481358273758288,-0.15811879084626634,0.9570569008253081,5.855000000000018,4.0,-0.185401038212876,-0.3706665553328113,0.8882138029704872,-1.1963318939173953,-0.1452540631791853,0.8445925492073362,0.06081818189979438,-0.09731031856566451,-0.26102932365859116,0.9584860681519533,5.791000000000167,5.0,0.1665048437773885,0.5146851297645423,0.8171146518071521,-1.4386435245878746,-0.7129765073096584,0.3755900608866292,0.6231523465663877,0.19014803832247856,0.3993992057473697,0.6449846129476949,5.791000000000167,6.0,0.1333549810340672,0.2693704211435961,0.9329233758708836,5.224593722007744,1.290409762891946,-6.393540743340782,0.9275528334301061,0.2753657261115655,0.24484724069771324,-0.06220359154862442,5.791999999999916,7.0,0.1341488688198427,-0.2655639781620281,0.9327732063567832,-1.2409889042182989,-0.4958905128279737,-1.2072824505318829,-0.7061727841528255,0.45630628432397574,-0.19062965849232882,0.5067197520438613,5.791999999999916,8.0,0.1110620987597714,-0.1713265407431394,0.9584307104095028,-1.2651926164117984,-0.5818398073650298,-1.0494064743402425,0.7435736871439459,-0.28993101483693745,0.4644345844703995,-0.38384722894738743
88,5.929999999999836,0.0,0.0478132075790106,-0.1519162113258941,0.9668305756012232,0.351539032725347,-0.3825014060217504,0.7392762474305928,0.3949896277346607,-0.00877305809528709,-0.06525765678251519,0.9163229046929616,5.929999999999836,1.0,0.3095472544379118,0.1584300380861176,0.9165170049169749,-0.077736662887788,0.0702298830922193,-0.3148470743429982,0.16636315008168556,0.16746807954781362,0.12679317404684806,0.9634320088322743,5.929999999999836,2.0,0.4134956623247386,0.1852549216487813,0.8690632607834308,0.0508644701641919,-0.1482021290777564,0.8138604310350249,-0.024162481929317133,0.25631859706351845,0.147382351789788,0.9549844991659897,5.93100000000004,3.0,-0.3347409906715907,-0.3235215326340914,0.8618789283224707,-0.5437153443464994,-0.4170983448229993,1.6874692795716466,0.041192901470369775,-0.1995425856810143,-0.1675943636107585,0.9645714233036827,5.93100000000004,4.0,-0.2010892364925417,-0.4023033293172859,0.8702695847765071,-0.6104736887652985,-0.3410975845394286,1.5156447534808015,-0.020309972257398005,-0.10286362539117885,-0.277798035557172,0.954900429908199,5.8659999999999854,5.0,0.0960164134710811,0.3654755630005329,0.902916087570486,-1.0482134217066963,0.0971386337654604,-4.104946279675445,0.7721720830749056,0.059922756890276034,0.3565072070925468,0.5225534887621575,5.8659999999999854,6.0,-0.0673816859683806,0.441566492223467,0.8719126913524778,0.687945263342448,0.2246808340818409,0.9241807032482168,0.9234854444290046,0.3152288995381992,0.21775253808535106,-0.0197283294043754,5.866999999999734,7.0,0.1958500212258548,-0.3073687315139824,0.9087663242403504,-0.5112091632331739,-0.3128265004938849,-1.2827192253625737,-0.6749050918386106,0.4714420029491217,-0.14703643609054934,0.5482935722105693,5.866999999999734,8.0,0.2194213830424145,-0.2390944739588552,0.9251324711553972,-1.1671807587492813,-0.9736574433567288,-3.166699493974821,0.7014340054864706,-0.41558848990214114,0.34768414043334667,-0.4630251413251648
89,5.958999999999833,0.0,0.0681241826935188,-0.1305207463859592,0.9684732471757762,0.5604042149503015,-0.5205228302331129,0.9545690999987227,0.3503421070473843,0.023237809878492353,-0.0507715563184367,0.9349559675678069,5.960000000000036,1.0,0.2925760628386098,0.1282098966864328,0.9264024340671346,-1.1753748148369434,0.2218344324815212,-0.1482094762318867,0.1812030004484233,0.14471747490556247,0.06502681072268372,0.9705636707463775,5.960000000000036,2.0,0.379367201851995,0.1404851135423831,0.8928311481080684,-1.2756862906155155,0.7529184276555133,-0.4678892622455494,0.008080524054076058,0.21102066892952528,0.08565556581428468,0.9736878896548842,5.960000000000036,3.0,-0.3302402479126924,-0.3063438010536015,0.8697952944311638,-0.054911610476425,-0.6943510229866643,1.2503099170166283,-0.025469508920389326,-0.17507586147398158,-0.15727722098939756,0.9715779035169283,5.960000000000036,4.0,-0.2150128828997318,-0.3893680900509547,0.8734019410541848,0.2482247944878761,-0.5331605922697144,1.4567780600620437,-0.09719527143527447,-0.1000929567178368,-0.2499216436710338,0.9581615997580332,5.942000000000007,5.0,0.0180383543911716,0.3662221178377858,0.908904823497634,-0.8055411617503115,0.0832133632037611,-1.2558742019398916,0.809537273927346,0.01203872320668607,0.3164767618585812,0.4943146067731976,5.942000000000007,6.0,-0.0332500411540406,0.3711398522732781,0.906207285789418,-1.5102346416520511,-0.6602361875713679,0.4097905987053402,0.9584784412765736,0.23367650887369132,0.1631888711961106,0.00915200122230051,5.942000000000007,7.0,0.1793120648884028,-0.2848078887123342,0.9196981297755692,1.4460446617210958,0.6272862386280879,2.467167105138369,-0.7833906976756497,0.3508382872961259,-0.1659217252701203,0.48547038225391925,5.942000000000007,8.0,0.3355007084037542,-0.2948933998573627,0.8717557899900319,-1.7714947586981702,-1.870731187097712,2.198480705015448,0.7515975910381519,-0.46912757140425626,0.3341197836087975,-0.32153437311615934
90,6.027000000000044,0.0,0.0971347185316315,-0.1234064292973378,0.9675927344000996,0.0112892487690309,-0.4834044618592486,0.3797703073176926,0.33137789415998287,0.04524127521703665,-0.06169544277606164,0.9403911902072973,6.027000000000044,1.0,0.2612600371708605,0.0512226399759471,0.9432923375769438,-1.1853126843958726,0.499662572536806,0.2640699405093272,0.17497284674142982,0.11053495249042161,0.004248294568889364,0.9783396542992603,6.027000000000044,2.0,0.3545170106673707,0.0507495049397822,0.91190963197887,-1.377495287627042,0.583066956416544,0.6209577038652814,-0.011176767345011145,0.18411269058243426,0.006736338871218769,0.9828185075469552,6.027000000000044,3.0,-0.2877429321290409,-0.2735281203055837,0.8949370773478303,0.99313035934447,-0.8144689054512378,-1.1350120795758056,0.03233171327794113,-0.12260868237697417,-0.11680157497770104,0.985027493730517,6.027000000000044,4.0,-0.2020210021837859,-0.3183256422368649,0.9040316920170144,1.492837854343874,-0.3791405960449774,-0.137349563326831,-0.08880075706720539,-0.08576881944699014,-0.1705819436801342,0.9775786084224983,6.0,5.0,0.0777232750373674,0.3185370815335721,0.9232173201394892,-0.2390952159982802,0.4296005965770443,4.746377618317134,0.686008223557831,0.08225813472521745,0.28381326064382295,0.6648882233618507,6.000999999999749,6.0,0.0769041497750681,0.2637489596419838,0.9409671822306798,-1.756465155827195,-1.6933449155673916,1.3290473799039493,0.9855103712910067,0.14668127458150693,0.04844585930691689,0.0700493431876489,6.000999999999749,7.0,0.029742064527868,-0.0436259902243973,0.9782567058674124,5.195645967676063,2.03759817649804,0.9545162450693808,-0.8735704862165332,0.02962470808340332,-0.1158347239315965,0.471783105901508,6.000999999999749,8.0,0.3626807809679152,-0.5393269067659342,0.7333090335968815,-3.1699561699152925,-1.944558991847208,-0.2371420115179995,0.7079477170333317,-0.6055581889621409,0.2738530178309472,-0.2389850086366691
91,6.123999999999796,0.0,0.1019061532596485,-0.1256222511533211,0.9660684168023468,-0.1322652814728529,0.065639586712236,-0.2420797400676324,0.3431155357129577,0.038888157085263206,-0.06793952857284245,0.9360254595085659,6.123999999999796,1.0,0.2459660746735417,-0.0161405514301445,0.9483217664428149,-1.2477987698819564,0.0993773902113561,-1.1010387069251275,0.23616021484186894,0.0921817383017731,-0.05427776855622208,0.9658078503978227,6.123999999999796,2.0,0.326758351768304,-0.0326512036835134,0.9233454816306188,-1.13419193672766,0.8472667733018449,-0.2975592433820117,0.013251997443909879,0.14052248559892136,-0.04852918669929409,0.9887986314933656,6.123999999999796,3.0,-0.1914990486998828,-0.2215045363659516,0.9352565715975188,1.940878705922665,-0.9800855822790844,-3.0022194541757927,0.19004922300309507,-0.037295546678368686,-0.03619697368949166,0.9803979366204335,6.123999999999796,4.0,-0.1793807218381543,-0.2267344212646302,0.9354715703037776,2.12765504637992,0.0387579678589492,-1.460815087169418,-0.008410389532078432,-0.07598664641950595,-0.06830101351375678,0.9947312533879837,6.06,5.0,0.1156420509346543,0.2800999078337507,0.9302351625729652,-0.3192002690567111,0.1556498944882815,3.329706488175997,0.576961109484765,0.12279618408191245,0.23873708214212214,0.7713893834681003,6.06,6.0,0.1330114913249173,0.1926371510870825,0.9473763091805568,-1.7904561281519171,-1.394875321518159,1.7630092391119627,0.9858318481374223,0.06179705908219174,-0.04299324656893449,0.14989420080913435,6.06,7.0,-0.0036463181450461,0.0673383327229177,0.9704698621338445,4.174763031102508,1.4576130086397288,2.375239557240806,-0.910767409900221,-0.2147756808482831,-0.04472051352310876,0.3498202504859154,6.06,8.0,0.3642726607044326,-0.5085493078688557,0.7535131253862941,-0.4511134555817566,-0.6942083421955216,1.141711353201441,0.7346446014393296,-0.5957360628377509,0.26232211785330545,-0.19126672344027945
92,6.183999999999742,0.0,0.0946745326577927,-0.1332156356224684,0.9662785971404572,-0.0764858969352487,0.1578571643185177,-0.1787451562635073,0.3520299339084851,0.029077093219011623,-0.06974871388794326,0.9329333122969178,6.183999999999742,1.0,0.2373549002699012,-0.0852469673541478,0.9465466739019192,-1.6499769815970942,0.3395130958794383,-1.6470326671850946,0.3260949777761884,0.055361111824309465,-0.1266003934196769,0.9351842348717746,6.184999999999945,2.0,0.3001942669989538,-0.1068721074127245,0.9261035334767508,-1.593693647700558,0.689857837298943,-2.033519704475828,0.12784127107830304,0.10358512559267016,-0.11467473759786209,0.9796818033024274,6.184999999999945,3.0,-0.1312092403216329,-0.1250242420757759,0.963089857774236,2.092495336177906,-0.039973154033086,-3.604275971912742,0.3772447231418932,0.0055689312011112544,0.06710141495067017,0.9236627122378015,6.184999999999945,4.0,-0.1686213392648655,-0.0977519176088192,0.959859055564056,2.795623607571537,0.4724336666069715,-2.8442120324887683,0.14824103405899142,-0.07175679796197558,0.06748883062736366,0.9840329341581593,6.119000000000142,5.0,0.1535608268319413,0.2416627341339295,0.9372530050064414,-0.3993053221151422,-0.1183008076004812,1.91303535803486,0.5081908109764908,0.14281254737461946,0.19009894150035472,0.8277735610611597,6.119000000000142,6.0,0.1891188328747666,0.1215253425321813,0.9537854361304342,-1.82444710047664,-1.0964057274689267,2.196971098319976,0.9627216217915291,-0.021726468153147757,-0.11070976094729833,0.24584220212906993,6.119000000000142,7.0,-0.0370347008179604,0.1783026556702327,0.9626830184002764,3.153880094528952,0.877627840781418,3.795962869412231,-0.9184624226387146,-0.3650038971970481,0.04532201169153999,0.14541268338017055,6.119000000000142,8.0,0.3658645404409501,-0.477771708971777,0.7737172171757069,2.2677292587517788,0.5561423074561648,2.520564717920881,0.8345514076711886,-0.4389648986328381,0.2943337351800782,-0.15556804960287693
93,6.250999999999749,0.0,0.0860869858534388,-0.1425749146208373,0.9654674642822152,-0.1385827085175665,0.0772166014149783,0.2278602967987425,0.3417540759417099,0.020984859690075425,-0.07655857949238763,0.9364307615339873,6.250999999999749,1.0,0.2443084371008803,-0.1653077361861893,0.9340598160280326,-1.7421892278962368,0.1776738286006225,-1.8481078380889613,0.42108993206603934,0.026048809151713332,-0.2029506306204253,0.8836378048641693,6.250999999999749,2.0,0.2690306052206382,-0.1492898540629884,0.9304117760048336,-1.5926680018933317,0.864480019021085,-2.7441069139867875,0.27946273342708294,0.05844298607071312,-0.17342951071529691,0.942553554349913,6.251999999999953,3.0,-0.1405819798508928,-0.0369247359127536,0.96938499618004,2.0141443540518447,0.6712669728840892,-2.9921736575726965,0.5175399758393232,0.0072781115661474625,0.17493292398348656,0.8375546994715337,6.251999999999953,4.0,-0.2275293458338632,0.0471614307817234,0.9506956380624846,2.684574512772288,1.235054180255839,-3.009841620687268,0.30815557435896,-0.10869854676775398,0.20409492701668167,0.9228055205123847,6.155999999999949,5.0,0.1782570062242085,0.1470672549777501,0.9520108519577348,-2.3382362278800617,0.1670090865954072,0.794110206338802,0.4923741554663628,0.08437006509704628,0.07812221371106835,0.8627550653975834,6.155999999999949,6.0,0.2023653245424519,0.0304961984688565,0.9583925382126974,-1.5786189873805785,-0.1175092542192311,0.1875678060853242,0.9563184001162505,-0.09061933842165662,-0.13333453578650836,0.24385478192914833,6.155999999999949,7.0,-0.0377731862601426,0.3774116210968462,0.903563863078204,1.684432767309658,0.7432785183478262,0.4056550000010385,-0.8963845956414342,-0.4284928192655301,0.02957962499283941,0.10960659797613839,6.157000000000153,8.0,0.2398658379007401,-0.3534883347101006,0.8819344516640995,4.308518281233614,3.2109355759974663,0.8759603554284549,0.8758424458270191,-0.18181315346523982,0.37484987368392986,-0.24358070431360498
94,6.31899999999996,0.0,0.0806260361471319,-0.153728511599259,0.9645869515065388,-0.1066100317869376,0.1161606187450414,0.2212945043507175,0.33186402775285806,0.012034953611396317,-0.08092156940421669,0.9397729122401753,6.320000000000164,1.0,0.2524308528802681,-0.2303116307371238,0.91842267897812,-1.3077557606463672,0.199919444383654,-1.809015961774177,0.5072331660898991,0.006856917388093104,-0.2521202328505659,0.8240769903896882,6.320000000000164,2.0,0.259872919684163,-0.204495157378888,0.9211106319131336,-1.205251501843807,0.272356332059375,-1.2310562947359935,0.34525191185578225,0.03984607335447225,-0.22067389265414097,0.9113267476042969,6.320000000000164,3.0,-0.1880033960156664,0.0453300840077688,0.9604769162090387,1.1070263963939349,0.5222436412819144,-0.038430416249585,0.5164912417792041,0.006118092064658168,0.22476842330719077,0.8262436214572938,6.320000000000164,4.0,-0.3286942939954961,0.1099189563931087,0.916737631015686,1.7922463590929836,1.5662016124686062,-2.687304702239946,0.43226522512457705,-0.17622711253497472,0.290244708650293,0.8353734428721628,6.239999999999782,5.0,0.1480644663271768,-0.0535480274966095,0.9669413232262184,-3.12943145487602,0.2461122225228485,1.8352441343975543,0.42960827064106755,0.012360492839880418,-0.06671472304066244,0.9004627131331725,6.2409999999999854,6.0,0.2126904228433038,-0.0414690287637383,0.9560690893884862,-0.7904316146088041,-0.1048365898251736,1.453353615721134,0.9337652879599397,-0.12646204687737383,-0.13631337145011652,0.3057914362185083,6.2409999999999854,7.0,-0.0779115840812412,0.4460939473189683,0.8684975389897964,0.8999255299390623,0.4473695342141268,0.0974234029686755,-0.8862330265593389,-0.4529153540284342,0.013098910701101914,0.09636972169315858,6.2409999999999854,8.0,0.0042071807343822,0.0219828959324527,0.9799362489043312,5.368221481240951,1.7812884802262434,0.3195672287125917,0.8784065966366909,0.10323644370679544,0.3439169069531859,-0.31538111672653
95,6.364000000000033,0.0,0.0599328117667091,-0.1541485822693236,0.9653705364563876,0.0977208064501705,0.352004895680009,-0.0484829753324882,0.3354724291422534,-0.0036040362676453964,-0.07081714854988799,0.9393775554478829,6.364000000000033,1.0,0.2757270261406436,-0.2685329867005954,0.9002453232920982,-0.9622151636661564,-0.0690366061902128,-1.2375718282844974,0.5597579031325463,0.0027416254177128835,-0.2881182669854367,0.7769500869425476,6.364000000000033,2.0,0.2532883833515788,-0.2373828199504119,0.9157212412364002,-0.7435943697609504,0.3832135671889715,-1.3794376573967315,0.41609400268964675,0.026449133833355724,-0.23964743556847337,0.8767755304926272,6.364000000000033,3.0,-0.2033294342806127,0.0928806953140767,0.9543082927404016,0.5126173412889778,0.2045165815124641,0.2046675689399062,0.5084031659108686,0.0064007519232463965,0.23868156441737456,0.8273550399156928,6.364000000000033,4.0,-0.3939816058061545,0.150032071464966,0.8842029584989722,0.8351017312882704,0.3883842948993882,-1.0617278007182676,0.4819585957963284,-0.18542110302536388,0.3124705691691807,0.7973061331094707,6.284999999999855,5.0,0.1332280908068939,-0.2392501009150612,0.9411804635839416,-2.1287007314130086,0.0054697562959412,0.8535493523149676,0.39413932064274737,-0.032710162670749526,-0.16918031035499367,0.9027526038564025,6.284999999999855,6.0,0.2140900160904107,-0.1526843082087113,0.9444844980396636,-1.3657728038421126,-0.3965118199135773,2.2589391773465675,0.8852754891147115,-0.1876388432826264,-0.15219171560357167,0.3973872853601481,6.284999999999855,7.0,0.068991371653108,0.3373006272590101,0.9176151031277228,-2.2959393306830687,-4.344321238326578,4.54302829557186,-0.9226307677775463,-0.27617504952995714,0.2683232882332969,-0.02196409249234978,6.286000000000058,8.0,-0.0945126186076371,0.4258791212391282,0.8770953990396458,4.994505965643512,2.31947400426972,4.684740955479287,0.8645587068424514,0.4401360320552736,0.21764287143788907,-0.10700512240924728
96,6.423999999999978,0.0,0.0410147932204104,-0.1420983721555738,0.9686722042919488,0.3045618086568817,0.4228047662394875,-0.5553900744337592,0.3632930348456591,-0.016097215945816888,-0.04978412716687579,0.9302045963946087,6.424999999999727,1.0,0.2821127489279943,-0.274746955648851,0.8976744996121804,-0.0081233441733957,0.330857700396526,-0.6308924448873453,0.591454833008876,0.0020864699583367542,-0.270174313974577,0.7597253893492848,6.424999999999727,2.0,0.2556441574394473,-0.233603061310556,0.9161259053827762,0.0473678897208759,0.0816442035360873,-0.6605294559210907,0.4479321350289597,0.036057040212993684,-0.22750117685573973,0.8638865126790265,6.424999999999727,3.0,-0.2218790048077352,0.0806158853384081,0.9509189167624305,-0.4335919717728878,0.2335344027096144,-0.4280342021138317,0.5271105702402937,-0.027986112911880627,0.21256018614380887,0.8223073582861491,6.424999999999727,4.0,-0.3916866323886818,0.1336614550194854,0.8869843276237115,-0.7248862740657466,-0.2977089510356978,0.1972613962291875,0.47618645636552404,-0.18320741832851709,0.2645889792845909,0.8183362222733288,6.358999999999924,5.0,0.0742142827113894,-0.4162429029145289,0.883631193437013,-2.5976283948009087,0.1063030254309383,2.9103993437648468,0.2632435572071738,-0.09854258494344144,-0.28011930440342825,0.9178918039955024,6.360000000000127,6.0,0.1717268520388127,-0.3101781114865197,0.9120643768087296,-1.904889845717728,0.097815156167587,4.08578282365059,0.7815138011194451,-0.28634971167430623,-0.1254284089086701,0.5399145631695051,6.360000000000127,7.0,0.1961967750306213,0.3576083655268305,0.8913209760646342,0.8377932170190083,0.8404302192013918,2.108786420916266,-0.9204430273853346,-0.2755045240957726,0.24013680066407075,-0.1386225360729876,6.360000000000127,8.0,-0.0864179017425897,0.5491973796285252,0.8069449699128001,0.3603876773622654,1.0123566105487671,1.6914458598508582,0.8621223269237275,0.4649105677737213,0.20125420201708236,-0.010000178118476281
97,6.505000000000109,0.0,0.0100143081174259,-0.1099308914053952,0.9737930543743596,0.4411462510384951,0.5685770159856507,-0.5625688000163914,0.3915227197959723,-0.032505155125122996,-0.019518458654414914,0.9193869721426403,6.505999999999858,1.0,0.2627240337127626,-0.2456539614881988,0.9114467693260258,0.6505761387137496,0.567916422454551,-0.3916441507740371,0.6162307177031856,0.008618572859452387,-0.21940526897983084,0.7563377226509143,6.505999999999858,2.0,0.2555316197358128,-0.2031572766112045,0.9240025499289009,0.3997800288708437,0.2266386722659169,-0.9938303516388062,0.49483719810911625,0.05100649094951129,-0.19507431857752877,0.8452694809822779,6.505999999999858,3.0,-0.2225421439811258,0.0263978149463727,0.953360450993401,-0.8050485105909211,-0.3270704814491217,-1.0281064551018129,0.5753780998492471,-0.05528521719501453,0.15381578675747845,0.8013889759147849,6.505999999999858,4.0,-0.3235284199668787,0.0672543155365752,0.92274114382932,-2.380614955247823,-1.5334864442791465,1.825120366669304,0.40731803365382613,-0.13952247509823412,0.13683192338958186,0.892133691295397,6.458999999999833,5.0,0.0348136175041416,-0.5043671683178702,0.8397825739792939,-0.8941146432068034,0.3124467661283434,0.4964240394580536,0.2418804214354049,-0.12684805687570136,-0.3126793254415657,0.9097445089883738,6.458999999999833,6.0,0.0106500451689097,-0.4651536732639685,0.8624474690014097,-1.4578550831179804,0.8959108217353108,2.851052379872871,0.6909293343612715,-0.3703888339833295,-0.08207040658582115,0.6153805448195433,6.458999999999833,7.0,0.1575196900040637,0.4081437365611531,0.8766152163674341,-0.1552416625369518,-0.0291907558397285,-1.3581413866382654,-0.935433338903188,-0.27913130766207944,0.20535857180197647,-0.0698429562571867,6.458999999999833,8.0,-0.053292898086409,0.3954878937048837,0.8952972651284188,-2.4835484367639182,-0.6012890037979975,1.0131730547592028,0.9321621757448469,0.33022365823786887,0.14033243584852953,0.04829928673852991
98,6.574999999999818,0.0,-0.021833913391262,-0.1174382889191163,0.9722666961907998,-0.3259097247065481,0.3178397546181682,-0.0527870409523185,0.39387522262539604,-0.05363550152308498,-0.03152887054531688,0.9170558719621714,6.574999999999818,1.0,0.2249726489907695,-0.1973428768765446,0.9331233016874912,1.043308541013745,0.6465994828803429,1.021124635947163,0.5858855516378659,0.004960890500533205,-0.1548497444572397,0.7954464573992159,6.574999999999818,2.0,0.2493938065436884,-0.1555263464897394,0.9349397225517816,0.6676330482613697,0.2384835358729965,-0.2165737243735705,0.5059717996941696,0.06188117118058397,-0.15421547001519295,0.8463928445914201,6.574999999999818,3.0,-0.1979810625735316,-0.0364924424037913,0.9588893578039448,-1.0138707430248932,-0.2534798828416876,1.1790090502589143,0.5297779106294965,-0.06624463161695852,0.09995618644116147,0.8396164451600019,6.574999999999818,4.0,-0.2531215078609613,-0.0828299014038337,0.9433953093436622,-2.273030817827909,-0.799878792338944,1.2254961181921848,0.3472077888344456,-0.13478793929057745,0.01862710184623717,0.927864210901199,6.509999999999764,5.0,0.0409355055561542,-0.3344937672628633,0.9206933279041178,6.027517535837766,0.0159304448629768,-1.3436221345723085,0.3594684850213957,0.008932763110423972,-0.025614915714378118,0.9327628262921829,6.509999999999764,6.0,-0.0540646065157683,-0.6776513343419771,0.7054641644951452,-4.125583920629725,1.0715696323057116,-0.7006174027698606,0.6423490369318242,-0.5258522281421182,-0.20574858510748095,0.518203308207307,6.509999999999764,7.0,0.1223133317362476,0.3624961397158616,0.9026499861910358,-0.9159787282767056,-0.147757671325346,-0.8716785957022132,-0.9528835446713299,-0.23583996665105977,0.1901795670123878,-0.014973066339581705,6.509999999999764,8.0,-0.0903901130680274,0.0121669250352458,0.9758132984309734,-4.977135496652179,0.5408956030401754,-2.6838722045624848,0.9882176674389929,0.02152403908271936,0.14361382563523686,-0.04834900815335734
99,6.648999999999887,0.0,-0.0264701231806456,-0.1276848316046909,0.97068116101884,-0.1377829878166838,-0.0652532136619299,0.5423457461431588,0.36880836158839964,-0.05248753134912063,-0.03988948377755333,0.9271646458743538,6.650000000000091,1.0,0.1821817629416706,-0.160958305511578,0.9489379479914936,0.9170614463591998,0.1344269398404186,1.8770143747452093,0.5135998222442711,0.01042193020309077,-0.11290642657782127,0.8505049939882317,6.650000000000091,2.0,0.2249962142035179,-0.1239641605674973,0.9452637676801542,0.9305423796411102,0.2803845557271709,1.2524151423346306,0.4536090229274924,0.061791480137739864,-0.10866878676608213,0.8823898016658741,6.650000000000091,3.0,-0.2020618303735171,-0.0631314288491631,0.957242623057272,-1.3201677477829652,-0.1373527710692703,3.350058233313098,0.39022368527922824,-0.07267459125507048,0.04741686530746444,0.9166217977538065,6.650000000000091,4.0,-0.217510976327293,-0.1716225509142606,0.9396864770735128,-1.7518042017717923,-0.7679638345529677,2.2441782047285903,0.2353013297133037,-0.11826037145986482,-0.06498284454193988,0.9625097395312756,6.59900000000016,5.0,0.1400680652034685,0.1807506971278735,0.9518361847492164,5.563609367744143,-1.1721949170954102,-1.2671316118988043,0.4265961715720557,0.1957533819888939,0.2364142770374736,0.8507670712085795,6.599999999999909,6.0,-0.0728469304710903,-0.6266953647141944,0.7493698983590702,0.8122973287954142,0.8357564712459208,0.766464886961622,0.6648179056713458,-0.5071163160856557,-0.13488464574442302,0.5316543299935406,6.599999999999909,7.0,0.0736580071912553,0.280928330020694,0.9360917537124216,-2.3684515633819108,0.6623220931606374,-0.4820705265884795,-0.9833896779217879,-0.11239553395452807,0.14030633387741748,0.025022349566683064,6.599999999999909,8.0,-0.0861214777112495,-0.062185733604266,0.9724279025269328,-0.0532186429793469,-0.031400844385854,-1.074994018024814,0.9859386591841254,0.006048494358795982,0.13267648356607162,-0.1014165999762496
100,6.699999999999818,0.0,-0.0255288344058967,-0.1343877108684373,0.9702505974135844,-0.083666792284497,-0.0660684707330172,0.1419191291949707,0.3620415926771122,-0.049732976111887095,-0.04650872659479542,0.9296716918404071,6.699999999999818,1.0,0.1773203991407845,-0.125120323135378,0.955262990378593,1.1382367077610889,-0.6063019761526651,2.6282656130676285,0.4006223153237425,0.04740396707026958,-0.0819111867583805,0.911342516211374,6.699999999999818,2.0,0.2288105426674939,-0.0848442295738403,0.9481066354963602,1.3820132222755357,-0.6679547357120434,3.040540580682718,0.3151657705800403,0.09925823294505867,-0.07202694064119051,0.9410794122013213,6.699999999999818,3.0,-0.2139223645488123,-0.1465034970053178,0.9453083874117788,-1.957116015781432,-0.0018623398499024,3.010115912582708,0.24944195405678002,-0.09545134824237261,-0.03627094613549443,0.9629912617160576,6.701000000000022,4.0,-0.2131070752086978,-0.2360444659116088,0.9264795651327112,-1.7807300686878853,-0.9592736455108872,2.994998111313292,0.0789723665685434,-0.09162961753162979,-0.14630589062340027,0.981815647093926,6.692000000000007,5.0,0.1134826315914386,0.3486413484950159,0.9083511999478278,3.161055123910607,-0.815958741187174,-2.5179502658765944,0.5137012720958328,0.2748321939051911,0.3748717013313604,0.7211445595588405,6.692000000000007,6.0,0.008973672577401,-0.5663767215033736,0.7997092487520472,3.044566224302004,0.003846825272428,-1.8119468586969083,0.8055295923958031,-0.3473524733767718,-0.09023425288269184,0.471514702443511,6.692000000000007,7.0,0.060232329741354,0.0822673524613094,0.9742305421064028,-2.269309713389577,0.1937069260831611,-0.5225056986279658,-0.9910691832448001,0.004114993849557098,0.11620859639446401,0.06527252846436522,6.692999999999756,8.0,-0.0665250991578835,-0.0749997271786849,0.974615027641764,-0.2142730971321448,-0.5944126311475924,0.8122313003215437,0.9936462972710874,-0.0062839455278636824,0.09482242566747827,-0.060301372609554774
101,6.782000000000153,0.0,-0.019969797391969,-0.1535813781245727,0.9676621143175342,-0.4626887507644635,-0.0092550609106209,-0.3660108310118155,0.37814122163507596,-0.05608751116105466,-0.07156959862553286,0.9212715127174351,6.782000000000153,1.0,0.1980202596078766,-0.0795688427991661,0.9568687350104146,1.3115565688287494,-0.5983929437188718,2.182280064959385,0.2978080575428868,0.08847204347494138,-0.04023237757859358,0.9496654222305213,6.782000000000153,2.0,0.2591274400100402,-0.0429583096060458,0.943810655518168,1.1845708997976665,-0.6501244017774701,2.0075067729565315,0.21409985087777675,0.13801767823606992,-0.036183381892761636,0.9663348991023977,6.782999999999902,3.0,-0.2607425302720509,-0.2449720054001964,0.9126154992534012,-1.91938289134204,0.4473649733315014,1.2253036937461097,0.18347425226605393,-0.14407202004441413,-0.12237009443733755,0.9646792274031464,6.782999999999902,4.0,-0.2196787792392414,-0.3305672268358238,0.89652526037699,-1.7006243535941854,0.2192469792581912,-0.0501034775407755,0.07508801879297636,-0.1123483206263621,-0.23174819706064193,0.9633443919208351,6.733999999999924,5.0,0.103749280264848,0.491309499099504,0.8411421181578772,0.5082868370791377,0.0454331435221111,-1.8168442787953087,0.5756722856666658,0.24518319446714487,0.3994391208997857,0.6700261258794385,6.735000000000127,6.0,0.0766511906940062,-0.2398006836096873,0.9471875353410842,5.615110450302472,-0.7105068080930091,-1.7785094956812115,0.9274020240809829,-0.028052391065793124,0.004837800995493418,0.37298142683988367,6.735000000000127,7.0,0.0216288665872101,-0.0270022626762016,0.9796086310055246,-1.67080396645163,0.2147091057483699,-1.5019496388858868,-0.9813636966639019,0.07772640264455974,0.09487669456446057,0.1479267184474079,6.735000000000127,8.0,-0.0027116408924429,-0.1255963039528656,0.9714799099503034,-1.1832932177212367,-0.3759942907233698,-1.9263028680948813,0.9834923202191758,-0.08031613457550368,0.06270727293835922,-0.14953251324506583
102,6.828999999999724,0.0,-0.0180824703732931,-0.1785464050219046,0.9632819968830274,-0.4468288212494604,0.0035622194570778,-0.4733125937043546,0.39896862179744125,-0.0622323339477596,-0.09456740188960065,0.9099495491137493,6.828999999999724,1.0,0.2101588549076408,-0.0301592606458862,0.9562790778330365,0.9570354627264002,-0.044852359371657,0.8167444466050446,0.2551113989118511,0.10233313503225966,-0.0001645468769059282,0.9614811888664453,6.828999999999724,2.0,0.2803302708326011,-0.0053786590055245,0.938890307374734,0.8295699695121443,-0.282629484584661,0.4630241884311119,0.18575736450184926,0.15897436539440646,-0.0021794024949967753,0.9696476694581065,6.828999999999724,3.0,-0.3310316554145371,-0.3057878040354287,0.870049344587249,-1.4212326291125617,0.6793641260815731,1.8269558082483013,0.08918804356874108,-0.2013415669472049,-0.17190385347267362,0.960185467222281,6.829999999999927,4.0,-0.2249372007345757,-0.4225155080033267,0.8547537079313454,-1.2741726974737393,0.30488743326119,-0.4611029322448394,0.09312651403400873,-0.12998409700856461,-0.29338377562815104,0.9425272129264557,6.815000000000055,5.0,0.0581266796324394,0.4622287054814881,0.8625403833698545,-0.9530002871486422,-1.1136715163491702,-1.3908490248710688,0.662953016403381,0.21598988175186215,0.32526768195896183,0.6387821256856823,6.815000000000055,6.0,0.0685937635771495,0.219604674190027,0.9517476990632624,3.56242798081686,0.9334499115733492,2.706276284519377,0.8678881601572082,0.12407944653357027,0.09450237178036773,0.4716394111339127,6.815000000000055,7.0,0.0287537047008708,-0.1215811018677322,0.9722547300654304,-1.6483341928677735,-0.2032104571442763,-1.0258211263311972,-0.963027129807399,0.15202819320283414,0.09112311001238867,0.20288606297149872,6.815999999999804,8.0,0.0224207410572136,-0.1971666031854075,0.958401085641483,-1.0140701027484085,-0.3636309616765639,-0.4242642744008893,0.9758130901156464,-0.13584747525566798,0.043722535074797834,-0.1655977552753868
103,6.911000000000058,0.0,-0.0085720963443951,-0.1986273359652456,0.9599191114732596,-0.3020012675283633,-0.2683701550286423,-0.0831320391324096,0.40078625417271574,-0.05396924788144859,-0.11361425297507595,0.9074962811330025,6.911999999999807,1.0,0.2109957617706324,-0.0019249223777848,0.956627975332454,0.1897073130157358,-0.0495242253936275,0.477683242454289,0.23095838011789566,0.1072203916354855,0.003018707452513006,0.9670330406331352,6.911999999999807,2.0,0.3122149766461292,0.0113079153103202,0.9285499121798416,0.120963062844846,0.073034928676471,-0.2218559624834833,0.19522094138826648,0.1567103600543046,0.003945387859942303,0.9681503400865817,6.911999999999807,3.0,-0.3745011708413629,-0.3254887278387507,0.844666775177265,-0.6149455330224519,0.3125968502379004,0.8180505825597317,0.045928938806366344,-0.22629739762232703,-0.19002663967555158,0.9542378616587699,6.911999999999807,4.0,-0.2332628143871523,-0.4475255775402637,0.8402561019543018,-0.3766327213381234,-0.2518434724603487,1.1383193047283513,0.03226158752310809,-0.137424913088982,-0.297680001059636,0.9441717005937584,6.884000000000015,5.0,0.0181926553616078,0.4002253187879316,0.8943185794178673,-1.4433174466925516,0.5109394574519605,-2.8483682444837584,0.7672140672659226,0.09091472346222403,0.2947732854414747,0.5623395755565374,6.884000000000015,6.0,-0.1597676963420679,0.3327605938065839,0.9073542144141056,0.4763955530215638,0.93551493575588,-2.39787327997027,0.9113563641426682,0.11092980722876365,0.1672442686027573,0.359379340007706,6.884000000000015,7.0,0.0670024668711833,-0.2033881634460327,0.9561725390342612,-0.5569392335943818,-0.2027543910310664,-1.537794550728975,-0.9410948973265095,0.16872477861701188,0.10015836826138427,0.27539180193655727,6.884000000000015,8.0,0.090372925678609,-0.2918470888152676,0.930578320752392,-1.607426821078917,-0.2752179345012039,-3.589245202008836,0.9197690109537123,-0.21946689727758217,-0.0020600733852903317,-0.3253536592482529
104,6.965999999999895,0.0,0.0111613777110737,-0.2142417167093982,0.9558226354659114,-0.2764502482352073,-0.3051772736221186,0.168744658905458,0.39089952563002806,-0.045042354562913674,-0.13068589843330958,0.9099944742185672,6.965999999999895,1.0,0.2185847880636419,-0.0136427773745065,0.9551793365921828,-0.2297385730073519,-0.0903550128843696,0.5069601291995126,0.20739780091855978,0.10945644817021875,-0.015333351758874387,0.971992966256415,6.965999999999895,2.0,0.308080288693895,0.0010068049308639,0.9302206846023784,-0.3842753033801218,-0.0836465382842585,0.2528625592909405,0.18553423723985227,0.15729505317735998,-0.020823878846363657,0.9697430995513965,6.965999999999895,3.0,-0.3816586563487423,-0.3249454168570084,0.8408621445264958,0.2013050159189139,-0.1122795371807015,-0.7931542301812629,0.08479103297680943,-0.21098707038168743,-0.18679984108330086,0.9557200197912211,6.965999999999895,4.0,-0.247749311119089,-0.4037499978177911,0.8578299470770128,1.217437907137925,0.2649415074350775,-0.3336283254325739,0.059360518485496075,-0.14130100552461775,-0.23373564209937361,0.9601447829860134,6.989000000000033,5.0,-0.0692039807021199,0.387654498088979,0.8952143872650629,0.489183975229089,-0.0136046578966075,-1.8088377298664031,0.8161689325308424,0.08893811897620846,0.30122607814735924,0.48499601483764787,6.989000000000033,6.0,-0.170375578558933,0.3427777347187805,0.9024420129912892,-1.3910523112651278,-0.5860530935217886,-0.4536387585690521,0.9301340451066982,0.05493015274758548,0.11413282750792828,0.34468396269281665,6.989000000000033,7.0,0.0819880226045198,-0.1944511692232176,0.9569230412823824,0.3333675691420207,0.1820920246300151,-0.5309929662287455,-0.9390823828965565,0.14183655950412336,0.09139546406065575,0.29942200598903185,6.989000000000033,8.0,0.1776003039932273,-0.3690053464927726,0.8907789772335573,-2.2706025361848963,-1.013757584887073,-1.5754072389234697,0.8632359662816241,-0.33159770540602646,-0.03725573640474751,-0.37878574206565413
105,7.058999999999742,0.0,0.0284440575657583,-0.2489889596868958,0.946937924862677,-0.900179914884347,-0.3071548237740181,0.1606602453732,0.37997212034638433,-0.048472777445532314,-0.17650461963218628,0.9067070623165377,7.058999999999742,1.0,0.2142440529718125,-0.032004052875287,0.955326240802464,-0.3958361451506376,0.3162629286480046,-0.7663882298917284,0.24705393514225088,0.0892759557327247,-0.029612511764574655,0.9644258685900798,7.058999999999742,2.0,0.317498891648101,-0.0272338490484021,0.926649216946864,-0.7118367632763938,0.0962360129794705,-0.8583131301939843,0.23285994191036363,0.14554625763297385,-0.05041554145358451,0.9602347668786421,7.058999999999742,3.0,-0.3284270162768165,-0.3137155836726327,0.8679598075604925,1.635050124356835,-0.0937987407590797,-2.884837631241191,0.24247239324688777,-0.15937303786520998,-0.13111763946833557,0.9479533416445097,7.059999999999945,4.0,-0.2397736059492102,-0.339674133927583,0.8879077095231571,1.5417084363658808,0.3684645068174982,-1.3786029088501133,0.1409788366849756,-0.13177784393520983,-0.16099932658873667,0.9679043260016519,7.063999999999851,5.0,-0.0588487598841129,0.4652120492234628,0.8605792076952639,2.5330202083287694,-0.231893553841628,1.4569769043259728,0.7719970645207149,0.223854627927313,0.32278662293695803,0.49971835465577735,7.063999999999851,6.0,-0.1046309772912994,0.2818877427039726,0.9329060290856346,-1.409067416563747,-0.4985409563683509,2.58431072822686,0.8847873731199298,0.021260382613922137,0.06334416879246725,0.4611798095956012,7.063999999999851,7.0,0.0673353968542126,-0.048007858712844,0.9766627820452122,3.826986843258598,-0.0941690017098906,-1.1810596735850931,-0.9348096481410824,-0.0537671064505333,0.1410183600312541,0.3214869237471075,7.063999999999851,8.0,0.212824642930233,-0.6040249072909213,0.7418123635622507,-3.783858426811223,-0.4839040531727879,-0.511988538279771,0.785182987668325,-0.4875903006767465,0.008574324568054709,-0.3816672051937457
106,7.1030000000000655,0.0,0.0427729319532475,-0.3316988728587559,0.9211163520621884,-1.7230002869618894,-0.1721382817289913,0.0496363651967679,0.37296381556918096,-0.0730914988796256,-0.25729486865112977,0.8884565130795122,7.1030000000000655,1.0,0.1834174375794501,-0.0471051954730692,0.96154518570436,-0.1654397090988631,0.4188705242181912,-0.0789048669855062,0.2521158484834336,0.06670735936684168,-0.03374636511506258,0.9648051150316846,7.103999999999815,2.0,0.2914707651576609,-0.0551931874615742,0.9340527314430588,-0.2594141610198723,0.3984582163212907,0.0794836205337956,0.23179667628493858,0.12265705392748294,-0.05999213846429709,0.9631336829887981,7.103999999999815,3.0,-0.2734382977960111,-0.2622543756023198,0.9030166885367388,2.2441454476975555,0.0397235456041111,-4.105263199838485,0.4655562049747368,-0.08595606315620273,-0.038430727852008,0.8799954854276087,7.103999999999815,4.0,-0.2543068518059635,-0.2444324342462855,0.913980749366733,2.5065318348770687,1.1800308689231571,-1.979906610465726,0.26600520832619257,-0.14334906755625348,-0.033189189982233976,0.9526755752313664,7.094000000000051,5.0,-0.0469340091095997,0.4620186059996557,0.8629959481359313,-0.6058024689995165,-0.1829182272606932,0.9880289247969338,0.7598278154027365,0.21781368926402253,0.27395970630470506,0.5478731304151906,7.094000000000051,6.0,0.0248121924863819,0.2420981114034102,0.94925384358396,0.1329697278404822,-1.7683614792644635,4.455735031913042,0.7776851259456067,0.08900145799679186,-0.024088740316236902,0.6218555442764728,7.094000000000051,7.0,0.1312196012974301,0.2717689443265739,0.9311149537704584,6.614353420109363,0.7563219661999254,0.7911461455290669,-0.8902255930535029,-0.35720926038537226,0.21258113730072675,0.18630404673920523,7.094000000000051,8.0,0.2129209120285994,-0.6701925430461699,0.6824841686561067,1.4966714113692985,0.4047006953837032,0.625385213318132,0.8381513632316092,-0.40613121983603806,0.013552367448906387,-0.3638352070979614
107,7.190999999999804,0.0,0.0288418202887136,-0.4673341663325979,0.8608088791251222,-2.609316534393725,0.5446626743749876,-0.2692083529260284,0.38381681118751915,-0.14498719489102135,-0.36372411508317165,0.8362823308395563,7.195999999999913,1.0,0.1650071852309253,-0.048720489064731,0.9644526648661718,-0.2027806904821537,0.1848384222512038,-0.9265012565314849,0.2980259691264146,0.05723212012565213,-0.03939419734135201,0.9520257892347322,7.195999999999913,2.0,0.2832646814693431,-0.0608829972911331,0.936123058616184,-0.1843458205002965,0.0257955086483378,-0.22445614985575,0.24381089105730325,0.12106233568412071,-0.06769744584874422,0.95985270542209,7.195999999999913,3.0,-0.2094119520611098,-0.2266632148957839,0.930107209598476,1.4025768496851347,0.0482449758167138,-2.4641400267812674,0.5825140810672879,-0.04987499206031282,0.0177401075366828,0.811095012381351,7.197000000000116,4.0,-0.2972921987203288,-0.1971227611525247,0.9122329557824784,1.0544039000524246,0.9027740149888008,-2.172828781307821,0.3812755299212746,-0.16761527316512403,0.014075686092571982,0.9090302335709498,7.2199999999998,5.0,0.0190061597778932,0.4206341411746496,0.8850009520722347,-1.028099695184468,-0.5933565436286893,2.0353336948459595,0.7237380608136907,0.22099955685901448,0.1870233843861907,0.6264061532987145,7.2199999999998,6.0,0.1368864862531296,0.2315524799041141,0.9428396146384216,-0.2225480606726209,-0.3336132923914234,-0.0097431252709038,0.7786048508441783,0.09555710175423324,-0.039675008851811584,0.6189258600340228,7.2199999999998,7.0,0.0523755564054374,0.4237472350279664,0.8822046712058231,0.1324515662348751,1.1334788412686103,0.4126851892399842,-0.9097731070900241,-0.3547368573585366,0.1561443738373043,0.14863912730539267,7.2199999999998,8.0,0.178079984018804,-0.3820990043664799,0.8847518692571421,5.934454048554921,0.896262432189801,2.043606299667213,0.9666013077723926,-0.06816073861004183,-0.041177771463750026,-0.24359888477189875
108,7.235000000000127,0.0,0.0220164312607509,-0.5839166449325898,0.7865193122391899,-2.291481133555737,0.3781950785886536,-0.4952857657783192,0.3965091479625073,-0.19484342416270156,-0.4502426591579468,0.7759497944564332,7.235000000000127,1.0,0.1629551785286318,-0.0665390557826651,0.9639160564313954,0.0107504820194019,0.1307452309353652,1.1834127571479411,0.24218852196000004,0.050189090098030784,-0.042037487973547755,0.9680178844788129,7.235000000000127,2.0,0.2899522021741628,-0.0753520374383294,0.9334917197855832,-0.1048061697992639,-0.1747911559450336,0.2975913466625528,0.22956372700523708,0.128707518116733,-0.0773245643077634,0.9616422316944646,7.235000000000127,3.0,-0.182238195422501,-0.1623891571103236,0.9488803938232412,0.7461162762537643,-0.5087663540488048,-0.3188009886123089,0.5979552919552488,-0.014826202192842215,0.02961067782940406,0.8008450913314843,7.235999999999876,4.0,-0.290511126274762,-0.1223272549572536,0.9265734337898924,0.8152843966833858,-0.3192176315637882,0.4802984886182469,0.3670189403049435,-0.13746541650016897,0.04724647179787937,0.9187862252050385,7.279999999999745,5.0,0.0876949536937876,0.3389400678328442,0.9142571987762038,-1.4787539271922727,-0.4062558142428062,0.3946044335149465,0.7326482440679077,0.17725687310591395,0.11210118907843346,0.6474873549407177,7.279999999999745,6.0,0.1284726643890398,0.188236163661857,0.952478304841978,-0.926175326474692,-0.248064463073117,-1.5910442713052542,0.8310242032535623,0.07015333487134397,-0.06814020939877162,0.5475711780913074,7.280999999999949,7.0,0.0859988514234184,0.3562046771185488,0.9085386208371788,-4.844029028580209,-3.247156750086005,-2.4655309216207577,-0.907367625456284,-0.09421402698945504,0.24182777219212642,0.3306463941869742,7.280999999999949,8.0,0.0452289351542756,0.2443398928645687,0.94811516187631,5.861159839115836,1.5175152378079,1.892546116778417,0.9612347058023359,0.24871747760346702,-0.05796483573943962,-0.10395929257822671
109,7.331000000000131,0.0,0.0258801010259493,-0.6960359831855845,0.6893425349430886,-2.1794650755685656,-0.3051498497204045,0.0453659556961824,0.369386570447904,-0.22160420703374764,-0.5310939517041501,0.7296467305901874,7.331000000000131,1.0,0.1193811924506935,-0.0761234795751039,0.9698697576202844,0.0251919374748521,0.7681386295956899,-0.7739889532562412,0.281495080447132,0.014933063170115564,-0.030539625890802,0.9589602987396662,7.331000000000131,2.0,0.2958466973279649,-0.0923514113580106,0.9294573408717148,0.3955819789317373,-0.3951753933226233,3.51627713315341,0.057249774698611006,0.13823646913232768,-0.08492151823708712,0.9850895784846642,7.331000000000131,3.0,-0.1247232399709258,-0.1371343466851672,0.9625633923905412,0.1648276383291106,-1.094221470967793,0.0701994867458349,0.5973666836322674,0.026210145157087618,-0.0012372159221312375,0.8015388592412678,7.33199999999988,4.0,-0.2378311059973526,-0.0817816938808511,0.9470153745140862,0.7635985698261087,-1.2613258324426704,0.3219763290633775,0.36177917901267465,-0.0642746132287109,0.056773847572134904,0.9283110092846419,7.304999999999836,5.0,0.1176670934576843,0.290226440999516,0.928874086225886,-0.1022224112895082,0.4129716394620967,1.525939905412914,0.6819185687972251,0.1667225411498334,0.104567036886838,0.7044546788820362,7.304999999999836,6.0,0.148731008396432,0.1481547684422736,0.9574864237832288,-0.6618464034407794,-0.3931165288956075,1.2956417174859387,0.7962660074215367,0.05342959502344625,-0.10084448985564182,0.594084263944393,7.304999999999836,7.0,0.2032873925043737,0.3009577668148305,0.9100140980460704,0.2301060843569543,0.3796169385243416,1.5452150288148403,-0.9355474228442426,-0.09379563170150296,0.22563899790914457,0.2550302760571163,7.30600000000004,8.0,0.0277738245950005,0.3721845701257333,0.9052542518142012,1.044712085245935,0.8230298039417151,-2.271620422014293,0.9330127174294269,0.30073956759549564,0.011845297773395845,-0.19723759914907224
110,7.369000000000142,0.0,0.0336949358411111,-0.7869269825229612,0.581547569400793,-2.137998900034934,-0.3195751819827856,0.2268189159239073,0.332498084600205,-0.24873799185494644,-0.6011898156246602,0.6827482996934892,7.369000000000142,1.0,0.0808009690308074,-0.045396192377346,0.9748094116909836,0.4028546306824407,0.6817384994135625,-0.7939572329574074,0.32073661288731936,-0.008278491174748433,-0.0010454385980816843,0.9471316691968319,7.369999999999891,2.0,0.2227189888489748,-0.0392949464876507,0.9535062449646688,0.6788219820965264,2.0074700486740844,-3.936538325091374,0.2614972018170986,0.06479233364082759,-0.007311426653777404,0.9629993302092633,7.369999999999891,3.0,-0.0707848816295993,-0.170188656440109,0.9628205033918804,-0.8810050893943879,-0.0946804405804438,-1.2924153988579945,0.6508517368102332,-0.00974813467374914,-0.044652850606485064,0.7578278917367718,7.369999999999891,4.0,-0.172366294861807,0.0168189551107973,0.96460146337469,2.5359638494239505,-1.1103665275799466,-0.7750160698483678,0.4120464021966452,0.0356199331133913,0.15259822095963727,0.8975871911751815,7.378,5.0,0.1593431329317807,0.0952312752711512,0.9937277143150004,1.6828522830668804,-2.132359091013773,-0.0970161401031024,0.682984437049499,0.29125281515352436,0.07984775920508697,0.6650777336246132,7.379,6.0,0.1455004482609068,0.0493594544899987,0.9675883751928426,-2.4226137411257205,2.3796430888053592,-12.229008670899976,0.9864337268403524,-0.08004775292569634,-0.07041498135001464,-0.12483024555321869,7.379,7.0,0.3059312115868787,0.5455363302879629,0.8234428979066652,2.580592457684591,8.644160023229146,3.648552197643315,-0.9500587821534321,-0.2804385877427773,-0.12960602121564566,-0.04409975309028181,7.38,8.0,0.2396030136930094,0.2235423348186617,0.9085528165016322,2.8805420986600843,-3.689366379241101,23.381758136458394,0.622348456901334,0.23078020422015458,-0.40432715185071477,0.6292395806121236
111,7.458999999999833,0.0,0.0372367049907905,-0.8490079645049622,0.4873806561698665,-1.5286017170358055,-0.0371879130462896,-0.0583093156290481,0.3190307137491503,-0.265652113934165,-0.6419423966604093,0.6446381290436572,7.458999999999833,1.0,0.0336184343867628,0.0078370718495514,0.9790553514353556,0.5385652926373821,0.5370506231415931,2.986130986880261,0.18144681129455748,-0.026834416023141128,0.03387545486116422,0.9824507226042858,7.458999999999833,2.0,0.1450104642670539,0.0696823791099218,0.9662470343005636,2.1809405659187964,1.5958536405174637,-1.3257930756126353,0.32179640273327503,0.025215567288943353,0.12807693051636884,0.9377673220067576,7.460000000000036,3.0,-0.0141583502924893,-0.2060365383488145,0.957884380278869,-0.1530578462529322,-0.8446470934708897,-0.2550828160608743,0.6583122124827777,0.011310844316214682,-0.08121156839978148,0.7482658463774302,7.460000000000036,4.0,-0.057039684920306,0.0958045848694986,0.9722854292141662,1.1320354406668676,-1.674667970865073,2.0134974540150825,0.33572429778528634,0.14271554835351982,0.15292473711495935,0.918441883252855,7.451999999999771,5.0,0.1134602203263049,0.3176204764038014,0.919607531163446,0.6480425197937179,-0.538983480112665,-1.1035258577607197,0.7153616625105221,0.31464619155512197,0.09896010795902123,0.6160051647370974,7.4529999999999745,6.0,0.1427479009991171,0.1174132177002731,0.962886375991277,-0.6107395778685434,0.3669579111827707,-1.7974473971203448,0.9706697076531172,-0.08816844733863713,-0.05751858618235374,-0.21614406256496876,7.4529999999999745,7.0,0.1603114487647247,0.2739206376658999,0.9268682342467358,-0.5003724065522627,0.3286891547660518,-0.5897975551158372,-0.9614264651117453,-0.23947511824499237,-0.132381306995537,-0.028035860650856247,7.4529999999999745,8.0,0.0444753609678508,0.2666306895186481,0.9414403951783618,-0.9689921954700912,0.4991440397306003,-1.3562038224744928,0.704125178228524,0.20270370660329307,-0.3637322637296542,0.5751676112543513
112,7.512000000000171,0.0,0.0415797885074075,-0.8937701928393122,0.3994120223273928,-1.257878256111044,0.0421988035087745,0.0463713654806078,0.3073689381140949,-0.2834996937456202,-0.6684021526932028,0.6151347997015334,7.512000000000171,1.0,0.0707218816619482,-0.0316808447334869,0.9753582621432834,0.3794836873104693,-0.3000265740196973,1.92286763292478,0.08844221596129889,-0.000839895606408933,0.046528291267437745,0.9949936618506461,7.51299999999992,2.0,0.0900301697506937,0.15340693093973,0.9639304342504776,0.9970200683686844,-0.1637330823864369,1.5261676629767502,0.25048727575527174,0.060030286000123355,0.1624430203209102,0.9525044643446382,7.51299999999992,3.0,0.0171359452965253,-0.255167469631393,0.9464031497309732,-0.6705696275769448,-0.3621173953787223,-1.5279472506077547,0.7137193859762783,-0.0023090566654626623,-0.12149394578237703,0.6898105011357748,7.514000000000124,4.0,0.1162074996588096,0.1675205137417383,0.9584204163616048,0.8022766194300976,-1.3646406140183107,2.542650737594621,0.2260119144204268,0.23140869493075772,0.137106264492889,0.9362534393460262,7.5099999999997635,5.0,0.105364870153904,0.3501009218850512,0.9093368950134424,0.0447378096588542,-0.1868642099982914,-0.6267223289897724,0.7389047733261938,0.30508290810636657,0.10097949158231544,0.5922392231327689,7.5099999999997635,6.0,0.124915799969002,0.0782121302067471,0.9684802040344592,-0.5150646323225843,-0.0105318893010642,-0.405172462758133,0.9644027101219228,-0.1008464355724985,-0.05591933913330588,-0.23797150386696914,7.510999999999967,7.0,0.1722194439930336,0.2598036228613716,0.9278219337021713,0.6248258152901646,-0.2364665815200975,0.8716636257190434,-0.9574363854733103,-0.2661046276403405,-0.08973950483447839,-0.0667136881926135,7.510999999999967,8.0,-0.0289282858412816,0.1876057956337407,0.9619335838418972,-1.6936230691892251,0.0917936155496339,-2.858071076581539,0.8158314733054821,0.17307159275136508,-0.3426387215267802,0.432508887142456
113,7.563999999999851,0.0,0.0397395254166818,-0.9289993599521116,0.3051277754125696,-1.1461317482332167,0.2423591956934287,0.0741693611550956,0.30218090878351267,-0.30651205792234365,-0.6869966346352021,0.5854679160422772,7.563999999999851,1.0,0.1088390960901218,-0.0790743314367087,0.9702655828535416,-1.0742818448273683,-0.5434779733898015,1.880508485392352,-0.004120011970539988,0.037098184355810804,-0.018947691880693344,0.9991234834550028,7.563999999999851,2.0,0.1080546286465457,0.1940480617373428,0.9538598151531688,0.589003601397134,0.086404596643997,0.5678777831155902,0.2206611495383126,0.06913613198011458,0.18183142767280944,0.9557542488787201,7.563999999999851,3.0,0.0335369933811393,-0.294661645408159,0.9343526019658264,-0.5907244573401671,-0.2787916038990189,-0.6976317287273774,0.7350652149265801,-0.019628816133922422,-0.1524224116895789,0.6603493376969903,7.565000000000055,4.0,0.1458767100240889,0.1672643006674407,0.9547228075178572,-0.4888468347317192,0.0927328225023129,-1.1995432159600918,0.28913995233975126,0.19828494896054713,0.1215599465975796,0.9286034386969892,7.528999999999996,5.0,0.1109875016628296,0.3156871643800452,0.921381782281552,0.0409803945276683,-0.6935057032090578,-0.5553385194615673,0.7619363869376276,0.3103670266382197,0.08029524812476121,0.5627414363317912,7.528999999999996,6.0,0.1117793793385107,0.0479965846296487,0.97228221120135,-0.97741291651511,0.4762367141370437,-3.285220203919222,0.9117199965019628,-0.11918183858370456,-0.04232578475175535,-0.3908591373825318,7.528999999999996,7.0,0.1859097783886176,0.3286484746855028,0.9046063974936212,0.8264907189278253,0.9160746580058516,1.425552824777408,-0.9377170969279054,-0.2995208128292564,-0.09755814955938147,-0.1464798152161318,7.529999999999745,8.0,0.0019988426910962,0.1263551053582507,0.97202643584308,-0.3945563517564475,-0.9530254432767196,3.5599985507874496,0.7365280002021171,0.10801637168886323,-0.3757278873949243,0.5519850749786546
114,7.623999999999796,0.0,0.0229465295403674,-0.9492053059647468,0.2438846938830403,-0.8932450000883002,0.2792291244524568,0.4746189497402285,0.2896756833950355,-0.34018859224731446,-0.6895143563809117,0.5700260279136619,7.625,1.0,0.1031286315854093,-0.1070397278763778,0.968441522242552,-0.0519110629385331,0.3256184941847679,0.0722058036453069,-0.007424521108013204,0.022395159262893337,-0.02529284601952133,0.9994016236069156,7.625,2.0,0.1003662606060847,0.2043598040269036,0.9517251095931204,0.088008295072992,0.6062141465849775,-0.979200173290015,0.26166897236980247,0.032548004076533646,0.18683267113497806,0.9463421840571912,7.625,3.0,0.0281202042060632,-0.3463277775489216,0.9164007445508948,-0.9042895166697724,0.4640358873089626,-0.8873894436633012,0.7654455481661024,-0.07311905767947598,-0.16536221874696358,0.6175775682518284,7.625,4.0,0.0965176685527487,0.1331046791320545,0.9648126678533476,-0.8431365964752081,0.4177121529145956,-1.8032281759118225,0.38191463221915295,0.13898891002892066,0.0973365166905411,0.9084871485631668,7.6349999999997635,5.0,0.1479626943123214,0.3206977898412609,0.9141203250572484,0.2389217505540201,-0.4614898130585609,0.4831934718418827,0.7498070204045225,0.32170293046603377,0.0577268743719241,0.5752949371034881,7.6349999999997635,6.0,0.0939188694451185,0.0002627269799203,0.9751944303248892,-0.7216662917826046,0.1046413157753479,-1.5554284717114757,0.8762479267647023,-0.1356356669008152,-0.034463110844981736,-0.4610909136990431,7.6349999999997635,7.0,0.1443371478258806,0.3221763500988937,0.913707385980022,-0.0250544627577952,-0.003385991356545,0.2052480928148058,-0.9407728531100313,-0.2878722584448946,-0.0806950231774765,-0.15988844518423964,7.635999999999967,8.0,0.0408585992839733,0.0913061229314005,0.9749398785462556,-0.616782018102992,0.2790455300449845,0.0313483692764453,0.7564572342190576,0.07215928334983356,-0.3489687980432893,0.548439849588188
115,7.70699999999988,0.0,-0.0222001750193986,-0.9540622385112988,0.2231196927120453,-0.2269827689909778,0.4481403311756838,0.6405316866120846,0.2889560323620573,-0.37381065575055694,-0.6658004383911249,0.5774770828761104,7.708000000000084,1.0,0.0908848337265372,-0.1064172366898768,0.9703655593299828,-0.1878785878680562,-0.2171011060918584,0.7316176981247497,-0.044085372168171676,0.03531502876972595,-0.03831315239995502,0.9976679964081062,7.708000000000084,2.0,0.0828553214557032,0.2097308187095497,0.9540744097762468,-0.1712061430775588,-0.3592076610302949,0.7944704062913471,0.2274334425214286,0.05898500599178175,0.1634077048919232,0.9581715505445545,7.708000000000084,3.0,0.0149755105957916,-0.385168597563497,0.9014138259053744,-0.5748598442694646,0.5585780156387768,-0.4198159662321444,0.7796051697867846,-0.11691755638072872,-0.16045025358288284,0.5939711949049941,7.708000000000084,4.0,0.058171399882829,0.114842138460078,0.97129674737929,0.2126148700529789,0.1791441278797815,-0.6517660062239379,0.41012129956171184,0.12309935918897713,0.10949376108543683,0.8970274152423888,7.679999999999836,5.0,0.1802024111471372,0.2781077062849429,0.921097820387002,-0.9276228743885055,-0.5284486338088612,0.0375891168881128,0.7686585207341893,0.28652200248792675,0.0061567058752027325,0.5718665190110387,7.679999999999836,6.0,0.1225469315251856,-0.0399205899694983,0.971488340676433,-0.7587050853947127,-0.4208690583235067,-1.0169272131362577,0.8469207622021901,-0.16708979527570203,-0.04452710286044356,-0.5028156321918014,7.679999999999836,7.0,0.1597462151059767,0.2850352239359947,0.9243890240992004,-1.0627203222150567,-0.2469041394688506,0.5569480656193373,-0.9541407928975142,-0.22841688795633253,-0.041172596708464876,-0.18906583484471512,7.679999999999836,8.0,0.0380907450291782,0.0477785605003007,0.9783589853932152,-0.5879361584234561,-0.1445812341891932,1.0087453260368295,0.7384073747649131,0.03311923192907165,-0.342227566364739,0.5801189172827289
116,7.773999999999887,0.0,-0.0802353452722607,-0.9528821074705932,0.2149022536676666,0.1372134101694199,0.7315778813058713,0.8727428826780721,0.29617567989925686,-0.41720226335546534,-0.62207930736671,0.5926546831279107,7.775000000000091,1.0,0.104195241128871,-0.1384750587103344,0.9646097707577224,-0.4385295915623926,-0.4636765838894565,1.6343656258245678,-0.12622350092181414,0.06067148619721598,-0.06531758594461583,0.9879879612343612,7.775000000000091,2.0,0.0986348159038319,0.2090227604843184,0.9528471329080715,0.296674867966938,0.2030494078870997,-0.0559485272175925,0.22719754863701505,0.05363388820645813,0.17313890117548453,0.9568320651132748,7.775000000000091,3.0,-0.0087139489760281,-0.4056250362966264,0.8920680450630455,-0.2080100394736997,0.6783219092671269,-0.8059140336980298,0.8064754537876915,-0.14424353896153924,-0.14146370811568904,0.5556790109334229,7.775000000000091,4.0,0.0672019400971929,0.1222478064791544,0.9696826146003694,0.2266301565310826,0.1873067687131558,-0.2570426979948125,0.41981974491974927,0.11147162839986634,0.118461683007751,0.8929122507258874,7.800999999999931,5.0,0.2274904891992517,0.2169838360122518,0.9282887978605004,-0.9365328773302,-0.7130684900876846,0.4327135812023204,0.7717673096461253,0.25839532199066084,-0.05682291832598236,0.5782544710487272,7.800999999999931,6.0,0.1469482665222493,-0.0775425599194086,0.9656434944467088,-0.904465799657894,-0.5582087689989944,-0.3781717458187141,0.8293825670933686,-0.20853324175320667,-0.048969602000062826,-0.515984905365911,7.800999999999931,7.0,0.1816954572651745,0.1899330147170734,0.9443840377355408,-1.2803107139672685,-0.0729646435083657,0.905524836578084,-0.959203136006392,-0.15776907671563345,-0.007628426600089952,-0.23447829199183162,7.802000000000135,8.0,0.0590543142806905,-0.0059840586357328,0.9780280052263748,-0.9638869235590264,-0.282513629764948,1.369405350440966,0.7040675599685616,-0.018088549722244877,-0.35156337708273994,0.6167372757204163
117,7.835999999999785,0.0,-0.1198837905297005,-0.9508161459485476,0.2052206943068386,-0.316685279303401,0.7703310731878419,0.5215947007696035,0.30374836807074235,-0.45505316646502914,-0.5992235405485782,0.5844610278170288,7.835999999999785,1.0,0.0970740011544447,-0.1573967008768202,0.9623164328083352,-0.2115539265488403,-0.0133405770546573,1.7691249839212573,-0.21384935185177184,0.0579836356078917,-0.08188880818669236,0.971699838328705,7.835999999999785,2.0,0.0888543082651304,0.2320109792032675,0.9482772893156654,0.3525710685414961,0.133836899445754,-0.0945798315051078,0.2292237648091916,0.052219341698360545,0.18514197768078083,0.9541761127274878,7.835999999999785,3.0,-0.0193582106701002,-0.4328071100983496,0.8790359862531039,-0.5408541390185299,1.361467464810133,-2.286063884808848,0.8703739516354997,-0.19347409361206858,-0.11630060805465083,0.43759699265592733,7.835999999999785,4.0,-0.011866362764686,0.1211092724966173,0.9724945930698417,-0.1194269328335195,0.8646586877604647,-2.7587399592322086,0.5429013524303696,0.04353744210528772,0.13797855644026902,0.8272391012439293,7.83199999999988,5.0,0.268819948306668,0.1420166227639063,0.9312540546226548,-1.137534797238274,-0.5400046997929593,0.2612859719673606,0.7786630471683379,0.217413582435121,-0.1143277197241856,0.5773598233769941,7.83199999999988,6.0,0.1891413010448534,-0.1289015044203378,0.9526048343343814,-0.8115078456735453,-0.435638300680448,-0.8212388893391289,0.7998199734938352,-0.24044221052477838,-0.05534034513247984,-0.5471864395239497,7.833000000000084,7.0,0.1932250007748009,0.0948497275713732,0.9563522511372128,-1.52265401116762,-0.063606165468365,0.5214868487020113,-0.9626712963227892,-0.07642508749310131,0.02409249569712418,-0.2585396157051299,7.833000000000084,8.0,0.0670619199176777,-0.0768703711394667,0.974710031208172,-0.9536458127248422,-0.0394112871665772,0.7026283440459541,0.6885093148563358,-0.06138366900574273,-0.3535419041418339,0.6302341553353158
118,7.924999999999727,0.0,-0.2124186009146597,-0.9425605575990924,0.160074773915025,-0.4499914438145744,0.5120741453088047,1.0020778286201604,0.2831418154279633,-0.50256044240321,-0.571505416749019,0.5836482439913421,7.924999999999727,1.0,0.0682225598994245,-0.1617766710889616,0.9646424161377848,-0.0629361667023729,0.3040913142677553,0.9788114260700016,-0.26030177994205866,0.039414857572199896,-0.09010034773348284,0.9605057936836532,7.924999999999727,2.0,0.0576685054482568,0.2627140946170524,0.9418925883395128,0.2900083094870818,0.5103046714949616,-0.897018628729861,0.26662718828086956,0.024025955290514385,0.20105017202726405,0.9422905731618159,7.924999999999727,3.0,-0.0468091091097341,-0.4612040145051138,0.8635419875771646,0.0358271785510166,0.6706890744399444,-0.5194490992453216,0.8847163789392078,-0.2068075473806278,-0.08837446994397694,0.4082860764772986,7.924999999999727,4.0,-0.0945567665328557,0.0965627034309754,0.9703121467903782,0.1785404805768872,0.9359659832597396,-2.2661248873385134,0.6323318003863432,-0.011604104055638512,0.16705892728671487,0.7563816191599606,7.907999999999902,5.0,0.3170471573078545,0.0634826254035322,0.9252918762827668,-1.2071359111973183,-0.690243992408125,0.2335168264593317,0.7815068318083565,0.17954034038796904,-0.17773603065171922,0.5704579225660807,7.907999999999902,6.0,0.2378991459537243,-0.176805692744221,0.9344703009554264,-1.0708470683892044,-0.7893827152103212,-1.06098107069844,0.7569330537349678,-0.29037385162564827,-0.07101934443142681,-0.5811124083790268,7.907999999999902,7.0,0.216158365723191,-0.0182165912087385,0.9560908517147376,-1.9302152737464235,-0.4822409312294566,-0.2703949645713866,-0.9678353942573307,0.016419369678150462,0.08072173786870998,-0.2377163329634392,7.907999999999902,8.0,0.0711818223800454,-0.1595661185172323,0.9635547737331804,-1.2977398318798208,-0.0860127729029201,-0.6694474791663618,0.7101047679364737,-0.09014199003728454,-0.3750939678472704,0.5890077719950695
119,7.969000000000051,0.0,-0.2695172539960606,-0.9336774747410392,0.1245665402891912,-0.4856661820958712,0.2820982546270454,0.798890494497875,0.2600992389040829,-0.5346920845598826,-0.5536572245754845,0.5830235315198656,7.969000000000051,1.0,0.0432785766895483,-0.1752850031039224,0.9625633134950576,-0.3778933329058549,0.3216929069180632,1.2978822719565946,-0.3209758857733204,0.02471841584200712,-0.114263784509718,0.9398442787078137,7.969000000000051,2.0,0.0425058608745973,0.2717817279942944,0.9405242921476002,0.1378639402319295,-0.1472132762793065,0.7441194427392038,0.23258605835558396,0.043686012294834715,0.19740921965732036,0.9513279443928242,7.969000000000051,3.0,-0.0648837017451647,-0.4568070061308445,0.8645296203124676,0.1795941580380552,0.1575626817871279,0.0820425717013805,0.8849444925865065,-0.20495716982300288,-0.0751709863416269,0.41135766237105886,7.9699999999998,4.0,-0.1013209216860816,0.1241203261327942,0.966594131716809,0.4798323597338008,0.0079979352148764,0.6210285056539123,0.6100168893242425,0.009282585264887339,0.1769281853067331,0.7723274212366419,7.994000000000142,5.0,0.3510294702778788,-0.0268311903452995,0.9148220582283124,-1.8131786960744665,-0.5160827005332602,0.3772355474403422,0.7822023331856924,0.11164126174596685,-0.24898380454991356,0.5600917815023516,7.996000000000095,6.0,0.2832814533265023,-0.2552721494431202,0.903237924314471,-1.096708574788507,-0.9378789417352796,0.7671350518441699,0.761937472339304,-0.3524897570565818,-0.057868211259837495,-0.5402346985718068,7.996000000000095,7.0,0.2379944639101357,-0.154892430144906,0.937763280488169,-1.8063823349355344,-0.274192239587139,0.4559703609324115,-0.9554315133433162,0.10434708442202087,0.1181780006544607,-0.24959220629746975,7.996000000000095,8.0,0.0783401464211944,-0.2534489096867341,0.9437613425211436,-1.5957680199957704,-0.0684810505452848,0.5042099706426733,0.6931397161155847,-0.15181349461063826,-0.39702871736679785,0.5821324543292427
120,8.058999999999742,0.0,-0.3360469567133618,-0.9190410097066242,0.0485496175177197,-1.6559189631215614,0.6284924262402161,1.110390343338275,0.20477773932563686,-0.5971512672358739,-0.5576912382140045,0.5389405573294722,8.058999999999742,1.0,0.0137331465261223,-0.2205359077306424,0.954985504648062,-1.1376054492565637,0.1255558623439396,2.014812027994917,-0.4150823359328238,0.03275889667350091,-0.17321977711679484,0.8925404292808775,8.058999999999742,2.0,0.0566213987390103,0.2606384437946922,0.9426641071034364,-0.3886873363740244,-0.5594018720679111,1.8170740365213047,0.1529163293061248,0.0877963442021346,0.16036138813149953,0.9711810456206503,8.058999999999742,3.0,-0.0703130599710635,-0.4470520249404989,0.8695657310371109,0.2941019317560673,0.3225318015796767,-0.8071457629691969,0.9046769308102622,-0.19748913900581552,-0.061550410080384366,0.37251743295234135,8.059999999999945,4.0,-0.1354612730141392,0.1099587366401013,0.9646228899160032,-0.583717796367936,0.9728901278280347,-1.4105518737082494,0.658226857240708,-0.06326836407461654,0.17303752730339406,0.7299263885208354,8.03899999999976,5.0,0.3909857515037964,-0.1476414754886053,0.8850836891710063,-1.8117807905705925,-0.7671953492974116,0.1937967777427757,0.7767534082978856,0.05484980000876492,-0.3257226526430723,0.5362372569038607,8.039999999999964,6.0,0.3424444995443397,-0.3349907375200459,0.8549608005678404,-1.5111198963210482,-0.9319953854910356,0.2368089856071031,0.7415837110007308,-0.4241700585707912,-0.045473120585073364,-0.5177504768657307,8.039999999999964,7.0,0.2634962758050195,-0.2810712948908686,0.901122433315948,-2.3565177439898783,-0.4892129786122667,-0.303017052894978,-0.9372185372035418,0.20657137078341967,0.17777822499037008,-0.21758810862265782,8.039999999999964,8.0,0.0966507472870637,-0.3590202905795627,0.9064463933410616,-1.811518893670992,-0.1430063221324722,-0.2281373228201073,0.6889664502199246,-0.20161500643254493,-0.43476486403752285,0.54374270813593
121,8.103999999999814,0.0,-0.3315881245721199,-0.8684989812675976,-0.3081458018209716,-5.755906996784545,2.473551418222068,-1.601415849874194,0.14362835584299086,-0.6375285855512811,-0.7236090934135129,0.22207673883614218,8.103999999999814,1.0,-0.0210827648811027,-0.3019180605131647,0.9317950427862004,-1.3364331886840843,0.1064042414555374,1.7584770627573572,-0.4913842497916693,0.047779744777616574,-0.23732264487078983,0.8366221233491241,8.105000000000018,2.0,0.1207644387259767,0.2056704247614627,0.9492358119654142,-1.190527381187818,-0.1963296993500293,0.537856935372302,0.13367239876590853,0.09303333612242236,0.09248543945854609,0.9823049076871498,8.105000000000018,3.0,-0.0465203018012938,-0.4518075380996353,0.8674945590818786,-0.7716428760243498,-0.1271346270633563,-0.9748265515134074,0.9125365710321112,-0.23016521601211304,-0.0934431854465808,0.3249143748138115,8.105000000000018,4.0,-0.1760035622284824,0.0889186687052214,0.959087700076784,-1.14836123382511,0.3647029435271166,1.603783365948029,0.5944356851944668,-0.09397493770068853,0.1422930635842901,0.7858547011422237,8.114999999999782,5.0,0.430727096987673,-0.2864779340121218,0.8325854678318123,-2.519161898192036,-0.9130786542889808,0.5048547067522127,0.7540066291841042,-0.028662390559508057,-0.42074467068917093,0.5036133364005566,8.115999999999985,6.0,0.3825397118792085,-0.4440483645927205,0.7853848857330414,-1.5859504784015104,-1.3217023616989956,0.5742515185692949,0.7229220830639665,-0.5058097958440765,-0.03650542824592355,-0.4692626833184276,8.115999999999985,7.0,0.2857248697052914,-0.4210644320061365,0.8371786206845251,-2.209308418789858,-0.5980786305320716,0.4225450617261408,-0.9009089354068974,0.3003575137707364,0.22349160848935024,-0.21954488142590733,8.115999999999985,8.0,0.1099219427364681,-0.4840806423160244,0.8453662509468579,-2.396324641092392,-0.1448201625980684,-0.385645115992674,0.6772005562664049,-0.26654285296968155,-0.48792605739236655,0.48195692405109747
122,8.16800000000012,0.0,-0.282862964426977,-0.8498120449729367,-0.3973122595320945,-0.1935274933337609,0.5863241548137116,-0.7236939984443441,0.17528991088952828,-0.6156290239002088,-0.7367078660961991,0.21802722789597231,8.16800000000012,1.0,-0.0865928081088766,-0.3598200366643069,0.9078618985279184,-1.0218115038508275,0.814077781619301,1.520565233917054,-0.5438497778984827,0.023973403415099036,-0.2989764710602161,0.7837510859710803,8.16800000000012,2.0,0.1870581678970663,-0.027457779719677,0.9615801121881936,-5.498266326201979,-1.852568264892248,6.2562038433106375,-0.15166489947650827,0.2752295253918827,-0.27641275667694803,0.9082083761811438,8.16800000000012,3.0,0.0277433148415403,-0.5013057608063818,0.8410968093293055,-1.1413279424716147,-1.7770237123236785,-0.8383729580610576,0.8996565833901705,-0.24918668392648255,-0.20270908654121783,0.2956908093770818,8.168999999999869,4.0,-0.184134186412423,-0.0999898028934273,0.9569705537327512,-3.938496598995689,0.1597601691255692,-4.540254912725452,0.750871246235638,-0.28256347243861596,-0.0842913331934666,0.5909697342237075,8.203999999999724,5.0,0.4447444673923301,-0.4358986150853768,0.7563754068520226,-2.614987652802041,-0.4478258941930084,1.2126271428247817,0.7118586114138092,-0.13890513429469364,-0.4850834858133339,0.4885250175925094,8.203999999999724,6.0,0.3923710076251954,-0.5896199690909553,0.6771848229430204,-2.0714733239629206,-1.387999264854321,4.894098198541953,0.7634591300700935,-0.5977510234748071,0.10833065081131539,-0.21929053956391623,8.203999999999724,7.0,0.2949618441365448,-0.5458363245373815,0.7581175484838028,-2.94005703189374,-0.7017692176220964,0.1126049262575134,-0.8442967285665905,0.41174076996715386,0.2816507145338811,-0.1957177750771813,8.203999999999724,8.0,0.162630749842031,-0.6196878129581578,0.7413158933119901,-3.0244589491657385,-0.2591192113290734,-2.025811052181857,0.6798742314396609,-0.3067415701217866,-0.5750903133489019,0.33608298093746675
123,8.268999999999778,0.0,-0.1573336376335252,-0.8552413662187665,-0.4517724338394943,-0.1219458360645639,2.5631387373271446,-2.003355033366645,0.2985874811524077,-0.5684542122001692,-0.7546372911413444,0.1350106793916666,8.268999999999778,1.0,-0.1834257077564001,-0.3074858164407151,0.911926248345693,3.8243981134710734,5.495258971724554,-4.408691616290462,-0.3089945381304365,-0.18875218759013496,-0.27228393921836147,0.8914911348573402,8.268999999999778,2.0,0.056965177125197,-0.1719166055276486,0.9627889952315332,2.785525263610111,5.380010198562213,-1.0401528885377231,-0.07467186579437603,0.017248113393821027,-0.15599937243134068,0.9847795747496839,8.269999999999982,3.0,0.1172095863611685,-0.5896934503292346,0.7739745134717594,-0.5543915182662619,-3.511004839127594,5.300154737508802,0.7592394248490623,-0.2687185930866536,-0.26447130047263123,0.530472190327363,8.269999999999982,4.0,-0.0047587888332505,-0.0990689678294893,0.9747362174157892,3.6697257013624407,-3.210518480677308,3.178564066706714,0.6920351900263257,-0.05037945176099856,-0.07353304857070704,0.7163393730442204,8.280999999999949,5.0,0.4302412835728416,-0.581771077610127,0.6611919926662337,-1.7693328122263623,-0.6763734602670463,1.12707414306878,0.6603170150282617,-0.2076402286433755,-0.5298101256471597,0.49006959288945284,8.280999999999949,6.0,0.244157406457296,-0.7714425427104509,0.551760422800042,-2.3197828544807098,-0.8151669812772653,2.8985302581716623,0.7278869725013944,-0.6556559563601386,0.18782298100548026,-0.07084031308824772,8.282000000000153,7.0,0.278229924881681,-0.6790706610062449,0.6494591182367646,-1.4355247706155416,-0.3480789295339966,1.5980972072175312,-0.7976637429602861,0.48042134588559193,0.266498351234184,-0.24881019346788105,8.282000000000153,8.0,0.2027346378119958,-0.740583859505376,0.6096123470463508,-2.78732571135179,-0.380210410919224,-0.2217246579671802,0.6382201822007662,-0.38262303418421073,-0.6138351047907783,0.26359263432384344
124,8.298999999999978,0.0,-0.1208350004935154,-0.8666910720688834,-0.4422459589999906,-2.860579752138205,0.2625334816358335,0.1215452460466038,0.22785361088190798,-0.612282030887532,-0.7555804052690165,0.04787168091705418,8.299999999999727,1.0,-0.3195515641150628,-0.4546687500438366,0.8074181850845272,-2.407895384094589,1.8718326572266195,-4.805212636745766,-0.09228710060777191,-0.19232379128213872,-0.4483662360402581,0.8680221015316182,8.299999999999727,2.0,-0.0471985238879628,-0.2074038340555102,0.956658742165602,1.3803347489425983,2.327487758502065,0.5554102957659144,-0.08642419476026807,-0.1120589432347792,-0.0909886986753069,0.9857457626155528,8.299999999999727,3.0,0.2585909263473673,-0.6568014093590863,0.6803004053171866,-1.252247144392022,-0.9845970300557444,0.7442509988534824,0.7111912301684965,-0.29288260773717384,-0.32729651613336513,0.5489114707705198,8.299999999999727,4.0,0.0732369679102841,-0.2414769386259147,0.9473020820430852,-1.4049845208264986,-1.6728475884718697,-3.721629868142039,0.8103782367867913,-0.03520150407180208,-0.20184623657858902,0.5489135307427521,8.317999999999756,5.0,0.3851653671304714,-0.6333412190043302,0.6402472493290057,1.6277132211812853,0.6869499001230023,1.918039384261964,0.6535225477428032,-0.21625965158413663,-0.4315216826013741,0.58303437302902,8.317999999999756,6.0,0.184911176694472,-0.87388726833459,0.4040209140331401,-2.390073473362492,-0.8262939728031193,0.4072939094976776,0.6679568468558233,-0.7251428881228402,0.16631484310234118,-0.018461189212396947,8.317999999999756,7.0,0.3017891979795117,-0.6830843508572857,0.6345644566131667,-0.6295877625803951,-0.6285438848371725,-1.6893488781963997,-0.8012022843962858,0.45933111767913753,0.33689067126626976,-0.18328802313181775,8.31899999999996,8.0,0.2205587379346104,-0.8345705898265129,0.4634692802304361,-0.7706735968994913,-0.8451648585307805,4.97669487527643,0.5428456972689304,-0.5451874279613669,-0.4873077405440811,0.41306220276769545
125,8.41399999999976,0.0,-0.1437601697666049,-0.8667860669759625,-0.4351447203919852,2.237002413496326,-0.6104265014753905,0.8690095464877643,0.277436922128259,-0.6085090199075913,-0.7179544756843019,0.19309815580678158,8.41399999999976,1.0,-0.3297524863521454,-0.5294581694882307,0.7563057215880035,0.5073723913629911,1.0817290981438972,1.206011590798398,-0.11741507439223246,-0.2660737527843984,-0.40418919057557606,0.8672079085239905,8.41399999999976,2.0,-0.1793306551487287,-0.2969268057956965,0.9162515965191508,-1.9575224188009688,1.796530799273108,-0.5100553160721931,-0.06352122180403985,-0.1908288680249059,-0.20689290882289554,0.9574678698461145,8.41399999999976,3.0,0.3084158630476833,-0.6716243996303561,0.6435886273402572,-1.0257854392379495,1.3377953545729295,-2.8902661792868067,0.7942420675969559,-0.31206626547049027,-0.34817311722771843,0.3880330713412807,8.41399999999976,4.0,0.221090241235424,-0.3147917203354168,0.9003728550099289,-1.9537035458891887,-1.1296073008281469,-1.46791309614484,0.8308126017689973,-0.07408662722809405,-0.30489258136804354,0.45967608838673124,8.36999999999989,5.0,0.3349291411585408,-0.6452323884114197,0.657037773151359,-0.1359362126630181,-0.5780155714457338,0.0593555345792326,0.642175131956187,-0.1988401197193146,-0.44812807645590075,0.5892834070114283,8.36999999999989,6.0,0.5313200243028776,-0.7583677053565414,0.3206594069211814,-0.1973214349326752,0.1179840448338535,2.627355865646934,0.673395616179259,-0.6989812192290409,0.23726575440668943,0.04084802396033797,8.36999999999989,7.0,0.3003947321092489,-0.730134918570428,0.5804506917948908,-1.569486623354234,0.7213670342770322,-0.5039922847993962,-0.7867365134274443,0.5091674398096474,0.3275287427761446,-0.12049522535435113,8.371000000000095,8.0,0.1248737238204936,-0.9024619878375536,0.3611065128289645,-0.8647592075123959,-0.298433465795605,-0.3789979958256647,0.5335199052444874,-0.5407551269956538,-0.5148694848448631,0.39730318009224747
126,8.451000000000022,0.0,-0.1649377054958976,-0.903953905665668,-0.3417848588476867,1.121336574279968,-0.1440170347721679,0.2523380895985205,0.3091937325429702,-0.5970329434645035,-0.6906996834517838,0.26624208430273094,8.451000000000022,1.0,-0.4140143086676027,-0.4811865819066969,0.746569236984378,0.5094236478180805,1.5610016361138568,1.3219885016903523,-0.13785310769044054,-0.3582683566091518,-0.3596136413691906,0.8504812368852451,8.45199999999977,2.0,-0.2325641043803435,-0.3767241134297487,0.8742922164324343,-0.4127297271562022,1.3673609293183429,0.1158964097843657,-0.057449131204163305,-0.24894711092672472,-0.22947758872857693,0.9391831395188278,8.45199999999977,3.0,0.3566530998040079,-0.6392224729452736,0.6520906351742228,1.3300984525075243,-1.3236912617822674,1.0119728851008,0.7722544455467327,-0.2443769272306097,-0.3576335508435063,0.4647593270518611,8.45199999999977,4.0,0.250925696651735,-0.3671592707853235,0.8734937690883837,-0.3940389343599846,-0.0802141143849273,0.5620888002760002,0.816752564151067,-0.09968313590803521,-0.30517125255253524,0.4794257272860044,8.434,5.0,0.3453298925176211,-0.6233364614797361,0.6818650314568779,-3.530083036071645,-1.0146778309111026,2.0749583659562063,0.5321777688689668,-0.3055600362247412,-0.5446419222572314,0.5716511725728648,8.434,6.0,0.7247973595884726,-0.6673506845536469,0.3437336924995243,-0.1719596226111309,0.0560619927519289,1.2558287943771458,0.6792208397462216,-0.688012974480705,0.25031234387870466,0.051389963053105316,8.434,7.0,0.1984540256414151,-0.7874764415106197,0.5672581896918617,-1.198312198335191,-0.1385872470824653,1.3356935404473909,-0.7541466029201552,0.566811629322584,0.2895294891170199,-0.16174100624240215,8.435,8.0,0.1260873060470982,-0.882739676934805,0.4218893859992467,-0.3341265205585221,-0.542755805642913,-2.9940285930901287,0.5858140108600681,-0.4478009798305582,-0.5921337110790577,0.3250752149066046
127,8.528999999999996,0.0,-0.1715914589745902,-0.9216152123676288,-0.285768737862527,0.8293635804038886,0.1015008571775759,0.1353114891912709,0.3394795680134158,-0.587523792488969,-0.6636553155406586,0.3148508191436578,8.528999999999996,1.0,-0.4806823540622987,-0.4884512058740992,0.700443355292393,-0.2899717475974529,1.2198891718980016,-0.7919060632338506,-0.08582216603275251,-0.38244209299372833,-0.3882725990585525,0.8340365640332201,8.529999999999745,2.0,-0.3070284494389527,-0.3980932619227709,0.8401686057255416,0.0747915568286952,1.1109466650960715,-0.5540673085299471,-0.01596266959211062,-0.2858386429800683,-0.23451150919163724,0.929002591716227,8.529999999999745,3.0,0.365305570089968,-0.6411706032623558,0.6439457259532283,-0.0671807041677109,-1.4430139107278572,-0.0520200388213812,0.7478881571428871,-0.20874925781394132,-0.41336840415866205,0.47561919033073713,8.529999999999745,4.0,0.277351172585322,-0.3391937304709461,0.8764302255597706,0.654177216056325,0.5228804719731155,-4.4306059086237335,0.9257904173146363,-0.011050191755002069,-0.2549420074764282,0.2789167784384043,8.498000000000047,5.0,0.2954267039364374,-0.6967021320601234,0.621988908087701,-1.211467659904562,-0.0846596453648026,1.5611884380146026,0.480076765153255,-0.363625863994818,-0.5415098984924038,0.586574428720478,8.498000000000047,6.0,0.4592406047759451,-0.8232258744247615,0.2652701012225298,-0.6889398024750553,-0.2782562110973838,0.1900392060521359,0.6716385802864699,-0.7068165216420811,0.2166917662396535,0.04854586129119254,8.498000000000047,7.0,0.2962281778777441,-0.7847146006298144,0.5061223786690553,-0.2142777195629582,-0.0843164087198086,-0.1019708917845897,-0.7589834679654572,0.55932364159606,0.29413078800630854,-0.15680637376598508,8.498999999999796,8.0,0.1128601230228178,-0.917632283354562,0.3240857682416294,-1.1087239932781547,-0.2424500106436967,-0.3569449328607648,0.5682332120545136,-0.46384023187481205,-0.608302056852092,0.30320267749814644
128,8.570000000000164,0.0,-0.1711161289664315,-0.928314681779184,-0.2640456816551932,0.3098719118302608,-0.1496061404104843,-0.0852180062267701,0.3467534851486764,-0.5764886633399131,-0.6542699578793085,0.34547599597427164,8.570999999999913,1.0,-0.4885633692993004,-0.5647836985970787,0.6339283934151551,-0.6404761336888604,1.2899731633181002,-1.3696019911101212,-0.013297669606952901,-0.39730258095341026,-0.4400686792779757,0.8051791034728369,8.570999999999913,2.0,-0.3528281783251984,-0.4179391698382487,0.8127546535668915,0.0806766788942033,1.673348649330635,-2.713623600652149,0.13424386016510903,-0.3247931643434199,-0.26643354146778736,0.8974971612126089,8.570999999999913,3.0,0.3849287483115668,-0.6924118085903442,0.5771080887043076,-1.3193570879773011,-1.3568954996315177,0.6671000858305696,0.6907038745851124,-0.23646743132905654,-0.4826471783350165,0.4838005919787594,8.570999999999913,4.0,0.2933425302228687,-0.2951566308809178,0.8872934820055148,0.9212373133590196,-0.0876872670702756,-0.1902814529340563,0.9279457935951351,0.026608464867073776,-0.2399804204195779,0.2839330758501997,8.519999999999982,5.0,0.2646139193420189,-0.7326724351968761,0.593958396180351,-0.2625829748442832,-0.0199226440696114,0.2947296393610542,0.48112476374843643,-0.3608221385098162,-0.533269247078874,0.594937186759363,8.519999999999982,6.0,0.3827897139216797,-0.8741142672764513,0.2221582378835218,-0.3827966187284659,-0.1919783188538541,0.989292306149868,0.6701840326428807,-0.705784392226866,0.2192726670616662,0.06812673160473362,8.519999999999982,7.0,0.3624071598095208,-0.7804811991989257,0.4680642565031034,-0.3762242653048253,0.4556751080864085,-0.6081261609378972,-0.769186774280635,0.5552881931820053,0.2954637861388602,-0.11272923252158462,8.52099999999973,8.0,0.0901829077685068,-0.941506188444621,0.2580041477707261,-1.7332881575593704,0.1476572942654431,-0.5354078606148709,0.5479731993324696,-0.4968686664566048,-0.6255466693671846,0.24806907415192786
129,8.628999999999905,0.0,-0.1610979942019442,-0.9311250731313468,-0.2587789296875893,-0.0351867223230668,-0.4475257525015754,0.0868724983109176,0.33068376878739675,-0.5721399269649221,-0.6511024554592699,0.3733225703437263,8.63000000000011,1.0,-0.5082728409598727,-0.6070925105335228,0.5767663329258085,-0.8387079628134179,1.2279068884414852,-1.7042335945332172,0.06694704670566705,-0.4019992639534633,-0.4974543774191139,0.7658027338060532,8.63000000000011,2.0,-0.3907501807975123,-0.397217277706573,0.8053705547746892,1.5781612130517466,1.5076446167886297,-2.211534000239984,0.28326306928030726,-0.33549814803747996,-0.20676964010670557,0.874327937432783,8.63000000000011,3.0,0.3260774514345856,-0.7895907314886619,0.48049658938761,-1.2970246354616286,-1.6783688352123407,3.5740518606700182,0.5522685737210653,-0.3224159096112669,-0.5014883559618143,0.5827150526152179,8.63000000000011,4.0,0.2941840260644814,-0.2715062784381994,0.894570343560042,1.3172640603896584,-1.2835774947071743,3.824256902552624,0.8435263085670879,0.044175158309535056,-0.27633992203442614,0.45841920731304076,8.623999999999796,5.0,0.2345062045858029,-0.7696603755896106,0.559038233270338,-1.2584780421008488,0.168685111894021,0.7045133743511788,0.45506988459322945,-0.399437769653834,-0.5436019160028325,0.581255387268217,8.623999999999796,6.0,0.3637041590999748,-0.8909603997816861,0.1775157758460875,-0.5570223769907483,-0.2405239089233231,0.5111580683248398,0.6629109633809155,-0.7169062463274781,0.20239798575485654,0.07503028700737167,8.623999999999796,7.0,0.3693687097989602,-0.8029910386210675,0.4212257685798802,-1.1627512706949406,-0.3444621055506877,-0.5478678797565932,-0.7417364566303272,0.5786731434798648,0.3289625532814836,-0.08214657910799136,8.623999999999796,8.0,0.1193948219572123,-0.9492416979783715,0.2074489703733026,-0.8514251330882081,-0.0508946515233111,0.1285198451152362,0.5348006475949265,-0.5226695882173001,-0.6167842509603282,0.24572740313630456
130,8.703999999999724,0.0,-0.1709437016970797,-0.9312128683991024,-0.2533887222786679,-0.1205223373951175,-0.4050351093125241,0.040227788158136,0.3147751207527101,-0.5670939322950874,-0.6508058239092325,0.3946807252388143,8.703999999999724,1.0,-0.4374604152690525,-0.7392608455948684,0.4719277351915105,-1.1348550269184383,0.4810635128973393,-1.0211324702759683,0.09773164644276346,-0.3911860370575427,-0.550795631113687,0.7307846347870738,8.703999999999724,2.0,-0.3839452832350271,-0.3890682816239591,0.8131991710004103,1.5793483701766569,1.4949446404991866,-2.5949572128117664,0.44487408619380536,-0.334641895388753,-0.14367968294065603,0.8182041297829792,8.704999999999927,3.0,0.2501587530074299,-0.8719866827623746,0.3692164993318118,-1.397256109830051,-1.4198386256354152,2.1677083600302764,0.43765545385411325,-0.3638280178739482,-0.5362253805595518,0.6233371626699534,8.704999999999927,4.0,0.2883136485317356,-0.218206905803085,0.9111146943882324,1.2327624361369296,-0.1333203753995993,1.6028486347929076,0.8014928359153793,0.06762458597689935,-0.24984374184741379,0.5390864995596331,8.69900000000007,5.0,0.2014861690719753,-0.8052786099851514,0.5204245228398461,-0.7561918049248719,-0.0303272156953538,0.4414462478704761,0.44061498750787814,-0.4122914934573924,-0.5477535871915205,0.5795171825967947,8.69900000000007,6.0,0.3496817117608224,-0.9054121983711436,0.1341508535222731,-0.7435701582063337,0.0285744785756429,-0.3905077306498118,0.6474576020246595,-0.7435797358699926,0.16110332527385324,0.04397213401345088,8.699999999999818,7.0,0.3625681547949474,-0.8352982472863882,0.3634503696639677,-0.7488859345796003,-0.1448794863314499,1.0794291707035246,-0.7213382350281865,0.614019271137112,0.2992010951847662,-0.11458704114736318,8.699999999999818,8.0,0.092702768159211,-0.9612316472838676,0.1683238457128463,-0.7064310074172055,0.0134253444654327,0.5644284362938571,0.5207571788977687,-0.5578315412912794,-0.592572816446959,0.2578631213941839
131,8.809999999999945,0.0,-0.1648069916591057,-0.9355122925739736,-0.2403942718603409,0.3288585651718667,-0.107482229181431,-0.2410203736475922,0.327979579116498,-0.5496419557127264,-0.6457757549985748,0.41628931100723043,8.822999999999865,1.0,-0.3848668614013765,-0.8214542083899856,0.3706352418664959,-1.6926770328285756,-0.0881915846447966,0.3898988759797402,0.05080324229098698,-0.3966874976703076,-0.5978923098462995,0.6946818304745342,8.82400000000007,2.0,-0.3983270959461834,-0.3414005515096993,0.8273041690115873,1.3735062603065231,1.2829385854026532,-1.9783380889600493,0.5612884617906051,-0.3293558151249903,-0.07700687645248136,0.7553475694560233,8.82400000000007,3.0,0.1818421698069191,-0.9285261130209316,0.2525840112084531,-1.9919864417644235,-0.9930992030372552,2.6271773900724846,0.3026150920777081,-0.4309481972506638,-0.5640600708098751,0.6360377298959252,8.82400000000007,4.0,0.2846479488699952,-0.155226442562012,0.9249358338466764,0.937713752774068,-0.0178007403934818,0.6975455730812486,0.780265546931505,0.0908886759217112,-0.22035640565214237,0.5782456046948791,8.731999999999971,5.0,0.1824748807542681,-0.8263249622716442,0.4924134184001092,-0.4587528126051493,0.1000253569995375,0.4028783962933184,0.43657126775089306,-0.421155654636593,-0.5413324876584688,0.5822306935807272,8.731999999999971,6.0,0.3592717227395783,-0.9073703932422016,0.088072689905715,-0.5663305320832991,-0.0356713705411639,-0.5248384790656775,0.6365663427085136,-0.7622090810167852,0.11712540265397303,0.010111785173723773,8.731999999999971,7.0,0.3544643784326192,-0.8637294931638468,0.2975338082660544,-1.2035345823023975,-0.2156010570642379,0.2647568055531213,-0.6881994218692651,0.6492544158767154,0.3042737194366018,-0.11075993347601044,8.731999999999971,8.0,0.1272354836907629,-0.96135899382205,0.143474794606695,-0.0160953837301987,0.490973556435912,-1.1397177698596828,0.5623551010444944,-0.5258730061665989,-0.5954793863636455,0.22938749340475562
132,8.855000000000018,0.0,-0.162001908680968,-0.936973618548784,-0.2347377680036193,-0.0083895311337305,0.0037928859964677,-0.063605257355724,0.33029845779063266,-0.5468257203001374,-0.6412498509062068,0.4250684522663765,8.855000000000018,1.0,-0.3181731786029468,-0.8878235129306535,0.2676737534857887,-1.2444655217722842,0.7582997765721504,0.1643652866517339,0.049638590121436885,-0.420496504026218,-0.6302393166117445,0.650781917595477,8.855000000000018,2.0,-0.402780933598168,-0.3096168860426642,0.8380727315734786,1.4779700643967653,1.658302601355951,-3.1226074451907166,0.7125116192833435,-0.3214803042193199,-0.005967625125813288,0.623652141690894,8.855999999999767,3.0,0.1359288227452991,-0.9642972208846938,0.1051818660280035,-1.8052023615205643,-0.2119282370393124,1.0233298314253945,0.23844783350696008,-0.4641701719835975,-0.6064160169992766,0.5999569121722723,8.855999999999767,4.0,0.3062000935792388,-0.1047043079519311,0.924798091795378,0.2843797108166085,-0.3640621217467539,-0.2834580686608649,0.784322087318449,0.11177076419369782,-0.21878785812259344,0.5696297330320073,8.824999999999818,5.0,0.2071757257562068,-0.8367075434894344,0.46367198031072,-0.4479177779492979,-0.397379792464071,-0.5643221985964216,0.447848454907241,-0.3882531623095734,-0.5669433086116474,0.5720721354989172,8.824999999999818,6.0,0.3674063463963761,-0.9071096792126772,0.0498658851955972,-0.3807558330367835,-0.4731666388112656,-0.0698558288666215,0.6329110881136023,-0.7698855172866406,0.08145776533561054,0.008029774695853358,8.824999999999818,7.0,0.3349384995990775,-0.8858133580911465,0.2521901982901093,-1.022201543653045,0.0933321219241762,-0.0269614743305717,-0.6669062229643175,0.6733835945016239,0.3061354347233989,-0.08984275170683623,8.824999999999818,8.0,0.2121869287922382,-0.947002925494464,0.1376305429570221,-0.494713881208061,0.224396473266083,-1.5106262550309422,0.5837099598208894,-0.4947434174526855,-0.6182626960095051,0.17961868615539958
133,8.93600000000015,0.0,-0.1563637822361313,-0.9402774765601196,-0.2267192860754132,0.0669104660283889,-0.1310177259666026,-0.3054166388429226,0.33563394448594563,-0.5320127393894293,-0.6441966376647315,0.4351126204301766,8.93600000000015,1.0,-0.2884456821810187,-0.9233992783277928,0.1575527251901359,-1.2193444779668636,0.4003974827500502,0.248254211180799,0.03716053697342172,-0.4327113039532827,-0.6593150805005806,0.6137455878028043,8.93600000000015,2.0,-0.4062267901601279,-0.2832969151632057,0.8445831236860057,0.9736639663069464,1.229178093280131,-2.2159137794635755,0.7964037022387647,-0.3125766169872797,0.04488547720594602,0.5157734924452504,8.93600000000015,3.0,0.1328119354575,-0.9702165382617084,-0.0135962746184358,-1.3236335135671289,-0.0632005550888063,0.755295783632269,0.19944872002817302,-0.4860847570318813,-0.6336715923014294,0.5678046584614743,8.93600000000015,4.0,0.3397324339608986,-0.0874646907132271,0.9151867575492136,0.2994225268714625,-0.5948911809922937,0.0464343594763586,0.7758099428853482,0.13543192092128073,-0.22879107467219026,0.5722165424611115,8.864000000000033,5.0,0.2028395408050243,-0.8542137969778796,0.4346077653915545,-0.5104189281764521,-0.047510942952448,0.295531702633552,0.4405809168852102,-0.39406013625481384,-0.5681340083316766,0.5725633705262739,8.864000000000033,6.0,0.3309144258505383,-0.9220634841618944,0.0143029346372278,-0.4447408520032813,-0.0291144684972052,0.4766688866016421,0.623381443450974,-0.7773401177300469,0.08401974362779534,0.008865664618998546,8.864999999999782,7.0,0.3536163070123725,-0.8888103897131823,0.2147314568311604,-0.7008064664121355,0.2348450999112246,-0.2849751935362485,-0.6596227291633612,0.6823097696636568,0.30942874064529,-0.06004238382406838,8.864999999999782,8.0,0.2747446079484726,-0.937543828215028,0.0829033809874497,-0.5065109140785384,-0.1573195617086639,-0.0405928620788549,0.5753448215735458,-0.5079366492506195,-0.6147073141644648,0.18197146630520916
134,8.976000000000113,0.0,-0.1635255331151257,-0.9447729984790764,-0.2025842574443259,0.2207453325296644,-0.0557552811585507,0.0595002792560828,0.338854778212858,-0.528318420783058,-0.6322302611728404,0.4542488111166971,8.976000000000113,1.0,-0.2820737381948727,-0.9366751863024224,0.061546743098984,-1.469986583446881,0.0414104512339633,0.9208256414179352,-0.01196832963610364,-0.45388296602737516,-0.6805116482757209,0.5751094754887768,8.976000000000113,2.0,-0.4316034828160267,-0.2750508720437634,0.8362149552651168,0.679988385938616,1.4932862901112256,-1.604207527643991,0.8424020146227412,-0.3183141956582725,0.10580081217627628,0.42171211358557664,8.976999999999862,3.0,0.110949043677103,-0.9693771865098266,-0.0914121435118387,-1.4848039688966186,0.1241435124293214,0.1262598183868649,0.18138294269223024,-0.49414405385745064,-0.6752368117515335,0.516698297068276,8.976999999999862,4.0,0.3700982585884073,-0.0889719596278567,0.9028318057034808,-0.3054851190072702,-0.3574214358816265,-0.4608454315303594,0.787941210673421,0.13320178263822868,-0.24381140175056693,0.5495106313811637,8.93899999999985,5.0,0.2067325291456698,-0.876391421183454,0.3848684687904171,-1.1071155909197736,0.2972607604849572,-0.4915970411992958,0.4529517847140343,-0.40095993089344123,-0.5955144297338558,0.5286098547332033,8.93899999999985,6.0,0.3120391422901545,-0.9289125384750256,-0.0248610044589724,-0.6004201185963478,-0.1442860932453751,0.3548285298606607,0.6076348081325406,-0.7901860198401578,0.07911029073111481,0.011294064606634822,8.93899999999985,7.0,0.355842161573899,-0.8959992236104837,0.1759452964299562,-0.1143482337870901,-0.0562319833555711,-0.0206011918384622,-0.6662031784871012,0.6759558965919825,0.30948797696542235,-0.058941860761794605,8.93899999999985,8.0,0.3057584419471513,-0.92958848942525,0.0601249990115005,-1.1723534857845317,0.0269242607321162,-0.3073584362509176,0.5580121787156213,-0.5310877848269648,-0.6198681129804415,0.14943793267674585
135,9.034000000000106,0.0,-0.1747271446786497,-0.949473250987308,-0.1678361420315617,0.4284021600872029,-0.0022113147260563,0.2368829859516412,0.3451837074348501,-0.5274212298912954,-0.6097595475215419,0.4804876154364542,9.034000000000106,1.0,-0.2735692267729375,-0.9405975595827314,-0.0140395537631066,-2.184844544332596,0.5958289013268033,-0.0876145039818166,-0.025881039505484812,-0.4520715430668139,-0.7424866604864333,0.49363453155447856,9.034000000000106,2.0,-0.4391085414255557,-0.2801893635789406,0.8290546480084103,0.0384448692161585,0.5558200847952313,-1.2499110864524283,0.8663304752335839,-0.32668438103958364,0.11327858825133381,0.360439709674339,9.034000000000106,3.0,0.0538909720254643,-0.9642300758894712,-0.1662712358898411,-1.1535189785295912,-0.1704115433259835,0.6308845385523272,0.14722255209802104,-0.509256840970225,-0.6916363192368783,0.49053255956280334,9.034999999999854,4.0,0.3988254060390238,-0.0960782812392333,0.8890749458689757,0.2135360405529255,-0.3744030197889381,0.1999482363260581,0.777513126620111,0.14404765192581345,-0.24962299160714674,0.5589382559542491,9.043999999999867,5.0,0.2099059878889561,-0.8914502788438229,0.3480831460982155,-0.7619741432405874,-0.0313290438815817,0.177517870518594,0.4439480720403847,-0.41193862273647003,-0.6037887330022189,0.5183202160143676,9.043999999999867,6.0,0.3219483553376039,-0.921775206382299,-0.0775095180883086,-0.8064028217250053,0.0336724740834485,0.0086588935927349,0.5821913403390666,-0.8103814314446146,0.06572839889543593,-0.003867348267369174,9.045000000000073,7.0,0.3649541449083434,-0.8979628585676055,0.1453002985107528,-0.910695237129623,-0.0857010476457729,-0.3277950482518231,-0.6443105640249165,0.6917396159106901,0.32414744600476003,-0.0358975502536912,9.045000000000073,8.0,0.3129216330815882,-0.9289375681545706,0.0002145241822112,-1.026522212460261,0.0396522522675304,-0.2475332849897456,0.5433581331742575,-0.5515683105729411,-0.6207044901101789,0.12353248091963703
136,9.108999999999924,0.0,-0.1976196891251919,-0.9505604022057316,-0.133605315120846,0.2804865346502946,0.0806165544147101,0.2134882435076682,0.35004051466303526,-0.530205100097835,-0.5899922474500898,0.4982603113568993,9.110000000000127,1.0,-0.2516289280982748,-0.9428218726840714,-0.0930311718329613,-1.6887731033992952,0.5681770414049888,-0.7736748678923214,-0.010412636643469354,-0.42360689763467224,-0.7955141374974211,0.4331351178514548,9.110000000000127,2.0,-0.4482178937681734,-0.3206485358560068,0.8102377652019322,-0.6088019268899934,0.3775510072976293,-1.0278145277164457,0.8728847902293243,-0.3582769893696633,0.10403357189420588,0.31446264928199646,9.110000000000127,3.0,-0.0188326517652936,-0.9518932857675522,-0.2348137639452608,-1.2506267618492493,-0.5164256676370395,0.6864930996048141,0.09630041027817839,-0.5178977801225821,-0.7082509943785086,0.4699879246174416,9.110000000000127,4.0,0.4240729518780496,-0.1203263687347135,0.8750895362604647,0.310060000617637,-0.7787245832100439,1.2821313168300652,0.7300789687678007,0.1549312271832563,-0.2762684407473293,0.6055218929596801,9.074999999999818,5.0,0.1884606945755724,-0.904415797099054,0.326612358244105,-0.0733643179255394,0.2344779416185114,0.1618114072081688,0.45730620876893024,-0.41417952713093587,-0.5875625138353877,0.5235423985337022,9.074999999999818,6.0,0.2661315951297401,-0.9297593108171462,-0.1544363882720831,-1.200935517445503,0.3708377023160538,-0.2852337856918375,0.5381917675215628,-0.8403319115106156,0.0529915548464258,-0.03719939493982466,9.074999999999818,7.0,0.3854606726581237,-0.8917533266565453,0.1269175883435058,-0.2395271433938854,0.0685179268697546,-0.1314995400146497,-0.6485849092808572,0.688490616932712,0.3235584473291006,-0.025064257633878657,9.074999999999818,8.0,0.3128479971225685,-0.9271064425398098,-0.0601811839163656,-0.9993645363814936,0.0070741772899661,-0.5627501641482623,0.5288796581332676,-0.5609043918842948,-0.6303363130279758,0.09137123648088288
137,9.170000000000073,0.0,-0.201160966216584,-0.951760698958542,-0.1180162598490479,0.3197338701182536,0.3126884820820216,0.0631091412275961,0.36654595819952435,-0.5331248771219601,-0.5697814251369253,0.5067258168775514,9.170000000000073,1.0,-0.2022503747475023,-0.9461852208612596,-0.1571283352493241,-1.8484546941391249,0.6732260637200074,-1.3605458631171057,0.019420448670082014,-0.37448676381536045,-0.8533846813033076,0.36210094672259985,9.170000000000073,2.0,-0.4612607277578036,-0.3663031715308201,0.7837700731431407,-0.407050804399368,0.2629462325720968,-1.1473824826853565,0.8825595945476883,-0.37768058653012093,0.09297835399958496,0.26419871747911966,9.170000000000073,3.0,-0.0641463087213833,-0.9220297233206552,-0.3232436238979155,-1.47257187877339,-0.1143419570100224,0.2658528345731565,0.06390459919470518,-0.5204709798262226,-0.7372924979225848,0.4259412328802778,9.170999999999822,4.0,0.4442441511502416,-0.1442487617064036,0.8614571544278743,-0.4872171418218582,-0.5409463816386347,0.6197595221882245,0.7087717277615516,0.139395211067816,-0.30986358624092136,0.6182201638406654,9.148999999999887,5.0,0.2028476103128023,-0.9117293115690316,0.2936043416168177,-0.6165317045312279,0.3094719428505983,-0.2600660299860974,0.4711461735064922,-0.4191078008086757,-0.5945184130149916,0.4989166173596964,9.150000000000093,6.0,0.3371460112576538,-0.8974345152990578,-0.2013625035675694,-0.8468715822649681,0.5082829378934616,-1.277991608304499,0.5045298666780851,-0.8569953418710821,0.002503841167229709,-0.10489198453871486,9.150000000000093,7.0,0.3862047486700414,-0.8893529855606687,0.1447693309338507,0.4087035190119595,0.1930454633099751,-0.0454850463620062,-0.677377979223644,0.6648481599526999,0.3139710857522267,-0.023625299616504808,9.15099999999984,8.0,0.3922022594914539,-0.8868497321797072,-0.1380034064165802,-1.7125382578285009,0.2467697549262596,-1.185065884928568,0.5021481374048287,-0.5663643345220294,-0.6534232745464986,0.010803377398351167
138,9.266999999999824,0.0,-0.221374283084677,-0.9483239048071777,-0.1088723948483375,0.1518649643641148,0.415674614866219,0.4958313866744365,0.3690968038685007,-0.5550618436890217,-0.5398018114453135,0.5140893924357512,9.266999999999824,1.0,-0.1723764016317387,-0.9348232604863136,-0.2368055063004903,-1.2101733959429464,-0.1953221153063007,-1.20240317017187,0.01954811416055716,-0.31447046614779445,-0.8875081790664591,0.33623716219908345,9.266999999999824,2.0,-0.4645821986843779,-0.4162028807057184,0.7551870912282934,-0.9905811739338034,0.3783779503153986,-0.3121999444727581,0.8670149300101446,-0.4190649178634671,0.09716192945781928,0.251454300459593,9.266999999999824,3.0,-0.1142117984320163,-0.878363370538066,-0.4173217636260212,-1.4326324511207074,-0.493240918320784,0.7901271713579916,0.00632621097329923,-0.5332596622894319,-0.748421608417177,0.39428315673374675,9.268000000000027,4.0,0.4618857009674045,-0.1878464879633672,0.8437649531721958,-0.4717162393418008,-0.7207282937614095,1.020876006870011,0.6709396678114703,0.12492639523748905,-0.349333579218679,0.6420275760123294,9.253999999999904,5.0,0.2570976312384461,-0.9202908621251508,0.2184136834095494,-0.2704594330463969,0.3199997712116997,-1.8139522871512863,0.5310173616725219,-0.37081873756323436,-0.6211736014621767,0.441199934633803,9.253999999999904,6.0,0.4085647868424688,-0.8660676580248587,-0.2034788113679269,-1.0673727438462195,-0.7761102219409043,4.145216279608245,0.479578025153083,-0.8620884089151895,0.1617982193854344,0.025096398308294632,9.253999999999904,7.0,0.3419322622515068,-0.9097713467396052,0.1153578115394507,-0.3403734748528883,-0.0443608806361002,1.8798068058537991,-0.6678487945111383,0.6977575315695543,0.24476351756256032,-0.08487187566198898,9.25500000000011,8.0,0.4125835720276075,-0.8810185680965439,-0.1145385470575546,0.854119992314734,0.0162412070256806,0.677877529478484,0.5404738999074854,-0.5652242173788264,-0.6190505364910256,0.07201375477962395
139,9.306999999999787,0.0,-0.2505759648385449,-0.9422134452308114,-0.0982929777324744,0.2584392385654025,0.1916491445760282,0.34317275009567,0.37223614367095925,-0.5639805470314335,-0.5157993420981839,0.5266091858353581,9.306999999999787,1.0,-0.1600210027236777,-0.9087518084997622,-0.3298142344346587,-0.9116051350890836,-0.1709150110502227,-0.2884770796903776,0.008652744553417769,-0.29503106834938564,-0.8996739839514694,0.3216652317568758,9.306999999999787,2.0,-0.4659414463156547,-0.4750314719657545,0.7195030710478757,-0.7238297115190584,0.2969279019225924,-0.283986511423931,0.855925999328029,-0.44639963665043825,0.10081394420288498,0.2407376097059393,9.307999999999993,3.0,-0.1311555429909344,-0.8480898817595014,-0.4733791038902207,-1.0053180576498792,-0.3725384326107379,-0.2684640935051204,-0.01150439385845467,-0.507389783680919,-0.7760453250878303,0.3744020696357109,9.307999999999993,4.0,0.4593529011430083,-0.2424441996139936,0.8293887642625931,-0.543683326079156,0.0958999397298299,0.910583072904144,0.649203822534521,0.08360736473540481,-0.3595402800164948,0.6650375872191193,9.284000000000106,5.0,0.2670350802955066,-0.9051538092468316,0.2605932606525388,-0.3247240940517807,0.2574716803621432,-0.4209782135564625,0.5497715693039135,-0.3680792072016671,-0.6188234554466437,0.42346953821966965,9.284999999999854,6.0,0.3398588096394075,-0.88863696008794,-0.2293847045383585,-0.6268902347875571,0.0696647991033401,-1.0647810462761482,0.46354823707237547,-0.8800565165277526,0.10067255782479666,-0.022104201526925014,9.284999999999854,7.0,0.3310317390733323,-0.9147315254150848,0.1109334220957646,-0.6396109413109373,-0.1902801772401901,-0.458153305263882,-0.6529686256180713,0.7040175525281954,0.2717819257067133,-0.06423273736816085,9.284999999999854,8.0,0.4223375847606755,-0.8749581794474427,-0.1216188666142549,-0.1530016446985266,-0.2905017174016939,-0.2141366855625949,0.5380276655648192,-0.5615034872864443,-0.6233941303024301,0.08136229566887758
140,9.364000000000033,0.0,-0.2567732159234074,-0.9422337841053904,-0.0743640482678838,0.5047234779869324,-0.0166092919425892,0.3356141911672746,0.37757331122914556,-0.5614383755176406,-0.4900783249557509,0.549589465466849,9.364000000000033,1.0,-0.1247374881842439,-0.8971956114133679,-0.3751301026338443,-0.6602673547457363,-0.1362260882788128,-0.1598409617667013,0.002594350755552353,-0.2813173094995734,-0.9057736942362669,0.31690354297430035,9.364999999999782,2.0,-0.464490496427357,-0.5289911633961687,0.6812898999526086,-0.9352070763682636,0.0988641867522269,-0.3415928163783517,0.8408551252169839,-0.4801465659385778,0.09106789573039674,0.23265547915524964,9.364999999999782,3.0,-0.1940368227224989,-0.8146947121641563,-0.5061770810689871,-0.731168914220206,-0.8654120098325293,0.4530406034571092,-0.057920830277257085,-0.50078970739823,-0.7766853545317093,0.3776436235923247,9.364999999999782,4.0,0.4417316016857865,-0.3154033673175773,0.8161053289599589,-1.10816061217219,0.1103183265988279,0.1077401865647108,0.654002876109286,0.03871981739666249,-0.38553610054376863,0.6497252719104099,9.358999999999924,5.0,0.2365231004460312,-0.9214660316578094,0.2363666123973632,-0.402165589760378,0.0707639346497876,0.5628845817416933,0.5379160688124961,-0.3967747788570816,-0.6038287466886092,0.4342889849497536,9.360000000000127,6.0,0.3653153890096605,-0.8785538956536216,-0.2348887374578995,-0.1773767176779192,0.0750265018637879,0.3064787070322518,0.4679262708490491,-0.8766717055390749,0.10542659438132249,-0.037107397559892855,9.360000000000127,7.0,0.2971397908954719,-0.9295411063510228,0.0926027875947137,-0.2689738877411756,-0.1308473753606382,0.2684634803143471,-0.649676045317107,0.708428696266086,0.2658422678342621,-0.07333285130549892,9.360000000000127,8.0,0.4281478284001221,-0.8715441994107685,-0.129900521591339,-0.047420860856071,0.1349358730045146,-0.6576177376535385,0.5535091225933881,-0.5423376790936775,-0.6282298208415924,0.06946067410068406
141,9.43899999999985,0.0,-0.2768653842953939,-0.9386971519888896,-0.0479292794324224,0.4993492481773242,0.1219863274154167,0.043470528536171,0.3936473950739979,-0.555270124457921,-0.47057941276059106,0.5614907243417633,9.43899999999985,1.0,-0.1088850968677429,-0.8842045748281876,-0.4068308070107352,-0.3759930478568561,-0.5561773358290786,0.066136335456366,-0.02143943070088871,-0.27121998014236337,-0.904072762749603,0.32959446724284963,9.43899999999985,2.0,-0.4727134404400021,-0.5675214731294826,0.644238605459436,-0.7404457097446466,0.5271386606633256,0.0130669269380005,0.8232258856176926,-0.5076107680989167,0.11079373871082071,0.22881258012065658,9.440000000000056,3.0,-0.2387938853277758,-0.7793975795992434,-0.5417849141909601,-0.8269624583846724,-0.5777009065722436,0.0621984996296274,-0.08753477881601938,-0.48230556884745585,-0.7898641544196601,0.3685561264166936,9.440000000000056,4.0,0.4387123240988672,-0.3721900385755116,0.7939206962089661,-0.7569000088739007,-0.1278911095324968,0.7979309622678542,0.6294532849206581,0.0022052759561583925,-0.4068942034389271,0.6619824816929455,9.434999999999944,5.0,0.2430144975223697,-0.917957523899192,0.2379641534156233,0.2417777835093869,0.0745931864175669,-0.2314946429296711,0.5569505265474424,-0.3804792057426391,-0.591737875182977,0.4414611784176642,9.434999999999944,6.0,0.3542706646262922,-0.881070697573611,-0.2357132199567852,0.0759748485456931,-0.0989194474690459,-0.0060058385155861,0.48332673895085,-0.8689618660945707,0.092804752064122,-0.051844157654405,9.434999999999944,7.0,0.2804611325298894,-0.9340333454482798,0.0980472474409483,0.3711617468850873,-0.0111919202370967,0.2880887718214245,-0.6708693726016942,0.6914738602212568,0.25333737108166987,-0.08728322833827405,9.434999999999944,8.0,0.427864665493909,-0.8727848263302022,-0.1245731710664231,-0.2278171926592959,-0.1519240130911434,0.1236907788171983,0.5506794025888067,-0.5533046871161961,-0.6195452575343162,0.08227874966491017
142,9.529999999999744,0.0,-0.2697408561786037,-0.9411382116427224,-0.0384803468535807,0.017074236227111,-0.4212702942485768,-0.0130400544976802,0.38432045974241447,-0.5427928167642065,-0.47751541996534835,0.5741539566944346,9.529999999999744,1.0,-0.1503815546887445,-0.8741439952571565,-0.4163612176527162,-0.3109255786820453,-1.060618048893383,-0.2286096317016316,-0.06334260064820531,-0.23896193536137914,-0.9034250181423608,0.3502972237770966,9.529999999999744,2.0,-0.5101686532738775,-0.5976266447116998,0.5849951613025138,-1.246880965197302,0.4055828463581026,0.7756626993863723,0.782410074895161,-0.5477165981946993,0.1396065959669137,0.26144024389352527,9.530999999999947,3.0,-0.2706033552411815,-0.7712132307193984,-0.5407013749710308,-0.2087633726728561,-0.9761970397277518,0.206909683043313,-0.12046352615189461,-0.46461856026064197,-0.7843560684307762,0.3929423497718153,9.530999999999947,4.0,0.4072884883606711,-0.4305112846268035,0.7811076245037292,-0.7095488564319136,0.3864779382709253,0.7140646178788367,0.6165807684018023,-0.04735302409968787,-0.4084456946750704,0.6713851068105822,9.49499999999989,5.0,0.2323691556609436,-0.9186650023458132,0.2477199809510472,0.0782586498553958,-0.0703594732220563,0.5092968073436391,0.5499826442812167,-0.3895174135218872,-0.5731171373457269,0.46618882701465403,9.49499999999989,6.0,0.3520628187778588,-0.8815887743613329,-0.2385162563731699,-0.1245132927703907,-0.084665184042571,0.1522652725102545,0.48865811381873936,-0.8658593905062214,0.08837037960327981,-0.06075721916018752,9.49499999999989,7.0,0.2831118199793084,-0.9340112100999732,0.0914918400491955,-0.1501821842297969,-0.0318341336269976,0.0548485926204592,-0.6718413492068768,0.6906038764344421,0.25339351169021296,-0.08652869803080876,9.49499999999989,8.0,0.4155108488197014,-0.8769561409350555,-0.1297677209071129,-0.183786574432135,-0.1374384036600348,0.3723323331851461,0.5481617859023838,-0.5698767463858081,-0.6035935156628197,0.10214704232052813
143,9.578999999999724,0.0,-0.2890222759450022,-0.93508064084689,-0.0262929481218818,-0.011288886971961,-0.0860665483510879,0.4266301317141132,0.36888111997144296,-0.551188618570487,-0.4661951758346885,0.5854740678419806,9.579999999999927,1.0,-0.1828311101270985,-0.8669241928256011,-0.4183362631464943,-0.3225207763895806,-0.6506856862854641,0.2768826291644606,-0.0951208122044185,-0.23404351568094356,-0.8975941793060781,0.3612483261263973,9.579999999999927,2.0,-0.5470765781720729,-0.6211018367842295,0.5248892511366491,-0.9479404543880254,0.4296048687120419,0.2282493308032337,0.7544280719899407,-0.5784088207240725,0.1532907258920531,0.2697841241763794,9.579999999999927,3.0,-0.3060289517446096,-0.7606456832682388,-0.5364172118971291,-0.1468830822818152,-0.5184322056978791,0.1363706115468468,-0.13222726353799522,-0.4516178677627505,-0.7829066956960307,0.4069574401936933,9.579999999999927,4.0,0.3811337430052156,-0.476178788575772,0.767236489782221,-0.527904666266063,0.0394708244621196,0.6506480328591343,0.5973471075312319,-0.07563899159012981,-0.41497315714307387,0.682094168664422,9.56899999999996,5.0,0.1916335996181,-0.9255280380293496,0.2561765296020548,0.2124454381492666,0.2500947078235776,0.538394643131714,0.5531047536979856,-0.4021865712973976,-0.5423190000381756,0.4880688429948457,9.56899999999996,6.0,0.3567693036801421,-0.8799898639783071,-0.2421621424728213,-0.08429221833614,0.1631367575959111,-0.1164959565389167,0.49290189523016426,-0.8622029745123724,0.07861664428600773,-0.08644753126455938,9.570000000000164,7.0,0.2565898692591439,-0.9410356325402088,0.0837948523671032,-0.0605629959602328,0.0493859596065939,0.3998026276521805,-0.6748379686917402,0.6919794043531599,0.2375119889774482,-0.09667613487841227,9.570000000000164,8.0,0.3852901512178036,-0.8897628798274038,-0.1388615031454257,-0.063026484578048,-0.0809362061066006,0.545299378766942,0.5488547050130053,-0.5873735960038456,-0.580845668139885,0.1279417105784057
144,9.646999999999936,0.0,-0.3109503427315223,-0.9288460463096812,-0.0226474415778583,0.1418047121597238,-0.0645514253900921,0.2840982474592403,0.36281489038911335,-0.5531896059083258,-0.454466009954852,0.5964958181099372,9.646999999999936,1.0,-0.1920788629742205,-0.8586306623439068,-0.4310128722919936,-0.2271259425123415,-0.467397356867681,-0.2139227579327692,-0.10703404661903208,-0.20890606770025302,-0.8970242960481601,0.3744988385051081,9.646999999999936,2.0,-0.5580989565843856,-0.634324173095506,0.4950953424201468,-0.6293649533595891,-0.1589362700332267,0.3454314769732686,0.7383130747584932,-0.5864281713840378,0.15063311394011697,0.29716236038996774,9.646999999999936,3.0,-0.3144204837746523,-0.7556552971675834,-0.538053743826288,-0.065297858703865,0.2040528564487246,0.0026620096681619,-0.11114183386734862,-0.44817524269754333,-0.7881403156578188,0.4069659536526299,9.646999999999936,4.0,0.3741843882509575,-0.4942411874588993,0.7576210742900924,0.028453956745262,-0.2170914805654118,-0.1089112271583628,0.6003707130727999,-0.06050581163961945,-0.4130576807351798,0.6821124584905066,9.632000000000062,5.0,0.1598860138330011,-0.9281136816502756,0.2694205940795237,-0.0561544147270228,0.0978608669590885,0.3250570440289727,0.5506296752253261,-0.41190233445680274,-0.527842442287012,0.49852360400563855,9.632000000000062,6.0,0.3729555622779362,-0.8727864508969392,-0.2384050328677509,-0.0200181477315483,0.2443270180650733,-0.3138202448885519,0.4976955259671457,-0.8567725793917598,0.06321022998948742,-0.11934981130841056,9.632000000000062,7.0,0.2410248630746428,-0.9450023801536456,0.0820641022847011,-0.103284880777444,-0.0576298184833306,-0.0511433435719162,-0.6767036250380739,0.6889321092048037,0.24197689903908337,-0.09429704713499369,9.632000000000062,8.0,0.3560584064835903,-0.9009424149230034,-0.1381382501882559,0.1541498436789618,-0.0680611589595584,0.3557687338440339,0.5563472604778725,-0.5916049736649676,-0.5630893436097848,0.15300873179900887
145,9.710999999999784,0.0,-0.3099951273451436,-0.9288420881885526,-0.0229433265198585,-0.0156647188228343,0.0878677535409867,-0.0275704162014988,0.365674444635468,-0.5551031113292997,-0.4544459811153566,0.5929768853683708,9.710999999999784,1.0,-0.2013337195427621,-0.8551625688919486,-0.4343773867746797,-0.0991016262767188,-0.0809814284809858,0.056846602022612,-0.10552557782903108,-0.20350208218499397,-0.8935082551947002,0.38612724958120187,9.712999999999738,2.0,-0.5709757347657293,-0.6329105091112035,0.4827183420643272,0.1856071520250579,0.3457145466800662,-0.0294103503583326,0.7473649671546443,-0.5744237234849451,0.1662695133552785,0.28954695767047445,9.712999999999738,3.0,-0.3128906810052946,-0.7525994543211108,-0.5439122016425164,0.0518507091007786,0.1723123146746829,0.0805100775409549,-0.09187387278513447,-0.44845145885940324,-0.7881164334766738,0.41148872138898474,9.712999999999738,4.0,0.3866937619922294,-0.4859809928370236,0.7570874513802469,0.1951252994812636,-0.110367225113565,-0.0621753817140826,0.6041833746418094,-0.045650002143217176,-0.4023596103837766,0.6862836666004626,9.69,5.0,0.1472053133680167,-0.9364315964586356,0.2584655893347409,-0.7666154583916984,-0.44715833208743,0.7309545426827604,0.5089084178432187,-0.4370080062521348,-0.5377544984894952,0.51074095593966,9.69,6.0,0.4215001336396799,-0.8554425967309361,-0.2284745085123609,-0.1876118716624022,0.0168459369404732,1.7712894174182932,0.505852754866848,-0.8478103363697302,0.13215714202232465,-0.08868547654918676,9.691,7.0,0.255975896910796,-0.943515782865908,0.0736227389034518,-0.711754553799928,-0.1328506705122121,-0.0005722454280636,-0.6560136106552108,0.7065092692994357,0.25031448092843606,-0.08850681141369013,9.691,8.0,0.340347184196497,-0.905638437579534,-0.1378144208274892,0.6788067525095632,0.2628564149861421,0.0688569404972696,0.5895336404839088,-0.573736390181428,-0.541554301375691,0.17319232079067612
146,9.769999999999982,0.0,-0.3092029901206578,-0.9297894402956158,-0.0203987160186566,-0.0062354928607087,0.0378394080650167,0.0057402381156487,0.36669123066064013,-0.5559944931618898,-0.4538906213315115,0.591938315027447,9.769999999999982,1.0,-0.2038171591190314,-0.8512521911273099,-0.4410513266611964,-0.1643094130868935,0.1342430782444111,-0.0638967857356285,-0.09309559110083798,-0.19675564149718267,-0.8939359826326447,0.3917893406043939,9.769999999999982,2.0,-0.5689669063400635,-0.6342169058411444,0.483226216005612,0.1010476383197811,0.1040165309324386,-0.1537706117057879,0.7571622046822519,-0.5638036486688996,0.16738974769365436,0.2842736602561029,9.769999999999982,3.0,-0.3124740937898566,-0.7515939009593369,-0.5448151509924576,-0.0234210793063832,-0.1375877592798138,0.0955634581883611,-0.08820108476287343,-0.44330269924068916,-0.7872642874903991,0.41942606873536836,9.77099999999973,4.0,0.3860568956931076,-0.4850525457050837,0.7584036532037661,-0.0741686470750146,0.0595204297747138,-0.0016263859096446,0.6078721278646267,-0.04730165547045557,-0.39653730002606424,0.6863032851758211,9.748999999999796,5.0,0.1621148772361219,-0.9320042844282834,0.2570151364920751,-0.0538133869149036,-0.0538106230905586,0.0536635416554028,0.512064951522315,-0.43141278965267654,-0.534619544287995,0.5156107380687888,9.748999999999796,6.0,0.3872763931759277,-0.8695720761486422,-0.2338683383256153,0.1413789403100159,0.1377739507589248,-0.1764241555323705,0.5160758776686395,-0.8403102348462901,0.1173919246571173,-0.11731808780581894,9.75,7.0,0.2484137158364693,-0.9441509812485236,0.0789528365023536,0.0001739103195475,0.1104870437929229,-0.0461490720440259,-0.6654032483137025,0.6994279423402622,0.2475490537369125,-0.08221031931089508,9.75,8.0,0.3509203921832138,-0.902857799023836,-0.1403590862460061,-0.0323696600558494,0.0095922265020888,0.098208606304203,0.590762645568868,-0.5772155597285713,-0.5343193870146967,0.179790118938563
147,9.858999999999924,0.0,-0.3088069215084149,-0.9302631163491472,-0.0191264107680557,0.0938989058233776,0.0938238583337699,-0.0011592663295447,0.37201255340754924,-0.5564725897054718,-0.44946824086170534,0.591543081668922,9.858999999999924,1.0,-0.1963455292259645,-0.8485070133320184,-0.4489657909900861,-0.1992204837570396,-0.0584485816464563,-0.2158225826680426,-0.08734110978993945,-0.18010800066574095,-0.8955031770633542,0.397500564158455,9.858999999999924,2.0,-0.5629637236282502,-0.6419473387085659,0.4809453817260389,-0.207683685956323,-0.0961525844188622,-0.1080196915520603,0.7584432677725229,-0.5627410133858449,0.15787939960275535,0.288375547862649,9.858999999999924,3.0,-0.319036679060372,-0.7465115622734787,-0.5488279191205011,-0.1274505849941737,-0.0480134239760516,0.0384975496795733,-0.08293373218732118,-0.4377642332430303,-0.790344566330648,0.42052341032366247,9.858999999999924,4.0,0.3877450493065241,-0.4890275648625287,0.7551866110723271,-0.0777171360419054,-0.095442483499054,-0.0135084589891511,0.60861311986616,-0.043543608744492035,-0.3963681135584917,0.6859929613475407,9.778999999999996,5.0,0.1499014094408375,-0.9348684958191406,0.2509630709337684,-0.0134152060034754,-0.0715447954114054,0.2136035867450098,0.5105309367575769,-0.42948406821502866,-0.527708400368316,0.5257617729957293,9.778999999999996,6.0,0.3717962775228532,-0.8773178347035568,-0.2284489985340538,0.0085835610058512,-0.2141093438284562,0.4437656252289856,0.5256071849042323,-0.834588769181591,0.12173703807244617,-0.11125990784803269,9.779999999999744,7.0,0.2381805422079567,-0.9461143722538068,0.0801475135503834,0.0688050673022629,0.0180088069655097,0.0670199017936249,-0.6745923792353181,0.6918497462532619,0.2431992322391895,-0.08439895689638983,9.779999999999744,8.0,0.3548711695167104,-0.9013567686941096,-0.1399872443301731,-0.0800657609605649,0.039666979695229,-0.089535542613302,0.593037188324898,-0.5769670871241828,-0.5327350645956459,0.1777898326378876
148,9.913000000000013,0.0,-0.3112718568514314,-0.9285130543044388,-0.0169215578037023,0.0546971086456779,0.071416047393602,-0.0436644518899152,0.37674853825859805,-0.5562695138078718,-0.4477685978297386,0.5900237704750152,9.91399999999976,1.0,-0.1992259771189593,-0.8434284514143802,-0.4575045982126703,-0.1738723559753971,-0.1214834071917286,-0.1314571885052763,-0.08686652784254306,-0.16691093874823823,-0.8954850570393541,0.4033626872753444,9.91399999999976,2.0,-0.563194847978058,-0.6473855454713149,0.4737779213152299,-0.1441974155282929,-0.1319775685900879,-0.02480870179589,0.7600014541660405,-0.5586062899490196,0.15077147473513106,0.2960148052059041,9.91399999999976,3.0,-0.3242208141540043,-0.7411780605037943,-0.5530325002177976,-0.1224014527751404,-0.0070264582666568,0.0201722601658344,-0.07647372506722937,-0.4328516180157211,-0.7936520167642324,0.4206039971773694,9.91399999999976,4.0,0.3961375320794242,-0.4900110192535368,0.749304515326134,-0.0128337754871323,-0.0748135828148376,-0.259883041283856,0.6182644911950933,-0.033696615709708146,-0.39419663710060165,0.6791336895748591,9.853999999999814,5.0,0.1467219326056989,-0.9321048936340204,0.2653245969674884,0.174524324263966,-0.0428222958960095,0.0785239375848422,0.5173881962681265,-0.4193625224208752,-0.5184051090994335,0.5363773597112579,9.855000000000018,6.0,0.3421113639949785,-0.8870463266960374,-0.2389448240087293,-0.1468087627612379,-0.087526165027699,0.1321865057409062,0.5252215298581806,-0.8347115819693378,0.11737973938827524,-0.11670868125730188,9.855000000000018,7.0,0.246293165876934,-0.944168689527169,0.0841971624157559,-0.0075945901708119,-0.055518673395669,-0.0879235229349287,-0.6800639645871644,0.6851245155145557,0.24761854097653568,-0.08247702998765775,9.855000000000018,8.0,0.3677199561504185,-0.897910142975874,-0.1398156249844039,0.0141606497056951,0.0280375377765048,-0.0937222191800558,0.5977517332273609,-0.5735533582455021,-0.5310629106948563,0.1780494188513391
149,9.965999999999894,0.0,-0.3084667738732937,-0.9299743802792492,-0.0112650539469807,0.0197872438412761,-0.0030297906725511,-0.0688808985660298,0.3795606155274113,-0.5539362259881335,-0.44909045762936894,0.5894117046214133,9.965999999999894,1.0,-0.1962375180504683,-0.8434954010611572,-0.459255206718519,0.026860650454783,0.0135902467839864,0.0353641602269037,-0.08230477519349891,-0.16498322523848152,-0.8907052797528655,0.4155124113556967,9.965999999999894,2.0,-0.561886180599436,-0.6456814376538194,0.4749541042255295,0.1216446892128724,-0.008784538148613,0.0199828653243358,0.7669861586889267,-0.5461491862507892,0.15368842949040218,0.29972181331691417,9.965999999999894,3.0,-0.3205211537059188,-0.7384270515916682,-0.5593368211593642,-0.0363785238238216,0.1553051895264371,0.0620359192010347,-0.06317448573735679,-0.43368095211665686,-0.7946819796410424,0.42001234191009745,9.967000000000098,4.0,0.4074131462170772,-0.4824322260864694,0.7486545769063033,0.083303505952117,-0.139045297826522,-0.1530722435357919,0.6228391290947964,-0.021481850063687,-0.390793696741767,0.6774143753812585,9.929999999999836,5.0,0.151614196505694,-0.9321512863523026,0.2630743521700286,-0.0987199900762213,-0.0515672067630129,-0.2283010084634506,0.5255407052255486,-0.4087839735643027,-0.52407772253744,0.5310792510049537,9.929999999999836,6.0,0.352917105895887,-0.8818865324403984,-0.2405611362342675,0.0091039946162206,0.047172975281419,-0.1975809207162977,0.528243967179043,-0.8316974500298289,0.10207947087970881,-0.1371766903586219,9.929999999999836,7.0,0.2530420825900739,-0.9419358511875244,0.0854081769276903,0.0329906867528191,-0.0504219997030835,-0.0931943827232845,-0.6864656357686116,0.6773820651177251,0.2517815092702412,-0.08077462692727845,9.929999999999836,8.0,0.3666316144703071,-0.8981617763673055,-0.1406829156067728,0.0734510360851417,-0.1314083815402471,0.1898565645534347,0.5968088623515396,-0.5748247092021215,-0.5255521374759908,0.19284886907569612
150,10.045999999999822,0.0,-0.3031641528597017,-0.9313313618988582,-0.0110630359520979,0.047729484868614,0.0309847042474845,-0.0666991272803798,0.3837401781994911,-0.5522222321709581,-0.4488819486201569,0.5884718159219846,10.045999999999822,1.0,-0.1910612380465177,-0.8432058171662135,-0.4607120068038058,0.0510658066320355,0.2782560460665903,0.0727442356977405,-0.0666654590418161,-0.1704047594796418,-0.8864674264564271,0.42508050572703093,10.047000000000024,2.0,-0.5560134324655472,-0.6435219666283363,0.4848458944702731,0.3007718356290298,0.0537496881634228,-0.1991418213913383,0.7811970203763391,-0.5298628202176042,0.1554545265452098,0.2912224189220007,10.047000000000024,3.0,-0.3220282924133709,-0.7359127176739995,-0.5616620432706816,-0.0564300488776272,0.0542198019281719,0.1431696075425718,-0.057123134230536846,-0.4360421664748262,-0.7935915254755093,0.42049573991311034,10.047000000000024,4.0,0.4171818878882958,-0.476468009823668,0.7476546716450251,-0.0355662746638703,-0.0522646002040032,-0.1418529765830452,0.6282214197843851,-0.01686834553750333,-0.38913179218611793,0.673520419106161,10.010999999999967,5.0,0.1542554308180986,-0.9308219255257076,0.2625677151207594,0.0082543515967319,0.011806860559664,0.0474861034568427,0.5294200298428636,-0.40523199959348594,-0.5190609253979737,0.534861864626415,10.010999999999967,6.0,0.3597280009804325,-0.878941576059951,-0.2425458125465602,-0.0446126149988945,0.0430848784950085,-0.1012153779879037,0.5289830874632375,-0.8296374052751139,0.09217119102922372,-0.1529154684474127,10.010999999999967,7.0,0.2548159759246089,-0.9414857418638668,0.0846015146473967,0.1139444187233167,-0.0143984755497809,-0.0495561689277758,-0.6951401518829022,0.6681474399092283,0.2527045584268639,-0.08061993508583033,10.010999999999967,8.0,0.3567511670166278,-0.9013416630502716,-0.1411977736440801,-0.0480246328307769,-0.0221155541625707,0.0053035040096524,0.5967793134063878,-0.5756359981224171,-0.5238665204173987,0.1950936122521087
151,10.128999999999904,0.0,-0.3014168002488371,-0.9322747558847928,-0.0088143103928961,0.0806927991222638,0.0574161585729341,-0.0295333336747048,0.38813776394247496,-0.5516332016635825,-0.4460648612812223,0.5882822677544216,10.128999999999904,1.0,-0.1816045665698231,-0.8463015601359212,-0.4593021344523588,0.0742460186320483,0.2542473794328118,0.0260968614620012,-0.051365663894333904,-0.17376179410837472,-0.8819276805602363,0.43516890254540797,10.128999999999904,2.0,-0.5508871047523072,-0.636270344020141,0.500943556838604,0.41639583116071,-0.1220379615379946,-0.1093073898048735,0.7976289271069522,-0.5059936528201415,0.15459939854344823,0.28958167054899464,10.128999999999904,3.0,-0.3214412497383325,-0.7351055575720006,-0.5615998060838494,0.101645137155969,0.2311202594472042,-0.0133006104846047,-0.03768386996963,-0.4364045971638353,-0.7928433498650647,0.4237102501629211,10.128999999999904,4.0,0.4246655826416008,-0.4681386229901697,0.7484392911816811,0.1941372164627064,-0.0986240335368956,-0.1504991952484321,0.633136121588721,-0.0033814350277987285,-0.3812164046409093,0.6736477345537529,10.068,5.0,-0.5595457509561309,-1.0393643177516432,0.5100660423627513,-0.9718564422722252,17.895078332249614,48.322643505572685,-0.060912651650611105,-0.40331946150664905,0.8290349928383033,-0.38252325614068533,10.068,6.0,-0.7313492920849851,-1.3718229840731018,-0.3855047513787106,1.1488485429817006,-0.0811462362268145,-6.636591541013663,0.5144961414399045,-0.7922512170125244,-0.16977492079437023,-0.28072799264570847,10.068,7.0,0.188429894800529,-0.9381205292185776,-0.0223169756937928,-18.80577593629857,9.499277635293996,2.7284660227934165,-0.17068149654002027,0.881170912783465,0.11590751422123102,0.4254069784926773,10.069,8.0,0.3196001594935359,-0.9100054275138566,-0.5129150611427096,6.116931425434517,-6.539258074520613,14.040747302108084,0.3837207636789258,-0.6319826271062458,-0.076592565925105,0.6689468688936052
152,10.213999999999942,0.0,-0.2970414341330631,-0.9340169016872448,-0.01161093324125,-0.0616620689425463,-0.0360313189739842,-0.1665151635988681,0.3904160882331878,-0.548212648683458,-0.45325219954530077,0.5844660926687791,10.213999999999942,1.0,-0.1815107628371663,-0.8509408219245316,-0.450967360855165,0.2203015944503845,0.4359260349706307,0.4104504570710426,-0.03609951165126128,-0.19896192590074807,-0.8707297023263845,0.4482641662981903,10.215000000000146,2.0,-0.5472073585067607,-0.6209160652817973,0.5239154002995374,0.6535945494403306,0.2252695455739736,-0.4211607971993469,0.8202679715846751,-0.4800907091772787,0.16428999664110758,0.2639737918007863,10.215000000000146,3.0,-0.3041659221665722,-0.7426784365302141,-0.5620630139989604,0.1621150533659643,0.2799569660512594,-0.0953141563263351,-0.013865434843141842,-0.4348528594237503,-0.7922161822089194,0.4279068368394256,10.215000000000146,4.0,0.4344355154551614,-0.4528568371853438,0.7530235507111946,0.265399883857466,-0.1172596008254246,-0.130983988956289,0.636683014234275,0.012127164454221788,-0.37188435463354014,0.6754181653217904,10.125999999999747,5.0,0.1584315417876562,-0.9311081056045734,0.2618761964063334,-0.001407228792268,-0.0098689918602618,-0.1076419185495767,-0.049598788987984324,-0.39335256314853745,0.8161139374905387,-0.42044234114690504,10.125999999999747,6.0,0.3543866976494837,-0.8798390562628796,-0.2470916906808864,-0.0216896211280829,0.0600998952282909,-0.0967623344792088,0.5204998280074956,-0.7916533611534338,-0.1625378819820934,-0.27558360208730387,10.125999999999747,7.0,0.2567733501240275,-0.9405988044255348,0.0869214345218613,0.0082467759185048,0.0046447558006445,-0.000909604691634,-0.21276299233561619,0.8745660032137662,0.0951468103408433,0.42522147123241183,10.126999999999953,8.0,0.3607019443501245,-0.8998406327205449,-0.1408259317282471,0.0191088301789033,0.0362350658411948,-0.0155758560407196,0.40824169535413535,-0.6356470868208574,-0.11328274709394029,0.6453359732739138
153,10.233999999999924,0.0,-0.2901685299818347,-0.9356547031344952,-0.0198620419514424,-0.2127625688758992,0.0701948033805458,-0.118477018879468,0.3891738682007147,-0.5521439829333993,-0.46128238435123586,0.5752384586476927,10.233999999999924,1.0,-0.1854088356578639,-0.8612871051845863,-0.4298070335659369,0.7377159906261579,0.1341256816068501,0.6697913118288362,-0.03486530665560812,-0.22965749378403583,-0.8432555736021055,0.4847286700099655,10.233999999999924,2.0,-0.5466447657920248,-0.6044156734911172,0.5444439306948529,0.4385791385568076,-0.1015329000609607,0.3618967145080979,0.8280254716018288,-0.45291333187728655,0.17592958277716464,0.2798072802666805,10.233999999999924,3.0,-0.2725156624074666,-0.757399332774823,-0.5572095337078078,0.1756927337814778,0.6004107249151708,-0.6636566928977147,0.03485224221862105,-0.4177173629344754,-0.8022777323031404,0.42502701815994376,10.233999999999924,4.0,0.4495746826668535,-0.4347518834445543,0.7528960117748069,0.4616826774552124,-0.3911003080435484,-0.1675882675612695,0.6358364627993283,0.04342886605845364,-0.36515004252587424,0.6785951463214775,10.211999999999987,5.0,0.1531473848293862,-0.9300875503048684,0.2685870944178228,-0.0119717296600659,-0.0057201393286954,-0.0663970760633665,-0.03812869751291029,-0.3812302959108029,0.8034183888124817,-0.4557724831795867,10.211999999999987,6.0,0.3504631753491746,-0.8818948094315212,-0.2464753696049867,0.0067598212104165,-0.0164290830426347,0.0131539671073509,0.5279077803769708,-0.7922287951761385,-0.1537358228868684,-0.2646737770775967,10.211999999999987,7.0,0.2553562659668761,-0.9408282861570249,0.0886358471403586,-0.0229353334046844,0.0017767223956402,-0.0117972378080129,-0.25119392073026736,0.8667362291661458,0.07487315032770049,0.42433940966991535,10.212999999999738,8.0,0.3659458621771447,-0.8989079065227378,-0.1384528856554993,0.0167320296121336,0.0621560243038903,-0.0541233406571012,0.4326340293380518,-0.6381686478630757,-0.1493612689326156,0.6190797887883067
154,10.308999999999742,0.0,-0.2753183973083321,-0.939207716004446,-0.0226637662643136,-0.0354653290971342,-0.0727002319307237,-0.3142518153314572,0.39565000394712574,-0.5432963729345205,-0.4718755094745048,0.5706344093121359,10.308999999999742,1.0,-0.193573092508466,-0.8585971875205182,-0.4301375680390693,-0.3524363525391515,0.2514902920837053,-0.0854515170198579,-0.02201422757078379,-0.22863112182480452,-0.8514113924339177,0.47153136136563645,10.308999999999742,2.0,-0.5424031183452683,-0.5919692677430378,0.561651353828245,-0.0261746278623091,-0.1996452683456614,0.023677061156818,0.8297897131573143,-0.44815199732185534,0.16843958538279755,0.28676981241198546,10.308999999999742,3.0,-0.2500674450473744,-0.7635707728781824,-0.5603703665734776,-0.0801223290983617,0.366721360175019,0.0126771777567811,0.05093598997585448,-0.42415977625610646,-0.8020522487365799,0.4173801617568146,10.308999999999742,4.0,0.4720257669267683,-0.4097637229440596,0.7552498703847753,0.0380031181657796,-0.2255215023379276,-0.2268369381809679,0.6399950931297735,0.05565529152523416,-0.3676508004534345,0.6724147962537727,10.228999999999814,5.0,0.1531473848293862,-0.9300875503048684,0.2685870944178228,0.0220058280966116,-0.0235068281212062,0.0812913143750141,-0.022529678914012065,-0.363516355979481,0.7921548243157401,-0.4897336080122842,10.230000000000018,6.0,0.3475044780488842,-0.8829430973498772,-0.2460916995312479,0.0099362531402339,-0.0235718384261359,-0.0323609674403267,0.5340445775510891,-0.7922573388974758,-0.1477531540817261,-0.25552632664809755,10.230000000000018,7.0,0.2566000218115274,-0.9403826039030282,0.0891402663384156,-0.0115826260973977,0.0094063464315647,-0.0444549689486746,-0.28717385039295984,0.8572572119358006,0.057004143518064015,0.42354666786118317,10.230000000000018,8.0,0.3659458621771447,-0.8989079065227378,-0.1384528856554993,0.01981122070964,-0.0075289560565742,0.0236088478095252,0.4524435741677065,-0.6373811255156855,-0.18248632726912783,0.5964384741031837
155,10.376999999999953,0.0,-0.2781560829789074,-0.9396007964295456,-0.0250706372235498,0.0392535387647436,0.0618258072484665,0.0467387335970211,0.3959125819100045,-0.5459964731986626,-0.4670145894388087,0.5718727585672156,10.376999999999953,1.0,-0.1803334631079898,-0.861183696530768,-0.4302865125856042,-0.2211881423484097,0.1644632748688696,-0.3340301406343653,-0.0058837952415748285,-0.2152631693938239,-0.8579859671127839,0.46635526060464044,10.378000000000156,2.0,-0.5312739536769783,-0.6021522103927361,0.5623217065555748,-0.1157172164300359,-0.1750598446164903,-0.1970738350698189,0.8321163786092023,-0.4500966376442131,0.15548326686671926,0.2842891186031101,10.378000000000156,3.0,-0.2471591921011335,-0.7602637669478836,-0.566420637358959,0.0063285482195381,-0.1264738060404531,0.0045307051968055,0.04823596623886592,-0.4200849781737427,-0.8009305473237552,0.42392471152014627,10.378000000000156,4.0,0.4757163511533833,-0.4100013119861551,0.7518848830871268,-0.0283383784834479,0.0413370577853809,0.0779306501877391,0.6386274057509292,0.04994966798114355,-0.3646477166542549,0.675789989590886,10.32400000000007,5.0,0.1557886191417907,-0.9287581894782736,0.2680804573685535,0.0255447519246648,-0.106364024746632,-0.1376482483222366,-0.009869489449049912,-0.3572842762406724,0.776211948013186,-0.5193703407885061,10.32400000000007,6.0,0.3455106057486123,-0.8829839200179478,-0.2459406804596698,-0.0211694281478741,-0.0599414574396613,0.0787487369838496,0.5394651234814943,-0.7942353470629494,-0.1385459402051694,-0.24284278139479062,10.324999999999818,7.0,0.2642923065494237,-0.9398272147502358,0.0914897978662074,0.0867829113739729,-0.0199054517200523,-0.0258128845504813,-0.3251898719832201,0.8459272469667004,0.04188571929717957,0.420599841319316,10.324999999999818,8.0,0.3684192313976731,-0.8979164786008506,-0.1337731938521168,-0.0104064951672917,0.0014430679498891,-0.0614158815366414,0.4722506406373096,-0.6353566138002659,-0.21713752219412408,0.571097716834262
156,10.462999999999738,0.0,-0.2795353274660899,-0.9387498724354276,-0.0227525317469136,-0.001825593395386,-0.020067677745328,-0.0462730682434483,0.3959678815107928,-0.5448527281237397,-0.4676799491592538,0.5723813471998984,10.462999999999738,1.0,-0.1751505616044588,-0.858981227518323,-0.4375174642694365,0.0331009478237811,0.0200359634641841,-0.1745630900151873,0.0015921979466492354,-0.20626524156045367,-0.8562471221605613,0.47359579899051374,10.462999999999738,2.0,-0.5247855654571282,-0.6048991194475329,0.5650337738396192,0.0317844342776307,-0.0457220864175642,-0.0443537140439576,0.8343140661936727,-0.44630579862173797,0.15429121721338718,0.2844738887117835,10.462999999999738,3.0,-0.2506127207933814,-0.7618108292384612,-0.5619844523041069,-0.0009860641433611,-0.0090860818833844,-0.0299026899134681,0.050790142156091914,-0.4171197746592516,-0.8005582925635495,0.4272445145999109,10.462999999999738,4.0,0.4708826478966404,-0.4132399224297234,0.7533500503883468,-0.0300093672251313,0.0142599070952591,-0.0353203365915633,0.6405556469419842,0.04751219532070159,-0.3624995603012556,0.6752963225488052,10.364000000000033,5.0,0.1506618947402151,-0.9295990099922956,0.2707280445292507,-0.00550625332927,0.0423048224558737,0.0802307510480327,0.0016583499905318561,-0.33893139590469035,0.7647519621727227,-0.547975542427194,10.364999999999782,6.0,0.3384536259657877,-0.8854190766017961,-0.2470672011017116,-0.0101905482136933,-0.0081222406888616,-0.0211690536178618,0.5439317661914825,-0.7943193345451715,-0.1328271593484638,-0.2356946631448159,10.364999999999782,7.0,0.2651792532166913,-0.9396021600884068,0.0910864667260606,-0.067940797116351,0.0364414677275255,-0.0373329994557727,-0.35362692538376933,0.8354147495634994,0.02409367121659584,0.4200591492429181,10.364999999999782,8.0,0.3711827717642897,-0.8968298020422303,-0.1352503460782008,0.0302749398564321,0.024364816504073,-0.0426455495549232,0.4910696622635109,-0.6320013678932124,-0.24720088203746146,0.5461836519939157
157,10.514999999999873,0.0,-0.2783145189369237,-0.938316494196112,-0.022185248892596,0.0635310941817603,0.0137211742052897,0.017705255619249,0.3967393598224089,-0.5449000775709938,-0.4640672805813766,0.5747376313802985,10.516000000000076,1.0,-0.167584645756896,-0.8579627595994076,-0.4406350980654003,-0.1031070959158828,0.1381147966173463,0.0067353861373873,0.007877365796680283,-0.2083614082202821,-0.8561049360741853,0.4728718738749233,10.516000000000076,2.0,-0.5197903638353392,-0.6071658577273776,0.5670111100094103,0.0235495959100581,0.0132538303091615,-0.1047606735224679,0.8366093671299489,-0.4444997493321497,0.15399290105151006,0.2806972142715744,10.516000000000076,3.0,-0.2512527757027517,-0.7584501524576417,-0.567397046994997,-0.0903667482380328,0.0493519052096038,0.1085609888378456,0.05043775133098672,-0.42146752641679086,-0.7992218271399325,0.4255180706384783,10.516000000000076,4.0,0.4764038850313716,-0.4111862614302626,0.7515338959341883,-0.0273143796514217,-0.0965524058245698,-0.0164492382415186,0.6398154319654152,0.04897762528755509,-0.36420937501424155,0.6749732856875423,10.43899999999985,5.0,0.1530686685510391,-0.9291568623980052,0.2706187498432189,-0.0151073567070256,-0.0294358597425781,-0.1212014052005905,0.009264415219874245,-0.3311937079973013,0.7500296615849522,-0.5724337561119138,10.440000000000056,6.0,0.3434454089322866,-0.8831838273925688,-0.246774346550746,-0.0041893215742068,0.0629025364372889,-0.1238291240126817,0.5473724336890161,-0.7926158868138355,-0.13006030758216966,-0.2350059386469034,10.440000000000056,7.0,0.2650059249041911,-0.9393859595659008,0.093305298542615,0.0204928734998043,-0.0221018684475088,-0.1022790239381624,-0.3819759922704929,0.8241779723610668,0.012913590031115894,0.41792134474836456,10.440000000000056,8.0,0.3731546563111004,-0.8955065977360167,-0.1346496783680089,-0.0194740494021795,0.020146576612969,-0.0490241604420787,0.5065069457308334,-0.6287065830386082,-0.2767056467327921,0.5211647833809645
158,10.596000000000004,0.0,-0.2796937634241062,-0.937465570201994,-0.0198671434159598,0.0797699591013491,0.03165138742933,0.0367471399742218,0.39782944709969154,-0.5456137693668965,-0.45928067615025997,0.577146953741039,10.596000000000004,1.0,-0.1642934643261753,-0.8574711835228086,-0.4453176697681076,-0.0731079041260261,-0.0463554476577302,-0.1603167191886929,0.010291438936960464,-0.19913039729711238,-0.8570372682771941,0.4751087159175949,10.596000000000004,2.0,-0.5182434383525261,-0.6096445355923448,0.5663305384905055,-0.0531154580580359,-0.0326246746289649,-0.0157578952535749,0.8361722157886626,-0.44477686977720343,0.15277938109280162,0.2822198121450218,10.596000000000004,3.0,-0.2539679091274865,-0.7563853748835738,-0.5685652696002881,-0.0054105143919546,-0.0543687694047884,0.0382420152709967,0.04926931825678359,-0.4205306757396055,-0.7977730984559754,0.42928378541526,10.596999999999753,4.0,0.4772631966144423,-0.4109250308005768,0.7494861307715499,-0.007688352351523,0.0316150116990905,0.0268874553092656,0.6399082614027325,0.04588040509660839,-0.3611576518438299,0.6767403903502098,10.529999999999744,5.0,0.1530686685510391,-0.9291568623980052,0.2706187498432189,0.0091781651133118,0.022180143359856,0.0523056141278153,0.019692739612301096,-0.3156830666905861,0.7379228273642457,-0.5961763986154993,10.529999999999744,6.0,0.3443710205663686,-0.8833225007650839,-0.2478345412491893,-0.0208821871820572,-0.0145905251605554,0.0370150782231104,0.5510834042742365,-0.7934798290585889,-0.12302770935474086,-0.2270705290027666,10.529999999999744,7.0,0.2658928715714586,-0.9391609049040716,0.0929019674024682,0.0147192000952274,-0.0132097541648678,0.0899066892767201,-0.4116430898896171,0.8128820839264066,-0.005499544844438411,0.41199810580158613,10.529999999999744,8.0,0.3717490975767162,-0.8943485482033633,-0.1459050471280327,-0.0299443964623781,-0.0586447284442363,0.0859848372293099,0.5149714690366932,-0.6251412459695246,-0.30195383768748507,0.5028187432581057
159,10.641000000000076,0.0,-0.2829834386840462,-0.9366225624501324,-0.016957268055323,0.0762632777748652,0.024090242471331,0.0365327380294028,0.3986491280241283,-0.5462115992993126,-0.45491001996985353,0.579472721745827,10.641000000000076,1.0,-0.1551324114902904,-0.8563000151861566,-0.4502879288826153,-0.05686589835821,0.0611934995541336,-0.1694041844969294,0.017541145743938513,-0.1922317873785554,-0.8577580981023329,0.4764349832528089,10.641000000000076,2.0,-0.5128633752378204,-0.6125517283247464,0.5671071666502169,-0.0321057117210081,-0.0562827382094213,-0.1318784929470524,0.838069729903379,-0.44476098341086373,0.1480421997748254,0.27912417047061583,10.641999999999824,3.0,-0.2611932133692778,-0.7535125361810378,-0.5698069524916761,-0.0706739562828365,-0.0762331681295342,0.0792692665590997,0.04468587265613734,-0.42108581585620447,-0.7970258895753032,0.43062703098664235,10.641999999999824,4.0,0.4736632529613184,-0.4134822397893369,0.7510676135827554,-0.0346193610782901,0.0022054359866274,0.027176119664848,0.6394546562940499,0.043014236972819066,-0.3601928931839014,0.6778706349011699,10.619000000000142,5.0,0.1543563132809157,-0.9292377641994404,0.2711979095346214,0.034066023644059,-0.0072029489281667,0.0040181605020734,0.029233226219313638,-0.3037565614695137,0.7245239909885205,-0.6180148512221162,10.619000000000142,6.0,0.3403119514497711,-0.8835632308077755,-0.2485171882686874,-0.0090767918875697,-0.0224524930754825,0.0751838444901068,0.5552211542525182,-0.7942060935908538,-0.11538895328163748,-0.21829232747447913,10.619000000000142,7.0,0.2650059249041911,-0.9393859595659008,0.093305298542615,0.0189180299877086,-0.0210782843629174,0.0432548752979176,-0.4378052011918623,0.8015758958296552,-0.020249555797597813,0.40668494504252156,10.619000000000142,8.0,0.3658912768351176,-0.8943597526161102,-0.1616112818970801,-0.0169221839775135,-0.0174932907519654,0.0490507261012409,0.5236599627959057,-0.6219250427000034,-0.32498465144437677,0.48308846079446616
160,10.699999999999818,0.0,-0.2842322077017732,-0.9366747346277332,-0.0142300251244038,0.0575389799069885,0.0237289179523443,0.0020337912057956,0.40001123255169224,-0.5463719497064756,-0.45223840903524193,0.5804731930069585,10.699999999999818,1.0,-0.1434808153567165,-0.8542137875844074,-0.4578963427734196,-0.1245118248310391,0.0590976792640562,-0.1276774809625973,0.022736955305153156,-0.18746016075472433,-0.8598492544348633,0.474342680602404,10.699999999999818,2.0,-0.5052899644780096,-0.6189495963795366,0.5679502169551663,0.0179766462800364,-0.0398467388550553,-0.1309883403182724,0.8408476997018629,-0.4429568552030688,0.14481529498996343,0.2753051046959777,10.699999999999818,3.0,-0.2679601634665995,-0.7470670403750079,-0.5735034332768024,-0.1092552573430135,-0.0383329902620734,0.1255181453473375,0.039774591228499405,-0.42440853464791606,-0.7961792649211047,0.429411173259737,10.701000000000022,4.0,0.4743907598339314,-0.4172054849521324,0.7479679072727927,-0.0609646752405758,-0.0285067703535284,0.0543921287903072,0.6375249726482387,0.04006248518723207,-0.36146415727719616,0.6791911141456224,10.648999999999887,5.0,0.1514678470412348,-0.9290324859220104,0.2724685879404498,0.0042640174330323,-0.0011873592969746,0.010846127458434,0.03763729547205339,-0.29219593192307974,0.7126452384070695,-0.6366645392456559,10.650000000000093,6.0,0.3332870828170638,-0.8869854413078742,-0.2494865674443574,-0.0027259984692964,-0.0225150410658566,0.0734932053112538,0.5591787676031627,-0.79463460717522,-0.10839724089151123,-0.21005947992985163,10.650000000000093,7.0,0.2623450849023886,-0.9400611235513876,0.0945152919630553,0.0073006236815183,-0.0063961063809419,-0.0061218320459092,-0.46008089226641985,0.7904703962052504,-0.03233422602695938,0.40303427040598794,10.650000000000093,8.0,0.3615379101146719,-0.8953662861818357,-0.1650804443865555,-0.0152941201655412,-0.0148703944881983,0.0361847455880781,0.531424256252527,-0.6183638969644073,-0.34617217825951085,0.46408961828132506
161,10.77599999999984,0.0,-0.2849544326378019,-0.9381036790305846,-0.0098213394886004,0.0598802507638952,0.0340146619454958,-0.005016898663942,0.40193202533843514,-0.5465756212433616,-0.44953032258338416,0.5810578511197104,10.777000000000044,1.0,-0.1352151688301984,-0.8538049780951156,-0.4620810724301747,-0.0407295456953853,0.1021875569699791,-0.121890760822355,0.030206002009768137,-0.18402351992604302,-0.8597668965325865,0.4754196306247142,10.777000000000044,2.0,-0.4969235281671811,-0.6228171306618421,0.570196307343384,-0.0056524951956305,-0.114528115986055,-0.1196589142637769,0.8433897268721372,-0.441159013939457,0.13838719583717263,0.2737178785809065,10.777000000000044,3.0,-0.2790329195541712,-0.7411766405606816,-0.5775896616909428,-0.1732792901580988,-0.2817180731049126,0.136525178701303,0.023510513017221513,-0.42303162533136235,-0.796829626617917,0.4307598471203228,10.777000000000044,4.0,0.4709720973277896,-0.4253522900026034,0.7459823811111116,-0.2068889580600687,0.0597294347487323,0.1384817829275668,0.6345832710311585,0.027924905127656285,-0.3650491803225685,0.6806345331724121,10.72400000000016,5.0,0.1503487179602874,-0.9295555353177364,0.2731570423178842,0.0030427537868825,-0.0070404911258668,-0.0604856255070751,0.043266216966607526,-0.2842123168225554,0.7003185598349394,-0.6533799110674205,10.72400000000016,6.0,0.3272983637004291,-0.8892411018511364,-0.249703912459534,-0.0098226606534918,0.0020218935165745,0.0280354386953586,0.5621376009430769,-0.7946793223110519,-0.10294531246143132,-0.20466644800608502,10.72400000000016,7.0,0.2580272585210622,-0.9395000935343576,0.0927712676912307,0.0130784220710451,-0.0121265470104068,-0.0104609885960474,-0.4803497474152184,0.7798119345646265,-0.04303032280641794,0.39913137960812595,10.72400000000016,8.0,0.360350673147792,-0.8957806399529419,-0.1669294385284727,-0.0096050498327127,0.0054984713797655,0.0066342830699646,0.5392676209933804,-0.614469909365125,-0.3655869715326815,0.4449307021082244
162,10.855999999999767,0.0,-0.284982393126363,-0.9377224729688696,-0.0065268137033633,0.0547699115768158,0.0169446738615415,-0.0252823343169643,0.4039299898126212,-0.545928709677517,-0.4479189118997384,0.5815247678666589,10.855999999999767,1.0,-0.1215780488911573,-0.8546471193461305,-0.46390309270491,-0.0705437586819002,0.0813058025421318,-0.1959155531738994,0.03818262259096699,-0.17709845861488904,-0.8611306143305542,0.4750076718864534,10.856999999999973,2.0,-0.4894038562921219,-0.6272164916266169,0.5724546602814918,-0.0201102964609128,-0.1041700492855017,-0.1279283626280346,0.8454654672081012,-0.44035333081974376,0.1322317642643018,0.27164655034455093,10.856999999999973,3.0,-0.2988529250910661,-0.7317373772881748,-0.5773294898443497,-0.1184922074540856,-0.3387392571243035,0.1489437948126114,0.0060824675714534135,-0.420629301280937,-0.7959364166361141,0.43533804699866885,10.856999999999973,4.0,0.4615259449559109,-0.439957402670139,0.742596987583641,-0.1479658172418556,0.1060013145540852,0.0947041683746714,0.6338605739804483,0.017229519924633382,-0.3649827285865729,0.681697531336181,10.799999999999727,5.0,0.1470572755700966,-0.9296335190754488,0.2735574490181131,-0.014882884874804,-0.0136680544793567,-0.0173384008957651,0.04985363972607946,-0.27540322228877623,0.6899559862051756,-0.667554055383281,10.799999999999727,6.0,0.3221318205517051,-0.8908074665572144,-0.2521232788021799,-0.0232881436358128,-0.011542157324296,0.0499904178052965,0.5643440186475648,-0.7954033789257524,-0.09719543588726953,-0.19850022834469674,10.799999999999727,7.0,0.2576704493436784,-0.9397207211265254,0.0918635173530269,0.0224983384089653,-0.024847059308677,0.0031559932374896,-0.499237950860373,0.7696587646128846,-0.052744283303340384,0.39446786314492227,10.799999999999727,8.0,0.359163436180912,-0.8961949937240481,-0.1687784326703897,0.0120515522713794,-0.0178284666889021,0.0049412126041655,0.5462907538446332,-0.6094081878667137,-0.38325385773039305,0.4281408102010854
163,10.923999999999978,0.0,-0.2836590696163021,-0.9378109848395582,-0.0022558676095256,0.0301302378556511,-0.011062989866737,-0.031468649568636,0.4048234244606059,-0.5448130798009465,-0.44776798180080585,0.5820657502033845,10.923999999999978,1.0,-0.1159038531164048,-0.8553395443630611,-0.464472346519749,-0.0239777684033337,-0.0078407589918519,-0.0418289059146551,0.03845489020656399,-0.17500299325725915,-0.8600804885811694,0.47765754147943473,10.923999999999978,2.0,-0.4849242964979375,-0.6286570039514725,0.5746588536242514,0.009934699181436,-0.0266558549274192,-0.0288214335119628,0.8462018724173418,-0.43869114395837505,0.13232645972279203,0.27199665326453837,10.923999999999978,3.0,-0.3082480870115852,-0.7285597046512923,-0.5781253096103995,-0.0171945690872695,-0.0507251339339286,0.0320306593786187,0.005640403674279877,-0.41930742268409227,-0.7955191783691337,0.437377077560443,10.924999999999727,4.0,0.459472846763846,-0.4434383304733209,0.7417797180792698,-0.0171988385148065,-0.0162267291718358,-0.0316177398727051,0.6351824302303773,0.01794355443958959,-0.36430805057545895,0.6808090433202354,10.889000000000124,5.0,0.1461726069907298,-0.9292693552388708,0.2738485610323101,0.0008237953065181,-0.0250862193558725,-0.0146778113694799,0.05657128038333136,-0.26752204403519025,0.679727352738617,-0.6805897237910488,10.889000000000124,6.0,0.3190696875852435,-0.8910277852658707,-0.252881435357467,-0.0179131200118151,-0.0153591644727472,-0.009514631637019,0.5658965205889115,-0.7956599246371031,-0.0944194368962387,-0.19434861010061374,10.889000000000124,7.0,0.2592710143657133,-0.939054411280361,0.0932756868892877,0.0244125974494797,-0.0079182369229821,-0.0424721590350538,-0.5153674393840598,0.7597555371700937,-0.06004450451748762,0.39187062104647385,10.889000000000124,8.0,0.3609375301541858,-0.8951972301771847,-0.1701411719992944,0.0037879965236406,0.0049202235401661,-0.0488437279113933,0.5536475403360568,-0.6040590230770634,-0.4004471059561137,0.4101575466212848
164,10.98700000000008,0.0,-0.2832630010040592,-0.9382846608930896,-0.0009835623589247,0.0472187851998808,0.0281267647126316,0.0018081705545617,0.406037147220877,-0.5452947533569092,-0.445422964144432,0.5825683222171864,10.98700000000008,1.0,-0.1121208951926233,-0.8548303104036034,-0.4660311634177309,0.0074769136024487,0.051605051070051,-0.0440438843314124,0.04167243790277246,-0.1741597658243721,-0.8583641871113599,0.48077302978837505,10.98700000000008,2.0,-0.481476020358962,-0.6284450643663501,0.5773167613129474,0.0328693287966706,-0.0780866190630382,-0.0494187199555427,0.8480830182550019,-0.4355384793780422,0.1299405273618592,0.27235433992773217,10.987999999999827,3.0,-0.3046997791559741,-0.7286133755018126,-0.5787629857049907,0.0297294063262266,0.1649980800581326,-0.0197970608634853,0.01603562495165565,-0.4205965941349008,-0.7952059296369307,0.4364503330332056,10.987999999999827,4.0,0.463669683721467,-0.4392712728978128,0.7416307526015691,0.1467158771649082,-0.0872528364665615,-0.1912786894493317,0.6405431951622877,0.029401292271733468,-0.36014502847283886,0.6775954084926622,10.94900000000007,5.0,0.1485793808015538,-0.9288272076445802,0.2737392663462782,0.0042120779241087,-0.0026727227895248,-0.0474074837850997,0.060791474940393934,-0.2608016393037054,0.6696510259631583,-0.692715240872872,10.94900000000007,6.0,0.3179301024029999,-0.8913663660130069,-0.2547752961469866,-0.025085236103021,0.0070768412438878,-0.0126198654643108,0.5670251743161625,-0.7959000369782752,-0.09134940708824028,-0.19152250169192314,10.949999999999818,7.0,0.2592710143657133,-0.939054411280361,0.0932756868892877,-0.0060067688438752,0.0023423305935362,-0.0305095385558347,-0.5288776837161374,0.7510584306434753,-0.0679334183273288,0.3893387729224734,10.949999999999818,8.0,0.3648883074876825,-0.8936961998474577,-0.1697693300834613,-0.0106974181307306,0.0415608848382358,-0.0602136517397919,0.5606032657311217,-0.5996286425173423,-0.4156053293727014,0.39171632557428515
165,11.029999999999744,0.0,-0.2798987712517855,-0.9392683526932404,0.0031047513051956,0.0716662579050365,-0.0132571522115854,-0.1480995679813774,0.41154850830083617,-0.5405705995520562,-0.4473973195729766,0.5815899678073918,11.029999999999744,1.0,-0.1126263969066844,-0.8615862904336993,-0.4540686719610976,0.4016268070165232,0.1380487283243904,0.0709797311872851,0.04906550442826637,-0.1794436476590886,-0.8456666143061712,0.5002404732105732,11.030999999999947,2.0,-0.4782889591325986,-0.6181574493858909,0.5911734426888484,0.3487489606034475,-0.103655746245016,0.0161918245955548,0.8561912211251098,-0.4175476370049767,0.13224652737992068,0.2740463823804383,11.030999999999947,3.0,-0.282956047696189,-0.7395614193302146,-0.5776008847902077,0.2164383507210916,0.5162681746047894,-0.2371624640001691,0.04943524654149373,-0.42038154952517637,-0.794618662600058,0.4352202778661497,11.030999999999947,4.0,0.4796895516847136,-0.4163415017142969,0.7468833161577532,0.3812725007427977,-0.1964975618935355,-0.3331603365821912,0.6483682709522696,0.05482016130858817,-0.35104203407829015,0.6733370815918587,11.054000000000087,5.0,0.1555652417324451,-0.9283879780940124,0.27380872465142,-0.0500884916037476,0.0193878985053153,-0.296376195570165,0.05424032952593917,-0.26271453264039163,0.6588986992659965,-0.7027741921115459,11.054000000000087,6.0,0.3209601242193441,-0.8901589933881002,-0.2541742810580711,0.0049190271472147,0.0113311307567693,-0.047562294497124,0.5688859989381171,-0.7950286510450774,-0.09019451338765175,-0.1901660169020474,11.054000000000087,7.0,0.2548362810293758,-0.9401796845895056,0.0952923425900216,0.0561347778940792,-0.0149508183444365,0.1125045917274605,-0.5462810433310099,0.7409730843311915,-0.07884795536801494,0.3825165485677553,11.054999999999836,8.0,0.3688390848211791,-0.8921951695177313,-0.1693974881676283,0.0192642899764202,0.0386596806187885,-0.0504838453518825,0.5674265520765855,-0.5945477658410331,-0.42835857946044553,0.375564893905891
166,11.137000000000173,0.0,-0.2668565543701457,-0.9433511719154516,0.004598460115845,0.038951626167511,-0.0175147242056248,-0.2242768995100439,0.41817671211649354,-0.5348032379269606,-0.4525439749242616,0.5782021142351759,11.137000000000173,1.0,-0.1271797520975125,-0.8730702672070179,-0.4270627813044374,0.5832716110949016,0.2218897048748329,0.6482408538148642,0.046472044916611464,-0.2115170060203463,-0.8221437912211959,0.5264793365003947,11.13799999999992,2.0,-0.4770641212015328,-0.5989409523202939,0.6121311623303201,0.5329700205259431,-0.1450498834970097,0.1817726981577198,0.8655134170900936,-0.390111667064312,0.1384704823035782,0.28200237159986313,11.13799999999992,3.0,-0.2505900567314759,-0.7562406524743194,-0.5701681322316525,0.2808797874115433,0.3500613852978985,-0.3720358397927912,0.07953802057351432,-0.41095125351915984,-0.7947361315395554,0.43953071762940654,11.13799999999992,4.0,0.493869263297944,-0.3886672044368333,0.7524572778336338,0.4261823230981603,-0.0923126399617527,-0.1429205538882374,0.6506366736684667,0.07356762995913667,-0.33784332900914515,0.6761076894577129,11.085000000000036,5.0,0.1729492125974864,-0.9257066309927986,0.264886396777697,-0.1792055354850243,0.0421184571407058,-0.2339600203458463,0.04703053280506034,-0.26215092447000315,0.6546206819061517,-0.7074862434028804,11.085000000000036,6.0,0.3201700594015507,-0.8918353431415349,-0.25181511826423,0.0652990141476877,-0.0800284857706369,0.0037682749800222,0.5731463885881397,-0.7935165582613781,-0.09027369480951093,-0.18353568873336173,11.085000000000036,7.0,0.252705578517457,-0.9408504215053316,0.0951912545321114,0.0538832692536395,-0.0075289267509217,0.0658255109935992,-0.5608813233345658,0.7316191604261025,-0.08716343840876078,0.3775554002217863,11.085999999999784,8.0,0.363799965807571,-0.893947833238889,-0.1706366207058302,-0.0151780415873804,-0.0482916698617744,0.0783366017858197,0.567991970170412,-0.5919615835352363,-0.4389571481494084,0.36644675947390726
167,11.208999999999833,0.0,-0.2549000283443401,-0.9465348530870727,0.0059789164142115,0.0800926820877471,-0.0552117313502622,-0.1474116653959655,0.4224957714923112,-0.5289985151804452,-0.4550230622671267,0.5784564865338168,11.208999999999833,1.0,-0.1322825750893869,-0.8866503201553104,-0.3964108097620526,0.6693883853408775,-0.2101607771477174,0.3382061939934189,0.03675813485007568,-0.21798915380999154,-0.8000846403799597,0.5576684826773144,11.208999999999833,2.0,-0.4831353103068648,-0.5699700274724331,0.633875728923078,0.3368400689110736,-0.0791050771058955,0.443639870937308,0.8656395997827259,-0.3712507959215602,0.14970357777577606,0.3007154279659464,11.208999999999833,3.0,-0.2272253045337495,-0.7743068363839096,-0.5562504688615427,0.4008391949459642,0.2979634338429398,-0.1632474891463536,0.10402201761154327,-0.40836430181198236,-0.787233076781663,0.45020228750919533,11.208999999999833,4.0,0.4967745519158636,-0.3592541307844129,0.7642653427201372,0.3940461482281357,0.0152482628440928,-0.1905843635255712,0.6559825510304473,0.08786473407875793,-0.3220250889235814,0.6769538561472379,11.166000000000167,5.0,0.1936373972784141,-0.9253691524702016,0.2551969632104234,-0.0597746167178278,0.0030504648716845,-0.2340293696708077,0.04213540848251359,-0.2630920126514038,0.6466240352632279,-0.7147618884992016,11.166000000000167,6.0,0.3162144259511242,-0.8929040423939263,-0.2513559386547021,-0.0366647387659287,-0.0248380351748096,-0.0585584838428629,0.5727359180282021,-0.7942343759464497,-0.09051560108042858,-0.18158262644425818,11.166000000000167,7.0,0.2488009826710033,-0.941971267744815,0.0958968287544948,0.0104043463681114,-0.0598477770437139,0.0379508676896864,-0.5721472034134867,0.7252617647356349,-0.09302612270464498,0.37146882875043413,11.166000000000167,8.0,0.3578702956873885,-0.8956266895921289,-0.1707796368273045,0.0169045990140921,-0.0530539812415616,0.1903880560296928,0.5670474193170022,-0.5910591181595514,-0.44466189937855916,0.3624667409948578
168,11.271999999999936,0.0,-0.2493318141879607,-0.9474624145884945,0.0070441022054123,0.0306338786926803,0.062890548603624,-0.1025868787282756,0.4265329093969342,-0.5289996499297145,-0.4552016336892078,0.575343827864958,11.271999999999936,1.0,-0.1532159960116636,-0.8958325466873409,-0.3655323608954846,0.6804763034487962,0.2705108301374881,0.6964696941517,0.036780675338533166,-0.2514699607042617,-0.7724032369348262,0.5820681062879509,11.271999999999936,2.0,-0.4869202872631176,-0.538948939627039,0.6577580667133571,0.7803842217964695,0.0448312368156701,0.0672007270472309,0.8780922551854186,-0.33725135698564757,0.16518815646133356,0.29652721048772385,11.271999999999936,3.0,-0.1899891289656535,-0.7951939901984538,-0.5401820515595956,0.4568817353230976,0.6055971245755427,-0.4386565983092428,0.14808354316622005,-0.40112710663635787,-0.7816527613428595,0.4540784835796175,11.273000000000138,4.0,0.5058379439676361,-0.3287158432644713,0.7729410513289626,0.4362358189194715,0.0049970430108906,-0.3244500098551079,0.6650637429780616,0.10603792480146247,-0.30487159849141554,0.6734237037059946,11.228999999999814,5.0,0.1952493018804534,-0.9242361043296308,0.2586780500328215,-0.0257427921946817,0.0450331912826689,-0.1531500508998706,0.03936123533773466,-0.25947369846859775,0.6392129513388093,-0.7228629854934084,11.228999999999814,6.0,0.3181761871012788,-0.8918761658096056,-0.2516640991926519,0.010044012900538,0.0381831985221114,-0.1020782397620049,0.574092965415989,-0.7927592761530133,-0.09124832228009996,-0.18336777474325594,11.228999999999814,7.0,0.247383898513852,-0.9422007494763052,0.0976112413729922,0.0369494568321185,0.0023985000348725,-0.0091463032884094,-0.5822070084777615,0.7176329121620129,-0.09772265346537386,0.3694432103326994,11.228999999999814,8.0,0.3510570827005067,-0.8983771168601503,-0.1706560300366017,0.0047743407241585,0.0453602215312106,-0.1324496014480793,0.5736105843430326,-0.5852182359549827,-0.45645023395885004,0.34661750930138263
169,11.328999999999724,0.0,-0.237771356774398,-0.9501724197065836,0.0071522532531779,-0.0238696997227841,0.0990989607832661,-0.1972464058141026,0.4327983290765331,-0.5289175931579458,-0.45876666003399724,0.5678599630523511,11.329999999999927,1.0,-0.1553497422119491,-0.91230565272268,-0.3228464861275799,0.8687910047895356,0.0378294853363233,0.307814695922721,0.04334503471960354,-0.26047921760870024,-0.7439854918208065,0.6138056476762561,11.329999999999927,2.0,-0.4805682575870676,-0.5089189971114287,0.6862511232623432,0.5377947522325209,-0.3826905959750381,0.3565907556408965,0.8843595983626859,-0.30614010625347615,0.1614441788296911,0.31324449436327817,11.329999999999927,3.0,-0.1614662934796749,-0.8136970444152144,-0.5210487078766054,0.5142040097568513,0.5219693155318718,-0.3518669630093699,0.1858019025542769,-0.39523909297182475,-0.7720607184047517,0.4617206509247329,11.329999999999927,4.0,0.5051325943481898,-0.304141772007331,0.7826166651990663,0.296196981375386,0.0905503288869493,-0.3440896926337113,0.6760410482881928,0.11573942838431925,-0.29004855610491903,0.6674164523355143,11.295999999999822,5.0,0.2050449127726788,-0.92307146514963,0.259508485357531,0.0789687216387,-0.0003025287407848,-0.0252369146294872,0.04362652019324755,-0.2534768923106865,0.6301967979325975,-0.7325968793789976,11.295999999999822,6.0,0.3211348844015692,-0.8908278778912498,-0.2520477692663908,-0.0099051267463563,-0.0097079058193682,0.0099075053364343,0.5752687461284249,-0.7929449115932653,-0.08873996118922702,-0.18008180417330594,11.295999999999822,7.0,0.2523589218924568,-0.9404180204603186,0.0996289181652201,0.0801007580684592,0.0433162411603027,-0.0454739970887144,-0.591842440059539,0.7087330722394797,-0.10085012904324624,0.37047160475577606,11.297000000000024,8.0,0.3491770852005892,-0.8983922225039885,-0.1694455007226946,0.0253726949910745,-0.0388629339284715,0.1327803349899977,0.5734778183671103,-0.5837717398852953,-0.4612633348278655,0.3428846504229538
170,11.373999999999796,0.0,-0.2237739245063796,-0.9542512808076667,0.0083500771218271,-0.079111006285578,0.0447510959363253,-0.3503566398447471,0.4407286632344382,-0.5247711968776116,-0.4687857308699566,0.5573269909702423,11.373999999999796,1.0,-0.1611711959378413,-0.9251895987693836,-0.2808808500573029,0.7925140358740728,0.2112100051660524,0.1711711817483683,0.059679163627629435,-0.2689066156677291,-0.7191200139342224,0.6379608413046045,11.373999999999796,2.0,-0.4711516034764507,-0.4647707053258485,0.7231869454107167,0.7944555628263374,-0.4433674018516184,0.2331258191174194,0.8955026980647703,-0.2634941708927722,0.156850388847656,0.322558049322267,11.373999999999796,3.0,-0.1339618943842529,-0.8358511212577721,-0.4931613467670671,0.6157644854668337,0.3473101427552341,-0.3402441540562002,0.21696554691858186,-0.3849322718966601,-0.7603750338521323,0.47600725351318446,11.373999999999796,4.0,0.5037903784296219,-0.278639253618251,0.7936084808926895,0.1833433899702745,0.1741865561460149,-0.3497534618066282,0.6886194893899125,0.11836774230075131,-0.2764934177965569,0.6598057792488468,11.36999999999989,5.0,0.2096223115592853,-0.9193951062404584,0.2653848622616555,0.1031252573087388,0.0137255827750357,-0.0784913130952073,0.04524063519437623,-0.24928534941897623,0.6200884710536002,-0.7424960522175702,11.36999999999989,6.0,0.317107926435089,-0.8920556618501913,-0.2525732748195172,0.0052920086342265,-0.0100947074246703,0.081008918361583,0.5775771131170302,-0.7929965623592379,-0.08369576662727214,-0.17480317256417882,11.371000000000096,7.0,0.2616619242047715,-0.9385432928241816,0.1087360332005851,0.1420203808281229,0.0334273073860748,-0.1420098939123395,-0.6009372594001039,0.6991215313044025,-0.09854781269177686,0.374688968806057,11.371000000000096,8.0,0.3512548732740436,-0.8980516761008005,-0.1686926229975052,-0.0175988100004837,0.074212950314813,-0.0670640259433442,0.5780998175657696,-0.5808701002205385,-0.46893061238437067,0.3293851975560295
171,11.433999999999742,0.0,-0.2037516462887403,-0.9582581791255076,0.0053412333495559,0.0632390731312783,0.0219250267061876,-0.2780615149597678,0.4495501335918889,-0.5184440780070325,-0.4728840863454103,0.5527214997159233,11.434999999999944,1.0,-0.184349620182605,-0.9373815653394736,-0.2160185605457265,1.0030600827291123,-0.1072736618232499,0.0965235602568064,0.06869193314726438,-0.2639292409674885,-0.6881935719426355,0.6723186607700652,11.434999999999944,2.0,-0.4636046539139208,-0.4158568255256812,0.7561486795155149,0.714978955905236,-0.4820118702532208,0.3563248334670815,0.9016510718045706,-0.22389722933942666,0.15105585807330588,0.337753613081392,11.434999999999944,3.0,-0.1079073253949052,-0.8645000832499253,-0.4477037136176003,0.965934297337214,0.0713580180064467,-0.431682912937341,0.24561489180813684,-0.3602422035948636,-0.7438364101423298,0.5065631990361773,11.434999999999944,4.0,0.4883108061771318,-0.2647141891412735,0.8074459453349911,0.2726593512534022,0.4445668370167351,-0.0871198285201036,0.6953479196529896,0.11072681680849181,-0.25242131078458563,0.6637125315492466,11.445000000000164,5.0,0.2091627853148983,-0.9162328311356068,0.2772080958207101,0.294261349481512,0.0024300770134157,0.0446506252730068,0.05395750540005624,-0.24127525132478347,0.6048578155855245,-0.7569820761644711,11.445000000000164,6.0,0.3091253350181824,-0.8943521450615247,-0.2526396007631156,0.0232551554705893,-0.023893126280486,0.1572671994013601,0.5810028152236247,-0.7929334188494874,-0.07639282550536128,-0.16690254097883936,11.445000000000164,7.0,0.2714487952018644,-0.934108605632522,0.1203356325729079,0.264424469428178,0.0823396565804668,-0.1839379653448153,-0.6124024677682846,0.6854632564837183,-0.09382792095875142,0.3824913890934138,11.445000000000164,8.0,0.3550283912279707,-0.8987739305935334,-0.1628412205417586,0.1078751861636132,0.0360570205022615,0.0075129110454761,0.5840661314310978,-0.5755247928287933,-0.472408871700487,0.3232148277742824
172,11.510999999999967,0.0,-0.1859333524752069,-0.9623212077420776,0.0053555174502042,0.1095787345399417,-0.0546643178802107,-0.2515887512398839,0.456694902652279,-0.5097711381995708,-0.4766648557171596,0.5516826695431704,11.510999999999967,1.0,-0.2109319296458088,-0.9453393977255864,-0.1445619042615355,1.3301914895995903,-0.2941178561047568,0.4238350517289594,0.06326556590014276,-0.26371585321125857,-0.6412257968915405,0.7178306863997954,11.510999999999967,2.0,-0.4570964675177464,-0.3653736337607959,0.785441867444835,0.6986809802767855,-0.2684869266543656,0.4071311285482319,0.9032137112786688,-0.18922550691498302,0.15571140775401138,0.3523530286321453,11.512000000000173,3.0,-0.0736916410077016,-0.8918796427600479,-0.3992821619804737,1.0773129030066886,0.3977546630917465,-0.4768462601892141,0.28849402521897993,-0.33991907487070594,-0.7198903583292521,0.531962491099302,11.512000000000173,4.0,0.4654805350241366,-0.2458164661632888,0.8271348961787528,0.2228976900795649,0.5183367747781591,-0.440111103598292,0.7145159260202996,0.10383153448304062,-0.22578106392906977,0.6539945833730645,11.52099999999973,5.0,0.2039778224859846,-0.90994883755674,0.2982468121590124,0.3714727651266361,0.1146332981659522,0.0525974517755324,0.06004851990165628,-0.22906105243108316,0.5874260753489057,-0.773857748889915,11.52099999999973,6.0,0.3034861362659978,-0.8979455746110856,-0.2486039221949316,0.0887827801628742,0.0830000596226489,0.0111780225493214,0.5860623939873324,-0.789342760500245,-0.07277444388072517,-0.1678474221355246,11.521999999999936,7.0,0.278941787926922,-0.9294754261970012,0.1393983896751872,0.2428496375791052,0.1299010820051197,-0.0585811084240609,-0.6242987384222441,0.6714048704680949,-0.0953323846260553,0.3877864380785188,11.521999999999936,8.0,0.3413165929215308,-0.9051899712896604,-0.1553032493963407,0.1785918477730856,-0.0556644844632565,0.4623678094111377,0.5818420914433414,-0.5779151826539094,-0.4633883968028997,0.33577524624572214
173,11.623999999999796,0.0,-0.1766887214199936,-0.963562518912037,0.0216648995118373,0.3023311829216464,-0.0113554337171661,-0.1189200687455059,0.46589727457216595,-0.5010142070148291,-0.4702902710893254,0.5574509438813955,11.623999999999796,1.0,-0.2396318489791009,-0.948469254438628,-0.0631953347921377,1.4546787423276522,-0.574735998414021,0.5573501759690332,0.04559840008582001,-0.2571871945115597,-0.5874466714406997,0.7659516571573752,11.623999999999796,2.0,-0.4597014836098125,-0.3156348885213653,0.8055483617480969,0.6472864516858273,-0.2129023007132116,0.5925648491485414,0.8991232579058668,-0.1572989065656312,0.1635331106972926,0.3742877807138034,11.623999999999796,3.0,-0.0401752375301876,-0.9232517621374492,-0.3246199839804811,1.40106147366653,-0.0230222747313982,-0.1234151060683896,0.3100695585346447,-0.31651634084400276,-0.6854489200669435,0.5777837422668748,11.623999999999796,4.0,0.4348744493712212,-0.222109753197252,0.8495460380807698,0.15650155592966,0.840092847577615,-0.4008465185108653,0.7354388751953378,0.0832990197316257,-0.19026475841966503,0.6449730660009556,11.594000000000053,5.0,0.1957597322863916,-0.9040200422230452,0.3242528187606133,0.3269856243937829,0.0865810609267125,0.1587372175947098,0.07012789948597846,-0.2152677077814227,0.5732030542290508,-0.7875151746618627,11.594000000000053,6.0,0.3112421567777226,-0.8981859560398349,-0.2389713543861686,0.1809219599242137,0.2026306686044537,-0.4157570786136867,0.591227104669907,-0.7803194223182865,-0.08339122660956712,-0.18600541169827847,11.594000000000053,7.0,0.285491412627223,-0.923164797574628,0.1573226297616092,0.2235932524478017,0.0289144081980607,-0.2654586126212355,-0.6308627368430751,0.6614548070559904,-0.08677758001537055,0.396181015562411,11.5949999999998,8.0,0.2956025012743857,-0.9227268453573068,-0.1447353795631182,0.2634482067859788,-0.1089534595757176,0.6681726841126061,0.576764308344088,-0.5818938389079005,-0.44773121681348876,0.3581609280087718
174,11.673999999999978,0.0,-0.1734456605953124,-0.9620184523284736,0.0558130826973734,0.5506667436792724,-0.2583570605181909,-0.0206869384797552,0.4726502114411431,-0.48163535755019893,-0.4599832310818885,0.5771001534444439,11.673999999999978,1.0,-0.2692947066769127,-0.9413651352569634,0.0435550580120673,1.6101842843072374,-0.4408597886616802,0.6994510123679528,0.028717391215627164,-0.2580453632086629,-0.5236252276898528,0.8114212980289757,11.673999999999978,2.0,-0.4422782240526105,-0.2637787882042988,0.8326107874765618,0.568095382891306,-0.2535234106554284,0.4789581166729868,0.8958639289550292,-0.1292024529308191,0.1660946668665109,0.39134014436602416,11.674999999999727,3.0,0.0207979312503383,-0.9527860196036076,-0.2274912018158511,1.5992410694311316,0.6921464607175937,-1.135801654187394,0.3904269015932107,-0.27022358221646986,-0.645837791440526,0.5978625237240146,11.674999999999727,4.0,0.3924255577441974,-0.2193814408495187,0.8711480729703442,0.2771696327165909,0.7851889792310561,-0.0566898685682711,0.7424981582755855,0.06560499292469482,-0.15597008898267675,0.6481248345831612,11.655,5.0,0.1956244659141672,-0.8996438171761877,0.3389779794506635,0.4211407027563451,-0.0006922722578425,0.2039109043572717,0.08461373922384081,-0.2043069806819113,0.5558686363859566,-0.8013171855523992,11.655,6.0,0.3300500038886348,-0.8937763430095439,-0.2278439018486093,0.3042693227326906,0.2490439704748841,-0.9057952470564028,0.5958056248079976,-0.7647119257819357,-0.11168702899595698,-0.2185345180242491,11.655,7.0,0.2936212972447921,-0.9174939163804516,0.165968211441667,0.2319757069525519,0.0334567579610803,-0.3704145903354628,-0.6348220099123633,0.6521244791117269,-0.07519200038274403,0.4075301737939509,11.655,8.0,0.2680524699408947,-0.9326784247834256,-0.13725461486629,0.296638297329872,-0.0941878396078951,0.6234466333713508,0.5734339350322728,-0.5835530312302458,-0.432916873169331,0.3784473052099649
175,11.728000000000064,0.0,-0.1715911712311627,-0.9586205276139372,0.109161137740014,0.8339648991955345,-0.3094272588299827,-0.010466162711622,0.48439619348312385,-0.4536236826308282,-0.4422054925345341,0.6033574269600033,11.728000000000064,1.0,-0.2804319292282614,-0.921190588787354,0.180288192067377,1.843052974455793,-0.6127386510086799,0.3994834650612551,0.023773101033614605,-0.23968549071894593,-0.4525496973855719,0.8585944773886511,11.728000000000064,2.0,-0.4200126359849838,-0.2045489421099527,0.8614563923348906,0.4718014660170018,-0.8740782953496893,1.2461318169265128,0.8801524065741114,-0.08638224306194735,0.14158011708514445,0.4447751338952565,11.728999999999814,3.0,0.0477996300005565,-0.9700992266534568,-0.1291033919700601,1.849856651761553,0.5741027885276322,-0.6030713543881541,0.44591467980690014,-0.23390324456829759,-0.5891659110799062,0.6319279228951011,11.728999999999814,4.0,0.3494818760550925,-0.2024887424315646,0.8923960597725074,0.0337570180011065,1.004934161372527,-0.4862144161671691,0.764868775400419,0.03564284431184441,-0.12064886460288825,0.6317825539984933,11.715999999999894,5.0,0.1974015094982142,-0.8917561663269897,0.3551219281678003,0.5392075301687749,0.0977492874544577,0.006696042790624,0.08869920087511167,-0.19586393802009097,0.5326629450121271,-0.8185596841760447,11.715999999999894,6.0,0.3543739145127212,-0.8891381342794734,-0.2100440593850435,0.4633839138516171,0.2352801043272678,-0.8381714608347369,0.6060693941818334,-0.7441880707357997,-0.1373810233424488,-0.244929498501049,11.715999999999894,7.0,0.300316836756618,-0.9157777153853044,0.1717322729255369,0.0871011688700465,0.2343972095606425,-0.2402158349297935,-0.6353317198526606,0.6433790499635341,-0.07801477097817423,0.4199174910935523,11.715999999999894,8.0,0.268065992894987,-0.9334308905638348,-0.1289821537827293,0.2164746422889545,0.0504690849949783,0.3965131449852235,0.5753932583852088,-0.5844656530246758,-0.42345566793593636,0.38471781338043304
176,11.791000000000167,0.0,-0.1750579789614127,-0.9490131902948272,0.165691486348512,0.9462429377841528,-0.3798570492696079,0.133991421403112,0.4912124416731178,-0.4241425021423308,-0.41919404092427887,0.6348935588549871,11.791000000000167,1.0,-0.293797536550061,-0.879812148735159,0.3146912621207295,2.109098235307714,-0.6933108119396885,0.3357059747869794,0.022208874047809184,-0.21414414922278174,-0.36888477530480146,0.9041974739046253,11.791999999999916,2.0,-0.3997266498119631,-0.1630884042855699,0.8799902146147369,0.3037542508173159,-0.7764195863487522,0.9939464585034296,0.8638139144604688,-0.05704915761615909,0.11840690225794728,0.4863648016637772,11.791999999999916,3.0,0.1060882602795841,-0.9743382077970124,0.0027088480498235,1.990176889045416,0.8784771389262087,-0.6692647382839897,0.5105310879860124,-0.19964217029244624,-0.5170846805121296,0.6573617308760901,11.791999999999916,4.0,0.2990449961707828,-0.1868896547116046,0.9147296580012008,0.0637219077095922,0.8184188009037366,-0.3791331180143366,0.7807756295092054,0.01340204334351929,-0.0925340599222481,0.6177760511326319,11.791999999999916,5.0,0.1920668205379194,-0.874994818412042,0.3969501281024256,0.5922655580408932,0.067421452368709,0.0032298244738481,0.09375067586381401,-0.1885113068954778,0.5071801149279321,-0.8357288010888021,11.79300000000012,6.0,0.3729104822113143,-0.8883379424934456,-0.1769872090955642,0.456661433053477,0.0330303095746065,0.2318882692359128,0.6271017513706675,-0.7332192336829054,-0.12846050144801466,-0.2294141415715676,11.79300000000012,7.0,0.3099202268888273,-0.9117798563083188,0.1802052901431015,0.012883117748282,0.3171855396752466,-0.411321316844789,-0.6288440503784588,0.636235694610489,-0.07947171957467315,0.43982217656112726,11.79300000000012,8.0,0.2584309131169966,-0.939688112111378,-0.1035457150348086,0.3045595301757064,0.2181433496383277,-0.0568827816426922,0.5926666110493872,-0.5757443205676436,-0.4203956639235182,0.37487631458341214
177,11.853999999999814,0.0,-0.1762416055913466,-0.9372547942636528,0.2262417889965994,0.8343173834454668,-0.2493858360947071,-0.038018415293211,0.5025712777433708,-0.3976457125422104,-0.3999832003815167,0.6552201443001834,11.855000000000018,1.0,-0.3059446684796835,-0.8284616168474892,0.4245164416595665,1.9937000674063377,-0.7792257378839053,0.667805309476705,0.0017025653203350077,-0.1915026827725775,-0.2853571978359346,0.939092696918392,11.855000000000018,2.0,-0.3632846512407882,-0.1266213419260534,0.90053611695573,-0.196856894388838,-0.9291185335846502,0.9076674652368864,0.845758655241747,-0.04643063965412763,0.07786710108258381,0.5258071959891523,11.855000000000018,3.0,0.1500185821184888,-0.9583400104077288,0.1360362064704558,1.874863031805848,0.9344439142875596,-0.9187646172175502,0.5777475676007063,-0.16276960746569974,-0.4450213032360956,0.6645824573993631,11.855000000000018,4.0,0.2637239351026565,-0.1833540088872244,0.9247756449425738,-0.1311221227822706,0.6617507482243116,-0.2816122907178595,0.7919046969933571,-0.011266822161103219,-0.07793907020413765,0.6055456307611872,11.84900000000016,5.0,0.1990680943194374,-0.8573236318167659,0.430471931898629,0.6481838741534467,-0.1095676911234302,-0.05149231947364,0.10098785364286733,-0.1902031758194247,0.4783296650264691,-0.8513665114863738,11.84900000000016,6.0,0.3698160523149931,-0.8948106747820146,-0.1533751731745075,0.425990448756654,0.0487876205612522,-0.1826631181062226,0.6408856325593884,-0.7202600581868351,-0.13447743088634434,-0.22892547945097313,11.849999999999907,7.0,0.3281836391284896,-0.9021066889674952,0.1960128075623734,0.4230585685100043,0.2445321436426196,-0.0094212876221068,-0.6442156684171613,0.6156890289234326,-0.08262797120120373,0.4461903300210842,11.849999999999907,8.0,0.2612350223458899,-0.9408588328939842,-0.0802054840102106,0.3311638325434253,0.2554489378695574,-0.1212155368967382,0.6117665305831593,-0.5656585874071443,-0.41682393643995513,0.3633591619341651
178,11.918999999999867,0.0,-0.171498216483082,-0.928141091937712,0.2619551014960265,0.3851737543803098,-0.312566524099742,0.1922733135275904,0.4947278279996248,-0.3861258767374425,-0.3928152992110461,0.6721958972072438,11.920000000000073,1.0,-0.3238188385745321,-0.7528588992291159,0.5373470365004025,1.7004001956947254,-0.6326075181209029,0.8508216402727584,-0.02845764754272496,-0.17760514497349758,-0.2123115454727426,0.9605052745478561,11.920000000000073,2.0,-0.3168313664378669,-0.117408423913209,0.9196728479385102,-0.2484740365725362,-0.7834884551921876,1.168554417850621,0.8165034116027305,-0.04033875010580454,0.04448249055043002,0.5742092581241045,11.920000000000073,3.0,0.193531581569689,-0.92993273440921,0.2409058662825475,1.8081561850173409,1.0901316614995396,-1.2570724080968427,0.6522038873549824,-0.12493103716122912,-0.36949947422142526,0.649994202914887,11.920000000000073,4.0,0.224750303575515,-0.2077238785627651,0.9307056953288488,-0.466452196878953,0.6381543573882351,0.0268117721808742,0.7927024468868257,-0.04953776634173578,-0.07464692994476921,0.6029897812196585,11.88799999999992,5.0,0.1973945746231384,-0.8439733119586588,0.4567772220797378,0.3691805574428374,0.19666051318518,0.0257567671528487,0.10158393902810942,-0.17834741013870067,0.46447693716535,-0.8614720421870039,11.88799999999992,6.0,0.3840419710575088,-0.8936678312234599,-0.1109214672758229,0.6575075540061318,0.1796585010347598,-0.0954394578521657,0.664828966898781,-0.6978990595980566,-0.13575511195263976,-0.22915038067429436,11.88799999999992,7.0,0.3316998035016492,-0.8921772335253749,0.2340790984602776,0.6292971791882989,0.3166549110537398,0.0217652862439782,-0.6650625280894086,0.5865267152274323,-0.0839395401553021,0.45456836631507874,11.889000000000124,8.0,0.2673176795692099,-0.9420271192827055,-0.0459909200349453,0.4364173634358759,0.0990707215858333,0.0573089019473742,0.6265438218821155,-0.5530364873754282,-0.41042660681309817,0.36488831621838236
179,11.976999999999862,0.0,-0.1777048166754034,-0.924311933964181,0.2723865761408895,-0.0562625261160899,-0.2923617350913616,0.2309012785360136,0.47720348126368295,-0.3870461031304001,-0.3995810326245006,0.6802993090457546,11.976999999999862,1.0,-0.3503046204033381,-0.6728439336559628,0.6204560531306335,1.3403284089511895,-0.6657263212845913,1.2816520354130978,-0.08266025398367213,-0.16657603443347288,-0.15193976027569933,0.9707389022858496,11.978000000000064,2.0,-0.282019037985217,-0.1369010630472886,0.9287358941865094,-0.458041161033151,-0.6764781666045729,0.4901971184872917,0.802478106199717,-0.04819039184981135,0.008691185728377928,0.5946688477582395,11.978000000000064,3.0,0.2237290168290662,-0.8798562864167124,0.3670861510350015,1.8219672964551752,1.0472815454689397,-1.008288381652814,0.7086543531046888,-0.09082904079242483,-0.2912729355010403,0.6361754240923725,11.978000000000064,4.0,0.1913758959453288,-0.2607214874995495,0.9245899482511934,-0.9196031461706916,0.3315998379886982,0.5251639813625384,0.7753683724640804,-0.0969231561456065,-0.09543370100164782,0.6166864661222146,11.961999999999987,5.0,0.1948330096805507,-0.8229002743581851,0.4947688721009454,0.7254123220285673,0.2677249474184482,-0.1460810549271915,0.09593526373702407,-0.16620122584490066,0.4336663611225484,-0.8804016497770136,11.961999999999987,6.0,0.3989027082286901,-0.8932264178450021,-0.0602759971431605,0.7368092008313487,0.3701689886758962,-0.3999603858374217,0.6878947317757854,-0.668016386584216,-0.14175599825427485,-0.24588652303251918,11.962999999999738,7.0,0.3131230918954101,-0.8829792801797621,0.2876169676759137,0.5838439519512977,0.2270972810590011,0.1479198294107659,-0.6864001917752908,0.5602071324089116,-0.08694966332330727,0.45548051723096955,11.962999999999738,8.0,0.2578728885992229,-0.9452752310032064,-0.0078301326507154,0.6364205726028728,-0.0074101799730788,0.2260181320496263,0.6407210930244023,-0.5354963843027648,-0.39859914042206995,0.3792608978092359
180,12.067999999999756,0.0,-0.1862411919718135,-0.9228743567161404,0.2685053819361693,-0.1695792881042558,-0.0914505311916638,0.081296623147983,0.4666618076080029,-0.3939303834916086,-0.40812788565284075,0.6785847325387798,12.067999999999756,1.0,-0.3708063803737421,-0.5881374303466285,0.6907517580863536,1.23454251466898,-0.703076865627323,1.2123613142950538,-0.13384148648566516,-0.15167254819448775,-0.09684192248806976,0.9745273401338277,12.067999999999756,2.0,-0.2442057230709143,-0.1668918962312241,0.934366448344416,-0.7508538062874834,-0.6411836543617563,0.4892967998196737,0.7856679971741988,-0.06789677245320407,-0.03320699124027328,0.6140139430334539,12.067999999999756,3.0,0.2581080393664748,-0.8122605696022431,0.4836961929598308,1.5921779060771573,0.969342035410782,-1.3522549686545795,0.7666253174522059,-0.05689481842380272,-0.22326432744549785,0.599334332712666,12.067999999999756,4.0,0.1734822517099747,-0.3183265913712869,0.9102209015220286,-1.3143924764550632,0.0405951310202283,0.5204506142042689,0.7531408286255902,-0.14791191575758258,-0.13822901281669567,0.6259342596869124,12.014999999999873,5.0,0.1880038460643627,-0.7981885164356533,0.535850395255297,0.7082386901448838,0.2841170675391225,-0.2487529979464962,0.08518275953859686,-0.1556239855963683,0.40332452022523246,-0.89769393668977,12.014999999999873,6.0,0.4192365932602688,-0.8841827233171131,-0.0012612133275032,0.7418484522882729,0.5493580869043039,-0.4005609162610067,0.7105313175976397,-0.6352415411856139,-0.14086501633197207,-0.2679001273588374,12.014999999999873,7.0,0.2947268169978792,-0.8709253575262977,0.3381865239183683,0.955880609707856,0.1416523004927088,0.266248813875684,-0.7199921721494685,0.5213357050122281,-0.08118841965248594,0.4508090452034262,12.016000000000076,8.0,0.2330065529625728,-0.9515858259585128,0.0344290881574765,0.684756031131244,-0.0827516770104943,0.4146229013481773,0.6494953224472378,-0.5189738276728193,-0.38292464113350194,0.40272907955915
181,12.119000000000142,0.0,-0.1802489061490345,-0.930130959392913,0.2505767950367626,-0.3596023475622436,-0.0452384848877485,-0.2914669787521065,0.4662297680402218,-0.39857573270661156,-0.42957013527022214,0.6627493399276017,12.119000000000142,1.0,-0.3589047210820378,-0.5227464577748095,0.7474118958572401,1.4434537767062503,-1.0125003716423735,0.9862251938607528,-0.1730744223186469,-0.12074589045787325,-0.03226655884176087,0.9769465407365507,12.11999999999989,2.0,-0.1991355067394356,-0.2141765026073604,0.9357235038655956,-1.0637290943231257,-0.9943621894271732,0.4874189362595807,0.7644525073410187,-0.08698351004421773,-0.09739565321009128,0.631316338879485,12.11999999999989,3.0,0.2540008779386635,-0.7597628714540456,0.5646290226035955,1.451269251933263,0.6123577899608909,-0.3009507972184881,0.7805455126381986,-0.033424708823241785,-0.17363323183600624,0.59956900548864,12.11999999999989,4.0,0.1461622300712246,-0.388321120900264,0.8878740392439509,-0.9791793612718828,0.3822358254108225,0.6263728029860428,0.7296625830480815,-0.19613889475820992,-0.15367034084492812,0.6367946884257382,12.121999999999844,5.0,0.1821252958801926,-0.7723497579202341,0.5749758499633773,0.5518457996973607,0.2246772548610007,-0.0015627665362783,0.08552914686280097,-0.1426134816213825,0.3822034225292957,-0.9089921362166131,12.121999999999844,6.0,0.4284473271766059,-0.8799481079548148,0.0552740005967035,0.7732795873549398,0.4243470811666126,-0.0471115404929444,0.7358978438311438,-0.6054236789166965,-0.13340439259436362,-0.27224951880246817,12.121999999999844,7.0,0.2818428113650454,-0.854012108956827,0.388713194318073,0.7359721682328929,0.1015602237992117,0.1172885706346361,-0.7413997152530156,0.49291874679679887,-0.07480705192405646,0.44917866852896343,12.123000000000047,8.0,0.2084158784666025,-0.9539721249266926,0.0821219000379654,0.7370858211862371,0.0447152493003034,0.3560440182584394,0.6621253265646577,-0.5017394262566419,-0.3634789199577694,0.4215811604040613
182,12.204999999999927,0.0,-0.1629058776439543,-0.935815240369287,0.2422756919743012,0.0486523192434143,0.0574755953463516,-0.0486188463324025,0.46802041103250697,-0.40127011220636455,-0.42861991858009935,0.6604726771814592,12.204999999999927,1.0,-0.3213659694010826,-0.4463696967351548,0.8108581920086078,1.4081893799632306,-0.7339132383361927,-0.0913835283488523,-0.1587783716378332,-0.0980783617301368,0.019808641623552826,0.9822309715018155,12.204999999999927,2.0,-0.1485302803616349,-0.2571810076989139,0.9340731690262094,-0.8621282295754137,-1.1551564508165852,0.930411391039311,0.7249911864827019,-0.09268031449256788,-0.15558502655345655,0.6645234671103218,12.204999999999927,3.0,0.2471576629718487,-0.7134481747937783,0.6230166863878692,1.0170303122221256,0.3955071702650127,-0.3333917362328982,0.7908828578306253,-0.020832832330205293,-0.14679188080427838,0.593736003638576,12.206000000000133,4.0,0.1091482508203141,-0.4180807340865368,0.8788004091535964,0.0892270266508617,0.3995012257388194,-0.1267163509047577,0.7393449837486413,-0.19808605493598533,-0.14054644711381786,0.6279949092542885,12.208999999999833,5.0,0.1777577678352448,-0.7469621125905114,0.6089521970799936,0.4387638201166433,0.0120033676918558,0.0221536329451463,0.08980560887181707,-0.13966289494232556,0.36543692316252807,-0.9159067002599095,12.210000000000036,6.0,0.4315801107417757,-0.8728747988479777,0.1117908473365291,0.6166103994056624,0.3904902417405376,-0.1022559768209426,0.7534811983673427,-0.5816707012832111,-0.12694728697345065,-0.27894383898141756,12.210000000000036,7.0,0.2706951330133879,-0.8416800068055977,0.423146441680174,0.486969180277581,0.0088784569881158,0.1104077247992148,-0.7551298652903483,0.4768739009809934,-0.0705040575245421,0.44429646294149844,12.210000000000036,8.0,0.193500852610899,-0.9523585996885556,0.1291956564212156,0.6062522515277255,0.1333608801656547,0.0745181002940316,0.6779032284361236,-0.4854200052608505,-0.35100814690410354,0.42615479837188736
183,12.259000000000016,0.0,-0.1404140218794218,-0.9393365882702114,0.2371068881254283,-0.085913619693696,-0.0900227756471167,-0.1423027021095389,0.4675722672991587,-0.3995746861519442,-0.4381710630351955,0.6555321232082423,12.259000000000016,1.0,-0.2954584671331208,-0.3634279560325112,0.8610525041908756,0.9859644644489326,-0.8444456299435981,0.5391898456926062,-0.17757172515885392,-0.06768060458883837,0.05526546950564638,0.980221069997436,12.259000000000016,2.0,-0.1067913090682293,-0.2917636498208346,0.9300857965535864,-0.4358959534858423,-0.7354201000947233,0.2743576674803183,0.7076761351231365,-0.09132880367096236,-0.18598366002796152,0.6754728829492823,12.259999999999764,3.0,0.2343901003967462,-0.6766626683128915,0.668059064864538,0.5646172142746082,0.5791158020229508,-0.2168383077712574,0.7981278456542247,-0.03271337900926716,-0.1260053557875643,0.5882554097821725,12.259999999999764,4.0,0.0882566658327251,-0.4161060111716044,0.8824939367513792,0.3029521586183288,0.4861359440103229,0.1178063987966704,0.74356292777339,-0.19703879401090846,-0.11519327368804352,0.6285064803109214,12.242999999999938,5.0,0.1770897233313801,-0.7322510523266169,0.6263055374631278,0.333539303627105,0.081140059734372,-0.1820574880271257,0.08263132540675901,-0.13808692571498207,0.3527862804359299,-0.9217623909361288,12.242999999999938,6.0,0.4312283093853614,-0.867049898707719,0.1484507269621041,0.4486729694804942,0.2218645497492646,0.0179761979138191,0.7653190171205287,-0.5680269501427636,-0.12132830943002001,-0.2773294561997179,12.242999999999938,7.0,0.2678131015384412,-0.8289244797245979,0.4487196781484684,0.4812102587096408,0.0469105531862363,0.2487836552971521,-0.7709075232002309,0.45985761417327975,-0.07064820565551953,0.4350188460260082,12.242999999999938,8.0,0.1792580560942658,-0.9492464785145772,0.1657669217696316,0.404511114255313,0.0952045826957588,0.1978811765505582,0.6841700747996072,-0.4779887568623064,-0.3409184914788805,0.4326807590241228
184,12.309999999999944,0.0,-0.1357218264132109,-0.9381731794794256,0.2455110407711382,-0.0961758611963854,-0.0083463213848426,0.0173669136797505,0.4635243945839421,-0.4038874998591168,-0.44196053856567014,0.6532158184198272,12.309999999999944,1.0,-0.2837966060460692,-0.3374228955319324,0.8753960680558137,0.2501433524353909,-0.3205876203869869,0.3072787566112708,-0.1891960987685786,-0.05840740863616929,0.04708486434388825,0.9790691632243737,12.309999999999944,2.0,-0.0873790192616856,-0.294444047053391,0.9310749755780608,0.1861189644799198,-0.3182691033026266,0.4720234513730027,0.6894001713435463,-0.08349711562572155,-0.17804941512661712,0.6971757606276509,12.31100000000015,3.0,0.2387830747393439,-0.6484716606689085,0.6948353391468608,0.3514823719527459,0.670354038592134,-0.7582619415721028,0.8216409930121245,-0.050460714945700605,-0.10940286141658737,0.5571272823718849,12.31100000000015,4.0,0.0659405366526349,-0.402187317514265,0.89150838877525,0.6391544473724571,-0.2887758973581722,1.2413585895912338,0.7101535651966703,-0.16677060879775898,-0.09909432901716457,0.6767937587155496,12.304000000000087,5.0,0.1676022242187,-0.7224213353224938,0.6401389760886377,0.2861836429109962,0.1632021429957213,0.4485024079783808,0.10309644770243825,-0.12085639947236831,0.3474444785003258,-0.924146734851858,12.304000000000087,6.0,0.4300919383523545,-0.8629749303395149,0.174279069798482,0.261871898449494,0.2051022865187053,0.0896934573816597,0.7720297004435899,-0.5624243335387701,-0.11209144326291429,-0.27401554522269,12.304000000000087,7.0,0.2548539637988901,-0.8220737426389262,0.4686728270335528,0.1255476516183216,0.0732756586038134,-0.1127264682637231,-0.7695955127100542,0.457977079497146,-0.07117561326336212,0.43921950497262496,12.304999999999836,8.0,0.162634764455314,-0.9488942681700956,0.17960679615344,0.1796193249239887,-0.0184361847691773,0.3293323371173745,0.6795505023184488,-0.47867233536040127,-0.33647740682796273,0.4425684860602855
185,12.384000000000016,0.0,-0.1451621808883504,-0.934263425877463,0.2522633392061639,0.0066365632626234,-0.0555164839426986,-0.0235576807990472,0.4620207515884693,-0.4029870720959108,-0.4434710379127433,0.6538131868949917,12.384999999999764,1.0,-0.2838734386110205,-0.3445202898642258,0.8709664980485903,-0.938616223029296,-0.521551490510741,1.667606326839394,-0.2723150526529577,-0.020248159400423692,-0.015008168128826218,0.9618779959168048,12.384999999999764,2.0,-0.0879325769200041,-0.2878912112760482,0.9323993309662,-0.2633798658920656,0.1232436865477883,-0.3027849440478606,0.6996206392635925,-0.09949157084845849,-0.17427299944759467,0.685756013542752,12.384999999999764,3.0,0.2400007442655947,-0.633039384638771,0.7081530768471792,0.3400247192109172,-0.221392478932757,-0.0919945239607002,0.8209424922540826,-0.04553013493358388,-0.12860266878955134,0.5544743319620759,12.385999999999967,4.0,0.0592488613044181,-0.3772922800508528,0.902619580913332,0.2298740981183803,0.2789067100063845,-0.7245281220153637,0.7390469159580201,-0.1598383438556836,-0.09268210521464289,0.6478204899656952,12.391000000000076,5.0,0.1609887315865442,-0.7066957673065773,0.658766059214592,0.4059293577184902,0.0742104843252209,-0.1218711877555526,0.09847237707838535,-0.11876680310069215,0.33185905378381886,-0.9306273184553966,12.391000000000076,6.0,0.4246433112886517,-0.8607640847564537,0.1956431664311166,0.2860130446943936,0.2094032058566708,0.0351392220690117,0.7784859169586481,-0.5551576667605181,-0.10497185553335595,-0.2733871827280028,12.391000000000076,7.0,0.2548523694433514,-0.811414784580807,0.487013672449544,0.4568846460488021,-0.024483085609532,0.2528173529049978,-0.7845399970262594,0.4431523776085693,-0.0686140293440391,0.4282581911219959,12.391999999999824,8.0,0.1488809167096227,-0.9484380391700192,0.192121728326162,0.1416090301944062,-0.0483226264256782,0.1192609105786511,0.6784024764517614,-0.4760580567338474,-0.3388433057275161,0.4453358516070307
186,12.440000000000056,0.0,-0.1495654649270896,-0.9376142330734007,0.2413829356837832,-0.29619753749624,-0.0019193566837525,0.079557189429551,0.45195973142631407,-0.41340394343394465,-0.45172565388612235,0.648670574593509,12.440999999999804,1.0,-0.2871344058748747,-0.3529227518267259,0.8680059701441769,-0.8236248176233743,-0.1475355974529392,1.0631828740322995,-0.3248073318917035,-0.007112744378629791,-0.07264135680335174,0.9429596170030641,12.440999999999804,2.0,-0.090698934642989,-0.3213736686055267,0.9202226189252534,-0.2838838192188144,-0.0634194968525595,0.2342783268888431,0.6891226899337198,-0.11428810411046426,-0.17620211888734139,0.6935423280355432,12.440999999999804,3.0,0.256483093839178,-0.6183386062677366,0.7155164502466427,-0.3664764084362454,0.033869100502752,-0.4346360715657976,0.8288157189890201,-0.073992144171722,-0.15674798294315506,0.5319959928428382,12.440999999999804,4.0,0.0600681998928641,-0.3744927537024792,0.9033205349077178,0.3315664014603272,-0.2298959251407989,0.4932629194727255,0.7253560160875887,-0.13946545392888135,-0.09247934623678583,0.6677242002545433,12.44900000000007,5.0,0.1611155562914642,-0.6926756075889628,0.6725290180892962,0.3495171338682201,0.0642285617212478,0.0039637863526819,0.09962497886955646,-0.11513503319871878,0.3201541144466593,-0.9350508706580867,12.449999999999818,6.0,0.432033511792066,-0.8522064836268829,0.2160674754629174,0.2731965570491282,0.1695506550552027,-0.0870617734939624,0.7823576735978345,-0.5480646968703221,-0.10341983115609481,-0.2772109253450722,12.449999999999818,7.0,0.2519601854160211,-0.7993122861369877,0.5072414949465258,0.3010393006967338,-0.100824117007756,0.1163265710019087,-0.7925180542475407,0.43701279740946714,-0.06289268406090448,0.42068926642316323,12.449999999999818,8.0,0.1326532062177448,-0.9474349473068376,0.2098884167881634,0.3067148037056058,-0.0768076883604171,0.4006964339847015,0.6744073243459822,-0.4718465709388507,-0.3308139319021129,0.4616250825304075
187,12.514000000000124,0.0,-0.1592666852099483,-0.94284660524821,0.2133738548983,-0.564643850188611,0.0175904639396151,0.1310177519043305,0.43508776602568944,-0.43114032788887974,-0.4669615486795477,0.6377801859398289,12.514999999999873,1.0,-0.301108588018748,-0.3696467501067483,0.8562148669328715,-0.1745127668278389,0.1976442871245028,-0.900070367777696,-0.28207446528305774,-0.01899945663644669,-0.10028889243142468,0.9539471446247297,12.514999999999873,2.0,-0.1014919167689832,-0.3362814438376906,0.9147208215411936,0.1441199207817143,0.321545123194387,-0.5549959850953764,0.7114947433818616,-0.11983865354137381,-0.15435659677971406,0.6749725685447923,12.514999999999873,3.0,0.2750665737335064,-0.6072385601524649,0.7176243523449235,0.0981065555211425,-0.3227081035958006,0.1751067787229308,0.8186698960843922,-0.07468052817062266,-0.1817913802492724,0.5395871699960921,12.514999999999873,4.0,0.0782203439527418,-0.3694458854344615,0.9047448897492936,0.2515338913708934,-0.4331706920053874,0.3857620696716807,0.7127448005127605,-0.11544569531102364,-0.10378379282056971,0.6840292867443298,12.525000000000093,5.0,0.1686312180777854,-0.677932956285638,0.6872317069747418,0.3449281495348234,0.0234640402149131,-0.1310554272775064,0.09487907498463057,-0.11621090097860222,0.30773690026966166,-0.9395695758357774,12.525000000000093,6.0,0.4378256759414143,-0.8417481430098297,0.24239377307585,0.3849791615987387,0.1882268921920015,-0.1247630449917089,0.7889583238546131,-0.5355641519138593,-0.1038897743851482,-0.28270606145520005,12.525000000000093,7.0,0.2425660952941318,-0.7878361319364613,0.5301772520857083,0.5339441992944433,-0.1862785821047747,0.4566210205580298,-0.8130078051104794,0.4212889267478189,-0.055937288158309784,0.3980012171119653,12.525000000000093,8.0,0.1221568817468542,-0.9435401490647746,0.2357661624252046,0.4130031836936286,0.0296140498691565,0.0678023373164354,0.6826132812698259,-0.46017388039493157,-0.32474966297013363,0.46563587108071636
188,12.603999999999814,0.0,-0.1619365653835627,-0.9510010811037032,0.1742282770716703,-0.6845155774963685,0.0297576946338553,0.0467966078761458,0.41876887409286506,-0.44855589014693786,-0.4870262103832591,0.6214786512063014,12.603999999999814,1.0,-0.3044940554039647,-0.3684116163069713,0.8561006081026529,0.024957881568958,-0.1802906004304098,-0.4826897346666992,-0.2600942902681345,-0.016319972729851022,-0.1100862573803194,0.9591483902900564,12.603999999999814,2.0,-0.102154161985313,-0.3389975491126077,0.9142916322950372,0.1347334795451477,0.2609168555351729,-0.6301783010913469,0.734938471990602,-0.12310891001778468,-0.13706811245787295,0.6526269770777086,12.603999999999814,3.0,0.2760372028803483,-0.5986356567860855,0.7254376699967306,-0.0525748500431417,0.0009249132430294,0.0828912664688204,0.8129163382151017,-0.08863065598515744,-0.19548171378444976,0.5413857529142095,12.603999999999814,4.0,0.0853086245746737,-0.3730699259784062,0.9023736858439768,0.5042899146352209,-0.2526982236607296,0.0701999302589648,0.7120267024284996,-0.08875502080262719,-0.10136874913237656,0.6891044173494024,12.585000000000036,5.0,0.1754196438414341,-0.6646875169594619,0.6981621970235923,0.2737140116287543,-0.1455961650129092,0.0696559595088566,0.10184084846264142,-0.12234276683971218,0.2993359492123127,-0.9407755728629315,12.585000000000036,6.0,0.4459041126710695,-0.828479448359454,0.2731781944977324,0.4948809619787935,0.2103088118785194,-0.154015929112817,0.7980080677219511,-0.5178674866440354,-0.10593879516293954,-0.28943628281038386,12.585000000000036,7.0,0.244949322465301,-0.7718277730358067,0.5517886535571177,0.4464511757233458,-0.1810489990702645,-0.0630346784169948,-0.8199066298277493,0.4109217119819306,-0.03947216413148851,0.3966590642417218,12.585000000000036,8.0,0.121039026530267,-0.934595396970427,0.2680111900990246,0.5385275933880135,-0.0128632843260162,0.0433526596504749,0.6932798093225392,-0.44256500858597886,-0.3175367049803983,0.47187896769318666
189,12.648999999999887,0.0,-0.1714933410197405,-0.9559038711254614,0.1297914602477537,-0.6547932867128544,0.0840404568131399,0.1358079614688086,0.40143712046015617,-0.46817662825617445,-0.5016498560451925,0.6066352322451899,12.650000000000093,1.0,-0.2995077939745242,-0.3734062683959796,0.8556639761443178,0.2214222979616177,0.0335452523163146,-0.2162997645134533,-0.2496791348696412,-0.027812041030149188,-0.11224269595158792,0.9613991872214186,12.650000000000093,2.0,-0.1006451523332138,-0.3357496171552213,0.9147085589913032,-0.0343903289610262,0.0905571198638681,-0.3118134566453555,0.7448630537634534,-0.12930559568288486,-0.13097603030063154,0.6413301595511978,12.650000000000093,3.0,0.2716384349738776,-0.5863391675522717,0.735994525277907,0.3370076757596116,-0.057204804098444,0.488026380264529,0.797554208189706,-0.08744449460048347,-0.1971996551869121,0.5633587146367048,12.650000000000093,4.0,0.080041493418958,-0.360118859257401,0.9081639535559706,0.3478229112054786,-0.0860622730432001,0.9127116386304096,0.6813471750516712,-0.08014698558222354,-0.09439807629921744,0.7214093781911886,12.728000000000064,5.0,0.1996014352288981,-0.6438240289626125,0.7111989080312997,0.2954052876589703,-0.1970049513144639,-0.3696782537785383,0.08883038237162587,-0.13820782907255666,0.28621969692565613,-0.9439735400118731,12.728000000000064,6.0,0.4501374538322885,-0.8149742296321187,0.3062340243880795,0.5568793739239524,0.1704903035146551,-0.0558283143904436,0.8094135005869918,-0.49871557863190447,-0.1079461825104087,-0.2906547408503537,12.728000000000064,7.0,0.2462793830529108,-0.7527560984441164,0.5752727368286011,0.5892853839885602,-0.2790614322624323,0.3287903739185113,-0.837500717135116,0.39511491937940757,-0.024372085246623685,0.3766732678896951,12.657,8.0,0.1127273807107911,-0.9344192917981864,0.2749311272909288,0.7645557649188771,-0.2892320552590721,0.8710503441018285,0.6827798976221943,-0.4252225697361132,-0.2967991958831553,0.5146917668985531
190,12.742999999999938,0.0,-0.1805142881664669,-0.95771220844922,0.0871258719042248,-0.6779539078616268,0.1929987587263692,0.2211696739825131,0.38377427322180196,-0.4924549322188666,-0.5118057934580661,0.5901358121052718,12.742999999999938,1.0,-0.2849818892256966,-0.3753989359171354,0.8588305780103752,-0.3970176693651573,-0.6456378412445091,0.0871049165036207,-0.2582280999823903,0.001298557689396506,-0.13491756812592315,0.9566158120888442,12.744000000000142,2.0,-0.073536150943318,-0.3450967938902601,0.9133923786364242,-0.0801384539646227,-0.4617211824990667,0.3169667465784285,0.7306274449971603,-0.12257891448376164,-0.1444315622870186,0.6559706320836592,12.744000000000142,3.0,0.2596247360391291,-0.5714465983979997,0.7525741037372784,0.4770618193934128,0.0813582042239963,-0.0528806644636467,0.7992352769114361,-0.07838598577799276,-0.19064124277304606,0.5645657852968605,12.744000000000142,4.0,0.0694153993916937,-0.3407394973265594,0.91594382867561,0.2105286800835761,-0.1870878997709286,1.103187730762894,0.6413729543387359,-0.0732188165932547,-0.09452224925445324,0.757855713665447,12.748999999999796,5.0,0.2263474329838804,-0.6243797691851991,0.7200630135021832,0.3107484578161642,-0.193623385378111,-0.53712014872516,0.06836809178433535,-0.15572018420728198,0.27115236866754183,-0.947392960297996,12.748999999999796,6.0,0.455397747081539,-0.7907090548568757,0.3557570554752291,0.8153347030639935,0.3103077539972858,-0.2022457170938071,0.8254691884784473,-0.4650707466729698,-0.11152339844935023,-0.29978717627691714,12.75,7.0,0.2448850738850209,-0.7355292538195907,0.5991744465211479,0.5830082048768662,-0.3214082137521493,-0.0141489508783113,-0.847440301007448,0.38085486709086525,-0.001191965423120354,0.36985549294289943,12.728000000000064,8.0,0.1178433832402254,-0.9259911912792672,0.299503340047655,0.6350160280465331,-0.065847405245229,0.1501530280309619,0.6904156061079867,-0.4058052153516225,-0.2889707913475832,0.524541990486859
191,12.784000000000106,0.0,-0.1904065692338893,-0.9606681220792512,0.0348725911469852,-0.8132873813785163,0.2322021350846584,0.0868046518483128,0.3678112925882743,-0.5155927071032838,-0.5280071753453749,0.5657627030922496,12.784000000000106,1.0,-0.2536177586712197,-0.3886653331800034,0.8626113210888573,-0.0002179459083134,-0.4590001044533061,-0.2581852912590192,-0.24965054593870337,0.017552315018163716,-0.13879206407668346,0.958177063020893,12.784000000000106,2.0,-0.0422079406401053,-0.3422469847129997,0.9169168398506928,0.0107478344376445,-0.5028701590785462,0.1825699296244892,0.720713447092594,-0.10936243362346766,-0.15720023413929018,0.6662582619963641,12.784000000000106,3.0,0.2491251247500873,-0.5609619216014893,0.7638359737086347,0.4085325559030133,0.1219572585974125,-0.0199559017641476,0.7998792853901734,-0.07417709605530041,-0.1840212963163487,0.5664159688131671,12.784999999999854,4.0,0.0671430062850468,-0.3104877245260136,0.9261744919968722,0.4229417800044366,0.3207785546815656,-0.6363790029491364,0.6685762519078082,-0.06882049441979105,-0.07509303563815506,0.7366346251238597,12.81399999999985,5.0,0.2461845977528576,-0.6026261499123222,0.7325236291554796,0.44436550051073,-0.3979158952241203,-0.1075312092158978,0.07268990828664354,-0.17492817538209315,0.25247126748266135,-0.9488806931255739,12.81399999999985,6.0,0.4631795931067153,-0.7567566943115065,0.4147034725490234,1.0421078250215396,0.3766535326020572,-0.1650496961333414,0.8461086940014049,-0.4204179667191839,-0.11479080190016346,-0.30687437656810246,12.815000000000056,7.0,0.2592997373640376,-0.7103100262920983,0.622630960322292,0.7041840377992317,-0.5254732277101668,0.1549006533480693,-0.8619387288724674,0.3646906620652715,0.029583941431480888,0.3509802545464459,12.75,8.0,0.1245985562054722,-0.907924574609672,0.3457414736640057,0.6497857586340541,0.0383890268754638,-0.0896000846845551,0.7057156774224623,-0.38445216559809514,-0.2817389541885188,0.5241994627046555
192,12.858999999999924,0.0,-0.2022745511586497,-0.95902004298,-0.0236973229755074,-0.9183235969512324,0.5350699152816751,0.1463855989457601,0.3550081414867427,-0.5495253709215638,-0.5384706692350336,0.5310747824602686,12.858999999999924,1.0,-0.2206646304061617,-0.4007793632304012,0.8667756473830733,-0.2995928717887874,-1.1418464010079168,0.7984042828719514,-0.29696500774313705,0.06431695174183642,-0.14913607333521486,0.9409747847444746,12.858999999999924,2.0,-0.0091715881998241,-0.3478713746707526,0.9155148216465824,-0.2581265890063191,-0.800862445428133,0.8159833496365813,0.6855593580554837,-0.10053325632813695,-0.18564827658553798,0.696732479762092,12.858999999999924,3.0,0.2412119583552113,-0.5497765253775517,0.7737490312047118,0.2742324414523116,0.3340545702042253,-0.2587837022026505,0.8086815366790513,-0.07925159270065042,-0.17339784901453606,0.5564948726142503,12.858999999999924,4.0,0.0588842874496293,-0.2799149855191959,0.9378407335861124,0.4142529486870217,0.4715399210071095,-0.6591466249046707,0.6960616321477892,-0.07004046335000556,-0.05101947188142517,0.7127338572247098,12.888,5.0,-0.1237891176656212,-0.9135548675465378,0.6051667194497684,2.5555148523960782,-0.5217303984657473,-7.380363923478037,-0.2540073061673483,-0.31956323359638283,0.048447455222911225,-0.9115988548859936,12.888,6.0,0.257167286596596,-1.20134648174362,-0.4521511003047216,-2.5376479359737263,-2.3302858527393875,4.459556556773448,0.7989991583360603,-0.6001629043439685,-0.022750667681969764,-0.029786579993423393,12.889,7.0,0.2938212758934161,-1.0113408875477157,0.1909022446346907,10.3993937864107,-1.4425648800313025,23.79999174282513,-0.6205784039706145,-0.12247254022650529,0.2816843775237887,-0.7214823856996008,12.815000000000056,8.0,0.1270707312518825,-0.8845819672103324,0.4027415704212939,1.0742303735950256,-0.3811560936413219,0.080478257476129,0.7176765145483237,-0.3386902671511578,-0.274208126638022,0.5431751344534411
193,12.960999999999784,0.0,-0.2101073793024626,-0.9510821239817394,-0.1063328858116529,-1.381112669362862,0.8770971161491523,0.2678516017486394,0.33454571644478176,-0.6012142383891999,-0.5499258381841015,0.4734999215037481,12.960999999999784,1.0,-0.1939072063539443,-0.4013951883485914,0.8724906292302558,-0.407834977273599,-0.6881816990604568,0.9986575614629768,-0.34990840411247043,0.08756528592700116,-0.16991879662181453,0.9170736240818297,12.961999999999987,2.0,0.02095543249427,-0.3507226874910185,0.9150324946842356,0.4246521323787733,-0.4973223205331677,0.0260683988540091,0.6820588107769741,-0.07080249764132047,-0.18308270672075488,0.704459727357819,12.961999999999987,3.0,0.2297843934719301,-0.5397022221634906,0.7830182909156896,-0.1570196926848762,0.6304762136025546,-0.6495312493953209,0.8287416714060196,-0.10665362132940047,-0.16457418713746882,0.5241446213217527,12.961999999999987,4.0,0.0352445261771121,-0.2475956560045051,0.9476704144913726,0.6017858561136195,0.6892392040017735,-0.8745970809386343,0.7311320991226754,-0.07116412412031163,-0.012852924407779062,0.6783924552976892,12.961999999999987,5.0,0.2948021657889056,-0.5771509208342256,0.7350425141625319,0.1074283580934608,-0.5756778393084028,-0.980434549748004,-0.2873363480325548,-0.33164231892648793,0.06255426509117518,-0.8964029001042328,12.962999999999738,6.0,0.4597648682883746,-0.7160458990081556,0.4865712038349328,1.302587012311187,0.4240337676861449,-0.6148387911092107,0.8430886008151024,-0.5307160148059659,-0.037996908315768206,-0.07809198270341208,12.962999999999738,7.0,0.2754075034753004,-0.6895355538901641,0.6398925120290805,0.580784511647309,-0.6070278554931665,0.2893678143119921,-0.591461683986588,-0.13714698004510187,0.2939401972983841,-0.7382160541822732,12.889,8.0,0.1036689948796993,-1.651505875239237,-1.4969068386345608,-5.841039356083103,2.140961538353546,-30.10630810698183,0.5276674176438648,-0.173748860060058,-0.37380108683960167,-0.7427322380659253
194,12.978999999999814,0.0,-0.185327766636067,-0.9416771125752108,-0.1985745063337711,-1.4042572093376395,0.486758049975953,-0.4532743813749113,0.3196992365604313,-0.6187933113334467,-0.5864782453782371,0.4134374241523492,12.980000000000018,1.0,-0.1934687544731962,-0.3807303216641939,0.8815884885864091,1.713100826150732,1.0017023289073583,-0.732732665556079,-0.3187343655698431,0.01022273810537184,-0.11202475184733349,0.9411452357654274,12.980000000000018,2.0,0.0421735680958871,-0.3032726246095048,0.9315031429450592,0.7921170171233775,0.1278686709738211,-1.3141158640189452,0.7326164145319816,-0.03631067151342135,-0.14730985991707038,0.6635167891348052,12.980000000000018,3.0,0.2208249216339751,-0.5385220691872556,0.7879513531834472,-0.1782192769435144,0.5521473341225038,-0.6087242741095937,0.8457197147337732,-0.13118687056598322,-0.15899014197785913,0.49220961373747,12.980000000000018,4.0,0.0008951514610554,-0.2187730817476702,0.9540249144579448,0.4302784634759136,0.689773869573058,-0.5410556575452486,0.7515669320173802,-0.07928398281609904,0.019081041913228732,0.6545969069635945,12.992999999999938,5.0,0.3667108385411982,-0.54274329539795,0.7284654255330067,0.2757232745404239,-0.5043352635446564,-1.0978285165599004,-0.3222350929012769,-0.3452554346637216,0.0648426069547334,-0.879066929227453,12.996999999999844,6.0,0.4897982093273733,-0.6513761214662697,0.5430053982450435,0.677261034017786,0.2730469612194384,0.1328206957878771,0.8654583224020563,-0.49134580946551915,-0.040722857398385943,-0.08889789981210448,12.996999999999844,7.0,0.2948160456370524,-0.6694673569372654,0.6516217900211466,0.453912118819935,-0.5340333801365608,0.2865032011040522,-0.5635161789280202,-0.14629186051350995,0.3061618069992159,-0.7532019354521297,12.962999999999738,8.0,0.1602583667368899,-0.8298827118977956,0.4962700276905559,1.861683197483687,-0.4623303635723164,-0.6474678729234408,0.5316730349318094,-0.1524186435794655,-0.42188063850497504,-0.7184073133469826
195,13.054000000000087,0.0,-0.14031153924838,-0.9356981174945356,-0.2559486371734215,-0.143565143451209,0.4497208583882522,-0.6597847675671866,0.3476424831844247,-0.60703955084963,-0.598162214963856,0.3909599112174802,13.054000000000087,1.0,-0.2806421185775458,-0.3628627642408241,0.8657595599286297,-0.1049105000815711,4.804610213572003,-4.603610785282673,-0.07979492253401209,-0.21090751485845077,-0.19974704237269864,0.9535470148751883,13.054000000000087,2.0,-0.0163871652008624,-0.2169937541555512,0.9558259106522272,1.466968763373436,1.4440917001706677,2.8395258895749262,0.6517439050542542,-0.06256943793837998,-0.03568806326062685,0.7550108011157272,13.054999999999836,3.0,0.2071170047849516,-0.534005934101984,0.7944087163877156,-0.1355942940308914,1.1089220447706387,-1.097455466352622,0.8772951779327716,-0.1618586868307578,-0.13054069400744023,0.4325668312311813,13.054999999999836,4.0,-0.0351835410053843,-0.192754762156727,0.9607610109221886,0.0718412548546321,1.021511682418774,-1.2318725553176255,0.7911180564446704,-0.11193403966282381,0.0477444507982595,0.5994359506652409,13.048999999999978,5.0,0.4152019812630373,-0.5140085229734626,0.7230875141128407,0.1497562600875504,-0.2048081012251594,-0.363671603891837,-0.326739960229336,-0.3418800349563142,0.0802875421559861,-0.8774468363736644,13.048999999999978,6.0,0.4847964384373687,-0.608911750712676,0.5943937189460088,0.9184789847576728,0.6034271742025391,-0.2636310750213572,0.8897566534536991,-0.43804999067041983,-0.038569388877708256,-0.12230169888484566,13.048999999999978,7.0,0.3159349513796422,-0.6501187166423865,0.6617520387335423,0.1998753635237316,0.0484112897980909,-0.6286865417508138,-0.580295152653391,-0.14157715026255557,0.3025933784608205,-0.7427319123628513,13.000999999999747,8.0,0.2223044639828356,-0.7534312123039693,0.5853231019013986,1.7855688826024452,-0.2678992668620542,-1.4032606977944546,0.5116650099120458,-0.10889864369198717,-0.46470725236554056,-0.714413866489601
196,13.143999999999778,0.0,-0.1251401086881947,-0.9117753943443964,-0.335078473593316,-1.904011279017013,0.6556831634855336,0.4390102413550663,0.30186320180319637,-0.6603887016588009,-0.6067291422683699,0.3234889766913458,13.143999999999778,1.0,-0.4265189031028426,-0.4563770136939403,0.7551202862244856,0.9040815144863296,4.968088520665945,-0.7203700947013925,0.015561324701792596,-0.452841247719204,-0.18036363644224834,0.8730186757377922,13.143999999999778,2.0,-0.1988102122937098,-0.3586608175798372,0.8896347101033619,-3.5755779463500263,2.6023610451742405,-2.213507638587024,0.7251214549704085,-0.30050297381302915,-0.1120668807321084,0.6093749687295166,13.143999999999778,3.0,0.1834702207657345,-0.5462698430511834,0.7908836429368155,-0.4540510277893093,0.9410364535116356,-0.7005051107599859,0.8918874438563038,-0.20374210266966103,-0.11408163474133651,0.38731295318638437,13.144999999999982,4.0,-0.0805663096066622,-0.1681056162950384,0.9624414639480308,0.4071475852208471,0.9976647452343428,-0.8704776037408009,0.8173461136092696,-0.12544927436165526,0.08843853240697028,0.5553255226582497,13.085999999999784,5.0,0.4337548779690595,-0.4995325558049392,0.7235737222488329,0.2190027041157959,-0.2357961158933746,0.0090325267313568,-0.31369497362631993,-0.3406973278765568,0.09801143520110787,-0.8808601210573536,13.085999999999784,6.0,0.4853375328491965,-0.5598927886607711,0.6412749366796745,0.528685441330232,0.6059654093247343,-1.1332107044333783,0.8942502588776332,-0.40100855043373995,-0.05231483820695662,-0.19175967949414383,13.085999999999784,7.0,0.344823888406242,-0.6229006815523206,0.6735252236598522,0.1970711891611903,-0.1566732560307378,-0.4191162227239782,-0.5863826605809285,-0.14272510382034378,0.3064662229529355,-0.7361136965839349,13.049999999999727,8.0,0.2692268965965417,-0.7019052142833762,0.6290993151409425,0.8503464782585219,-0.298265215836194,-1.0483586462939596,0.49543199213822403,-0.09748174735045485,-0.4717812324916505,-0.722818731611261
197,13.18899999999985,0.0,-0.1469566791531091,-0.8626154524859956,-0.442028636611556,-2.0641443603213867,0.4221474442001602,0.5931417338188812,0.23986800209759576,-0.7088634165413027,-0.6096938770193645,0.2612458125677719,13.18899999999985,1.0,-0.5675091411311997,-0.4336293123287829,0.6712257401365019,0.4085859722568761,1.8345130264482867,0.3146832656497976,0.032269104496103,-0.524578869476775,-0.15644299432268324,0.8362423716368605,13.190000000000056,2.0,-0.3177383411724719,-0.3448585254058994,0.859976711314809,2.33749677594089,3.0714009343335,-5.599233749443754,0.9236595103380782,-0.23797238311587976,0.04705057952723115,0.2966622604955381,13.190000000000056,3.0,0.1528294577604839,-0.556295275838323,0.7921620559712519,-0.0693851994897488,0.0979164938797683,0.5567820530837163,0.8796290200143232,-0.21577609937624273,-0.11277765818902784,0.40862533193625433,13.190000000000056,4.0,-0.1444356972937416,-0.1514618052451781,0.9577847623026492,0.3883107593847194,0.9940883973618148,-0.1245446903147963,0.8196046418226574,-0.13570004204711977,0.13207756255046016,0.5407302905903209,13.159999999999854,5.0,0.4283924041231536,-0.4803016095343658,0.7381824381332043,0.764309049525713,0.0361816761260285,0.471608747331224,-0.27285259485892177,-0.3328475704983178,0.09267184886650404,-0.8978729780541256,13.159999999999854,6.0,0.4888465219893559,-0.519418944781582,0.6720573173032923,0.2385381052282766,0.6866295070100891,-0.8093712897435082,0.8915697931379822,-0.37666032525501997,-0.051792612019670545,-0.24606468394074363,13.159999999999854,7.0,0.3471186422072331,-0.5962899466564072,0.6958993804773114,0.5227288602668837,0.1817807286422521,-0.0225799028281198,-0.5811574894855414,-0.13519277530777268,0.28951254768662116,-0.748439289890267,13.085999999999784,8.0,0.2918022358095306,-0.652344072540287,0.6705607103000532,0.9125309966464984,0.0450871390905018,-0.2727414211394371,0.5144403130977869,-0.08982111182251742,-0.4682994927578568,-0.712726397163422
198,13.236,0.0,-0.2034032562516509,-0.8194908043409945,-0.5121503069868989,-2.292941047731748,-0.6512431024943062,0.3026067980727406,0.14095778630008873,-0.72776277297763,-0.6307550660208676,0.22943473023563812,13.236,1.0,-0.6147208407837846,-0.4042284325287492,0.6637662707922325,2.921120570776533,-4.240680634315237,-11.913573719364193,0.6740908801387622,-0.17832123328558885,-0.3001159234954035,0.6509481204656455,13.282000000000153,2.0,-0.2430579557630113,-0.4074341738796032,0.8564941471459985,-1.4707410043816982,-2.7791322375186693,5.538588512283007,0.8054274396973421,-0.23798974025160233,-0.020764071962416218,0.5424171607103695,13.282999999999902,3.0,0.1088113521436817,-0.5498409933929921,0.8022985551708738,0.6910921325584317,-0.1101310594414525,1.3764399203624815,0.8558967869373565,-0.19407508073035146,-0.0958455503746591,0.4696692278861747,13.282999999999902,4.0,-0.2222932439204862,-0.1588304243886925,0.9412648989502452,0.0097452305326288,1.6475898174164163,-0.648692915055347,0.8266961359888764,-0.18346307916498653,0.18622054959433895,0.4982335840076877,13.213,5.0,0.518012375659477,-0.5394350332335797,0.6791612647846691,-0.1673893471086588,-0.2968081972130875,1.0424973821392287,-0.21903266080851974,-0.33175073593082804,0.14498247665939906,-0.9060608280740322,13.213,6.0,0.5662413932500969,-0.5602752397857191,0.5968855336270467,1.0552620041149037,0.0590478508794947,2.412149056430575,0.9320031138621794,-0.3335898862708982,-0.0358419749009668,-0.13712525793656263,13.213,7.0,0.4807069763137089,-0.7021897570089461,0.6206571904643079,-2.234343232679413,0.8734259448746681,0.775753616763173,-0.5744755750203769,-0.015103593941789418,0.3648892558208365,-0.7325336348192928,13.159999999999854,8.0,0.2612285793055239,-0.6372013484025879,0.6976152743080826,0.643516042311124,-0.0004967496578954,0.931922610237225,0.5741215262539544,-0.11782694380888536,-0.4475588195521922,-0.6754201562327972
199,13.282000000000153,0.0,-0.1657680155466857,-0.7877599049098555,-0.5592113171584863,-1.242847012161158,0.1573370300322362,-0.1760813367514244,0.11615803159191317,-0.7267915086185645,-0.6475765134151815,0.1972969182974746,13.282000000000153,1.0,-0.5205864248627646,-0.3425271888975665,0.7558405249221135,-0.0005383328043726,-3.464133286310623,-0.7156751951119187,0.6431524722723995,-0.07111968414675912,-0.3885075339871507,0.6560173656024575,13.329999999999927,2.0,-0.2038677171232413,-0.2785279435485725,0.9168953803883848,1.9542427941414229,-1.9609879351645083,3.284982271136182,0.732304414369019,-0.10971909171557903,-0.01920982270479945,0.6718057370404086,13.329999999999927,3.0,0.0732512735458113,-0.4960204520625406,0.8413988127277039,0.3316253950228248,0.3266234304096093,0.2412967792363532,0.8545411558993106,-0.19066639979276667,-0.07800595274062448,0.4767817196593874,13.329999999999927,4.0,-0.2937587791605044,-0.1453151192152358,0.9237430897135804,0.2791365977272477,0.8661408078254034,0.7986747938614802,0.8035453489232393,-0.18224350000835116,0.22619963194207865,0.5195535635887834,13.266000000000076,5.0,0.3949495318479969,-0.4547720794663109,0.7729361054000099,1.008379845515926,0.5027950742896077,0.7267420614500751,-0.16738999296342547,-0.298587611244332,0.1195276329424773,-0.9319544911798411,13.266999999999824,6.0,0.4652045619548446,-0.4841662641004793,0.7137742950284678,0.3598859621239245,1.0132894663378826,0.1136737128786107,0.938928929991222,-0.3080641768375535,-0.004512436171074855,-0.1532597967333294,13.266999999999824,7.0,0.2951474936286477,-0.57462786475566,0.7375017112190847,0.8291296501300094,0.5432851419865333,1.4262929478738724,-0.5303360017545495,0.015900790417469213,0.3177721783221432,-0.7858191476360818,13.266999999999824,8.0,0.1695849075549328,-0.6236469350066647,0.7371970290135316,0.886246910435173,0.270858756467143,2.0780136421936284,0.6786096335656607,-0.14727794808129077,-0.4118566559087902,-0.5900612393849239
200,13.328999999999724,0.0,-0.1181004768008907,-0.782568883820187,-0.577619441722514,-0.4384548106899941,0.3223822317945996,-0.142950715961031,0.12864323424481422,-0.7230387080667947,-0.6526812609410131,0.18620718712386855,13.328999999999724,1.0,-0.4426540936342296,-0.2734334980515861,0.8302556687744636,-1.206474382104045,-1.4678216964619777,5.084924883032342,0.45229972534865726,-0.17337279593945235,-0.395683506558877,0.7802572618790146,13.384000000000016,2.0,-0.1739690554451764,-0.2505814202765345,0.93156036817788,0.2023216715340019,-0.4578117076958465,0.4208260313239271,0.7183808918636846,-0.09206970241236065,-0.02718326397486782,0.6889942918939961,13.384999999999764,3.0,0.1154916273902758,-0.5179853760603121,0.8242437953605734,-1.8399859610973444,-0.9180329269098364,-1.7262829083977171,0.8675108268234961,-0.24317608648666972,-0.1925363590728018,0.3888702955228525,13.384999999999764,4.0,-0.254072651159865,-0.0896139035446883,0.941642414201952,0.3450396737738616,-2.1767384018246574,-0.0056434682867132,0.8333027382298279,-0.10408426269283169,0.12986809398360527,0.5271691292966861,13.297000000000024,5.0,0.3382576451913159,-0.4355193536072057,0.8101565639450113,0.8871548694137468,0.511446614045017,0.6472948329809772,-0.12197029059651321,-0.2637476436251563,0.09708219228198527,-0.9519114857147714,13.297000000000024,6.0,0.399133401421333,-0.4773962347609505,0.7570728914086837,0.1943221715574229,1.1467596401728977,-0.2147653160609418,0.9387088933611023,-0.2892173877180097,0.02990206314862935,-0.18516150460017558,13.297000000000024,7.0,0.2127963685458245,-0.5182879466058854,0.8035479512367415,2.235822703995307,0.3260696316920285,1.5641094643578914,-0.4764199894882497,0.004523020722922896,0.2204114587291993,-0.8511300281158117,13.297000000000024,8.0,0.0744298560370021,-0.6046935053504735,0.7680885112519702,0.1172814801863592,0.7284631247253366,0.5506709907081379,0.7309687961577002,-0.1491267913461471,-0.3438656144357259,-0.5702650772713563
201,13.384000000000016,0.0,-0.1217536826803417,-0.7710770718435247,-0.5926391735541874,-0.6730107262013816,-0.5699253663243308,0.0977411098558379,0.09959006873119125,-0.7209450020896772,-0.6555112193516565,0.20155684924143985,13.384000000000016,1.0,-0.4128560197741818,-0.2254518371680924,0.8598670688273581,-0.2307068215081016,-0.8341420520924885,1.3977389830141806,0.3779100305742674,-0.1832587037439565,-0.37793776508985283,0.8250838151438485,13.469000000000053,2.0,-0.1587774051205569,-0.1992121672051979,0.94650739461485,0.8426539800688665,-0.3668223649938131,-0.3207770492755341,0.732405856705127,-0.05200984977161434,-0.010904854954408712,0.6787913676006688,13.469000000000053,3.0,0.2738924883834294,-0.6088528803564628,0.7174998779712592,-1.0571020304457426,-3.656978501231601,0.9449146018164926,0.7939223558136881,-0.22202312101222213,-0.3532035066107647,0.4423124569725516,13.4699999999998,4.0,-0.0635857949026121,-0.1454276191061721,0.9675766916827384,-2.16599999001312,-3.278139733240227,-0.6127943593628734,0.8525117073838787,-0.11168458588435175,-0.08524471607189657,0.5034716282285294,13.364000000000033,5.0,0.3062232242591033,-0.4083458210982204,0.836828553119442,0.5020484513393939,0.2501214054542371,0.272725579895709,-0.09917541336098225,-0.24218682034652306,0.08837114332973425,-0.961093295399419,13.364999999999782,6.0,0.3456928924058388,-0.4860031266971381,0.7775676079806122,0.0663157033330204,0.6018271343327772,0.1714587377565777,0.9394137538861022,-0.28153133365655675,0.04544659273933967,-0.19020124707153516,13.364999999999782,7.0,0.1743374429837069,-0.3955879381841433,0.8791761138344928,1.922256637182996,0.8821690611706725,-0.1349634871916268,-0.49327585227040316,-0.005082812018172293,0.11770137432781445,-0.8618581583243492,13.364999999999782,8.0,0.0993427817244875,-0.59870910444911,0.7696800763752336,0.3994681522563614,-0.2732584568368587,-1.1327773576838025,0.7126198960185663,-0.1380983727325446,-0.33716248165304624,-0.5995191274785734
202,13.467999999999847,0.0,-0.1828691573918963,-0.7291050546637988,-0.6271536418920618,-0.6903623335949898,-0.9786191868160016,0.2356323672984321,0.05329603910055669,-0.7179652188688461,-0.6546602292948289,0.2304462212544256,13.469000000000053,1.0,-0.3926267542420614,-0.204304545279315,0.874169825967218,-0.3751835557677347,-0.6848557698805651,1.5641273070269437,0.29504573180092697,-0.19844640313934495,-0.36002909505570013,0.8625230964678486,13.552000000000136,2.0,-0.1151301701967054,-0.1612125928737582,0.9602169253920684,0.1463974991079378,-1.0127283181602147,1.6700308456044524,0.675338835590149,-0.018265194154842363,-0.03899493151717982,0.7362494381269151,13.552000000000136,3.0,0.4157768487651475,-0.6339047424012527,0.6199486991615719,-0.83446631350292,-2.6228225580266304,-0.3884942145054724,0.7453148856560878,-0.18607431841564243,-0.47428091979178727,0.43004613516117446,13.552000000000136,4.0,0.215754626759384,-0.2781950294892112,0.9145225347685072,-2.035567416742003,-4.522542057742125,-1.5141424879017198,0.8437156902692635,-0.07337084535224604,-0.33836045769947987,0.41021062115839413,13.4699999999998,5.0,0.2724985818372156,-0.3640949457589371,0.8679172733443566,0.917937356040688,0.673613049452422,0.0361661186571552,-0.08584776118629607,-0.20335660247645757,0.05279329264711426,-0.9739040622053123,13.471000000000004,6.0,0.2994862185676161,-0.5045703451827493,0.7849297877200427,0.1199445947071621,0.0089452293547233,1.8009811232961377,0.954266581741286,-0.2730437981310005,0.05561016594477596,-0.10830459231996303,13.471000000000004,7.0,0.1267997507385941,-0.2906124896582031,0.927428813476965,1.5522688418274384,0.9869341268978704,-0.6577532590716428,-0.5276165984478528,-0.004900026528926654,0.029284857420847753,-0.8489635515781427,13.471000000000004,8.0,0.1082459641214477,-0.5011137018206961,0.8351160812120533,1.731699938326877,0.2840405938072511,1.5817517958448533,0.7896125326249069,-0.10122441211281834,-0.3320934567402166,-0.5059442683778803
203,13.55099999999993,0.0,-0.1987447838043585,-0.676101935488161,-0.6810761218393442,-0.933839523720264,-0.3141196402993834,-0.3132253927318419,0.02690370585093484,-0.7017630730561445,-0.6766702023321263,0.2211836729554919,13.55099999999993,1.0,-0.3674230236141436,-0.1832400199778446,0.8889704251530304,-0.2708284332599828,-1.21400703721239,1.0097851572132717,0.22438826706954848,-0.17179034955775951,-0.3503334826468903,0.8929750457525949,13.610000000000127,2.0,-0.0774727145076454,-0.1382863934071397,0.9667211862296504,0.3434296301211882,-0.823490736026918,0.5392971242076853,0.6540425396799329,0.016423171926604734,-0.052523419695221056,0.7544533955761697,13.610000000000127,3.0,0.5191090236943762,-0.660474243307101,0.5040283677006525,0.4576911245509463,-3.678328229191237,1.0086252953120662,0.6403661056668415,-0.11582327704673855,-0.5741078375943252,0.49690684239604305,13.610000000000127,4.0,0.4147329515670707,-0.2099771190900498,0.8631518918145918,2.3730315364719763,-2.666482147100863,-0.4433227394113265,0.8145216347435048,0.09171447167177564,-0.38476384238029093,0.4243816063609379,13.536000000000058,5.0,0.2546872901424065,-0.3103767410306197,0.8943012148415818,1.148532866661956,0.3481082238998388,-0.1263059790350938,-0.0786084621012615,-0.18383787407200344,0.005880964193063473,-0.9797906715227088,13.536999999999807,6.0,0.2494699602400538,-0.5122350768961481,0.7979153870774915,0.3330679886500491,0.042998437259372,0.4519271043872387,0.9606400103857664,-0.2576619569113595,0.04749661620894196,-0.09233178139375202,13.536999999999807,7.0,0.0918252266467513,-0.1870807034938828,0.95787469855483,1.827283940353965,0.1730413745827557,0.1337468196309321,-0.5224022262922744,-0.04358582380709126,-0.044889044726328854,-0.8504005900700505,13.536999999999807,8.0,0.0131515788135541,-0.4311461054311549,0.8799557214691307,1.1071122235057491,0.0405600687221702,0.2150966151527235,0.8145887540848981,-0.0693035860487899,-0.3215806913927922,-0.4777321776921931
204,13.608999999999924,0.0,-0.1759829940575802,-0.6382012046637314,-0.7219959890250716,-0.9474469207245916,-0.0953929996414799,-0.8626944832243781,0.014507512457201862,-0.6683599607911377,-0.7161621780557919,0.20048997385394915,13.610000000000127,1.0,-0.3346246096373144,-0.177805568380064,0.9036241201285616,-0.419834117996384,-0.7108495863489933,1.2420452300322955,0.1499913665471231,-0.16966427750970964,-0.3389286826414977,0.9131505741011904,13.654999999999744,2.0,-0.0202247195152408,-0.1070420544784948,0.974235063674857,0.8039546489361874,-0.903199413601637,0.246108564119779,0.6417909322388601,0.0697088894149968,-0.050371668574632114,0.7620418394271473,13.654999999999744,3.0,0.5444969242480115,-0.6484112070716932,0.4937357653930748,3.5143890128167565,-2.1000432975630345,0.6235995819984099,0.5846628305895393,0.02266570588146902,-0.537046501343146,0.6076484968293829,13.654999999999744,4.0,0.3779031111392846,-0.3454637702248277,0.8352963677960636,2.1249609879553164,-1.2943757368354067,5.468236023184218,0.6582467765664389,0.07028259021606391,-0.38857763452170757,0.6409204011434866,13.57400000000007,5.0,0.2459617195819011,-0.2149324061495523,0.9235799333501558,1.8559358432167887,0.2188870183157825,-0.6699143008518932,-0.09271009974618517,-0.1762196983903934,-0.08114102688160307,-0.9766102544315466,13.57400000000007,6.0,0.2422537294233998,-0.48635534865712,0.8155835980529927,0.2192438764253673,0.1239961410701466,-1.389552066732855,0.9537465986795899,-0.2510864629782537,0.02111810098645587,-0.16394218318330706,13.57400000000007,7.0,0.0846606538525128,-0.0683047517112991,0.97368425815709,1.5634531695017124,-0.0066597097273267,-0.1624394655866084,-0.5264604760768253,-0.08221851843985821,-0.10227557327085122,-0.8400114222239099,13.574999999999818,8.0,-0.0002864727753878,-0.3738535696474928,0.904409435153778,0.8646380372319593,0.4286483994943918,0.0306564140871269,0.8372079723149675,-0.033973857433300475,-0.2893794956950761,-0.4628045976161276
205,13.654999999999744,0.0,-0.1491390904619579,-0.640847879843768,-0.7266219970493099,0.3275603457583889,-0.0727397382440409,-0.6647323951708839,0.0447188881230119,-0.6387413444080731,-0.7342809019347124,0.22548009455992823,13.654999999999744,1.0,-0.3154269621549188,-0.180439528211903,0.9102205272374302,-0.3973000382036069,0.1079957904506453,1.6280515129133903,0.07105842572427298,-0.2072561304436154,-0.31665624755419136,0.9228891685419359,13.746999999999844,2.0,0.0666101419899615,-0.0949000003250157,0.9731048653266458,0.24903344732703,-1.6142860780733066,1.1706898210612766,0.5928224946405154,0.1286153817519167,-0.09748893450376184,0.7889965025742042,13.746999999999844,3.0,0.5514257152987113,-0.5242353118597801,0.6174990026765904,-0.6249681707841861,2.9596734257207724,-2.2027301075349315,0.7372474560935351,-0.030230165033452484,-0.4393449676203905,0.51237517995342,13.701,4.0,0.2710847175041185,-0.5377408469577055,0.8250320341955952,-0.4323719534572067,-0.8002020621898636,7.01565807438017,0.430080311032938,-0.06567852116941093,-0.4014629888986851,0.8059433767103895,13.634999999999764,5.0,0.2398491082868617,-0.0601707259413542,0.9484286420146156,2.0423762251480464,0.0902321339658666,-1.1792440892369669,-0.13098105397622956,-0.17529516772698117,-0.18074179435930574,-0.9588784967046784,13.634999999999764,6.0,0.2366713483977693,-0.4728832378942763,0.8249824944604626,0.4892752709333172,0.0381211879575977,0.37493258587086,0.9618383020046457,-0.22889391470753037,0.013777570532204938,-0.14928106094515747,13.635999999999967,7.0,0.1028470827109122,0.0320634077366068,0.9729868526666592,1.7023027801140154,-0.454739385590146,0.3173811081743085,-0.5094231829977565,-0.1438493462237901,-0.14869799665163827,-0.8352749798762154,13.635999999999967,8.0,0.0145539496705833,-0.3871796000236361,0.9000300772054917,0.0447880839718439,-0.4570807725778675,0.7079015382431396,0.8572984556495217,-0.06753617499939504,-0.2749484374687751,-0.4299785805605614
206,13.746999999999844,0.0,-0.1098911840556307,-0.6667913803767302,-0.708413849894358,0.6323648068811744,0.5202046131710538,-0.2184173513420458,0.1005421951148312,-0.629412907136379,-0.7318663071812723,0.24104432734347989,13.746999999999844,1.0,-0.2849879698548357,-0.1836448465239953,0.918891956316518,-0.4334460318520708,-0.6579720452862282,-0.169022082914746,0.06152332579492985,-0.17110114959144204,-0.31928601946064133,0.9300514581293858,13.797000000000024,2.0,0.1521479632681933,-0.0507233578955547,0.9669643934691392,0.4912401585017775,-1.3595339558377275,-0.759920855773068,0.6138735232583855,0.19300496997097102,-0.10946536698541888,0.7575788489916998,13.797000000000024,3.0,0.4911043083020181,-0.5423629654141502,0.6503275883078972,-0.6605864805795568,0.5671540683249564,0.0672397394253104,0.7466091141766583,-0.07595692708926252,-0.4307848887721962,0.5012282468706531,13.748000000000047,4.0,0.3299895799712702,-0.3800341059503004,0.8410570464748156,1.3685206128122585,1.2677804116977152,-3.731116792805393,0.6254638128311668,0.014854683939776531,-0.29513830116380235,0.7221272328266627,13.724999999999907,5.0,0.1912414887103466,0.1504049935420907,0.9495083100813042,2.900126691351318,0.6484771421090859,-0.9310558693405424,-0.14512472086200465,-0.15114930600665694,-0.32275598839303,-0.9229958150744073,13.724999999999907,6.0,0.2152320201355447,-0.3217284529332208,0.9006236617375588,1.2559373364640056,2.466561575566674,5.317158703057418,0.9757530187897749,-0.13314693699439345,0.1508779564317264,0.08610332023004798,13.724999999999907,7.0,0.1552995459685466,0.1773374720234783,0.9512110554647089,2.752069238478485,-0.8575256436786023,-0.1896233510956989,-0.5055322899750037,-0.24566166959877422,-0.2339143073791036,-0.7933294049043725,13.726000000000113,8.0,0.019434000713044,-0.4381421142004954,0.8764079001128444,-2.9044585845177284,-0.8533190395773084,-0.6214832706955525,0.8252887950541388,-0.2100095541051663,-0.2208138984518218,-0.47543202899378306
207,13.797000000000024,0.0,-0.1292423441454793,-0.6804731156738072,-0.693335961367188,0.0515437980090931,-1.0359885234331685,-0.0904834971788909,0.07393344223675959,-0.6105012199966393,-0.7357779596436552,0.28364220525912287,13.797000000000024,1.0,-0.2652626746566111,-0.1980842530658447,0.9222707531529812,0.902970521507051,-0.5458327179033778,-2.6012727892749905,0.1810431599599306,-0.0921042275354529,-0.27715607821002547,0.9391084568957191,13.864000000000033,2.0,0.2377687499622366,-0.0276209275560132,0.9496047103412768,0.1049219527871103,-1.240764821967353,-1.6474345948925164,0.6695870480655483,0.24191586608481674,-0.12454494940932037,0.6910994533176307,13.864000000000033,3.0,0.4249293450529728,-0.522504546346571,0.7116832517068363,0.5331315459051746,1.7480846040090885,0.0629984024612136,0.7856715332739558,-0.10246885837510981,-0.34035921589818713,0.5063358361990828,13.797000000000024,4.0,0.2660703965174779,-0.2954967995951318,0.8948509292200943,1.6986542055860392,2.2769817662239893,-3.0450143306589803,0.7701632244146358,0.042817358840829885,-0.13029012854588384,0.6229283778610861,13.831000000000133,5.0,0.1543021232230593,0.3323095456189271,0.9085544676349336,3.3634423751611284,0.5365176228728981,-1.0917033131999363,-0.1626101110761581,-0.132271306437522,-0.4775914912986815,-0.8532107715612901,13.831000000000133,6.0,0.1174976734167124,-0.3979132484158019,0.8875135736859713,-1.0689736919802928,1.1504059058858078,-2.377195763709791,0.964166554519607,-0.21344059569568002,0.1535310154648858,-0.03541460920558327,13.831000000000133,7.0,0.1997516700958996,0.3615807540045047,0.8889581703474201,2.7016952235413867,-0.8451881429003665,-0.4804530555498295,-0.5027074752662681,-0.3363237671885228,-0.31564190922219876,-0.7311235894690445,13.831000000000133,8.0,0.0816327457083846,-0.8064364281084924,0.5512362308917352,-5.818646668972391,-0.718234189819925,-0.9037503527212836,0.7317045049852969,-0.44772862992760026,-0.09468979795555496,-0.5051548608996171
208,13.864000000000033,0.0,-0.1623579460529964,-0.6915009761515238,-0.675343096014864,0.586787374933447,-0.4764676813868835,-0.0951629442768595,0.0849202889627661,-0.5936251515970254,-0.7308169241666771,0.32604347450216875,13.864000000000033,1.0,-0.1828445073503612,-0.224320797628326,0.936014458159272,0.2920623974139517,-0.9546292824851406,-2.2377253904434222,0.2747847130873251,-0.012954597739737641,-0.26255107938998234,0.9248742998711087,13.91,2.0,-1.2292375493752057,-0.0867007745224281,1.0614085089649743,57.68268622568083,2.0615033036410626,-38.51196801122096,0.04092989257185543,0.12940114564401062,0.3134628719869265,-0.9398516453599375,13.911,3.0,2.298736084770998,-0.4799453042396308,-1.1096818992441169,-87.37519782125432,-61.61608367124568,100.91104456392068,-0.009511172004538073,0.041045578418448,-0.18408345145422803,-0.9820071695258105,13.864999999999782,4.0,0.1787924538958825,-0.1870906642140636,0.944817623562256,0.6909451193645054,1.8304812701807665,-1.1714462552201563,0.8153506582792682,0.015553845195091523,-0.03306543013837874,0.5778131698680595,13.904999999999744,5.0,0.1001359108073302,0.5321240143689799,0.8168909552067692,2.537968797519617,0.333502240426838,-1.0380741787931649,-0.1832265475539102,-0.11361150343378593,-0.5772588434407359,-0.7875866214128155,13.904999999999744,6.0,-0.0210855583857908,-0.4919885282369244,0.8467394447590266,-5.71816445443509,1.1284683956368955,0.5308907999183203,0.8670339466767584,-0.4528107469129793,0.20667638207090264,0.022348062204953945,13.905999999999947,7.0,0.2580301477969851,0.5193228860124942,0.7902564032587904,2.252383325410934,-0.6218441309831896,-0.3269779366704867,-0.4882473510228536,-0.4028796164756993,-0.3743668560464531,-0.6776075530433927,13.909999999999854,8.0,0.0820796936027658,-0.8955164585535433,0.389732211085761,-1.710073627618538,-0.4918467595019983,0.1782363173326623,0.7012356246660806,-0.5288831305307999,-0.03661698228254836,-0.4766659517394042
209,13.95699999999988,0.0,-0.1202907933921892,-0.7426352896486043,-0.6280923113632351,1.5580953376586593,0.528666473624819,-1.318698749826927,0.18406346291780587,-0.5369302296926101,-0.7386342817295017,0.3636563871498612,13.95699999999988,1.0,-0.1137361805099583,-0.2531553423953495,0.9397033861063284,-1.1873038800210325,-1.0989582020299242,-0.4133683884451438,0.2780573167243998,0.019189766539614354,-0.31836093175517743,0.9060696433542827,13.95699999999988,2.0,0.319396046401877,0.0054673617628268,0.9264714099734565,0.1696963093635244,-1.4024824927095871,-0.1034002078337616,0.05277582248423526,0.037281926043318384,0.27648669773194373,-0.9588429884652115,13.958000000000084,3.0,0.354292926854157,-0.5011645208488961,0.7637706756765485,0.7879727987319877,1.317938457096015,0.4503614988041225,0.02530033287370751,0.08124982204222685,-0.18692290578935078,-0.9786818619274864,13.958000000000084,4.0,0.0769068787192991,-0.1181879639681833,0.9684766064178888,0.999318175724432,1.8970465524839448,-1.336120633299381,0.8533736801160734,0.0013150785803317281,0.07344049561226991,0.5160989500645216,13.933999999999742,5.0,0.0348923065513041,0.6418458891487168,0.7389975517729559,2.2853168421383216,0.8967228858517183,-0.2207825789477694,-0.1551371500400288,-0.08879093655755033,-0.6556050816231892,-0.7336420184344283,13.933999999999742,6.0,-0.0224622043746505,-0.8267393001594847,0.5261820777510737,-3.5846523072465124,-0.1540947070592519,0.7219921540861921,0.7818133707809957,-0.584601234223423,0.19964458421242376,0.08456530143715066,13.933999999999742,7.0,0.2920928581341454,0.6151162657972937,0.7029101946754073,1.963163817384452,-0.4199781197708768,0.6209294172577193,-0.43887477156636495,-0.46636856606170946,-0.40109424315278286,-0.6549906133539718,13.934999999999944,8.0,0.0941235085853771,-0.9103554372147732,0.3512516805156637,0.2524774749592989,0.268264182673934,0.0655729614629864,0.7166806339400951,-0.515994518509547,-0.010477363770415884,-0.4690509041156903
210,14.090000000000146,0.0,0.1683622302659162,-0.858811582387587,-0.4413103504075277,0.7580403471297883,1.6005328950334712,-1.9772136666727649,0.31958527429864836,-0.4758432366979906,-0.7510605969754435,0.32763767520101844,14.090000000000146,1.0,-0.1126190687276517,-0.4746047744488758,0.8495429673826086,-1.2586713071754254,0.1685526107706175,0.9602561744006192,0.23580281521091964,-0.0325264427746365,-0.36461690582244205,0.9002186261389516,14.090999999999894,2.0,0.3015900956957737,-0.1562528050462876,0.9195767912977038,0.5798713946483292,0.8015493305207476,3.2841331393658715,0.19625670784045643,0.11219474474370862,0.2214205106582826,-0.9486140423477534,14.090999999999894,3.0,0.2125691054524249,-0.4119421149884194,0.8630869419160643,1.6003419271324608,0.6499635502429948,0.4328783153657556,0.04676025577421747,0.0948486987572089,-0.23207318410439198,-0.9669329035893044,14.090999999999894,4.0,-0.0738526073697129,-0.0301203376726789,0.9770013089260317,-0.2523140662287684,1.2096717907189634,0.9165989021825428,0.8246953231861305,-0.040137917060140006,0.11373532150669138,0.5525675055328234,14.041000000000167,5.0,-0.0267782394778475,0.7441507222090162,0.6365843451784424,1.4613055917847575,0.822988400421714,-0.4407427711704815,-0.14081188377107343,-0.05318067076308461,-0.6963489751661555,-0.7017420711565433,14.041000000000167,6.0,-0.0803456518953393,-0.8655423947067418,0.4533684364695368,-0.0390539296152022,0.2001510446116665,0.9253245961636042,0.7831450401279083,-0.5719146086592171,0.2195305715585198,0.10678883217088378,14.041000000000167,7.0,0.3165679733916529,0.6762466702643841,0.6321638705106729,0.9941834012489428,-0.2490447881720841,0.3678780692586549,-0.41315366220705535,-0.4932141183518988,-0.40412020910586816,-0.6501774692001309,14.041000000000167,8.0,0.1054936929319989,-0.8850672344269249,0.4080515547028879,1.2628152165659363,-0.1757590807342787,-0.2646667088052359,0.7486723513777053,-0.4735950977361119,-0.035463195404118394,-0.4625362206948008
211,14.134999999999764,0.0,0.2253491060927792,-0.8744905627701403,-0.379216344596522,1.0461345437409664,-0.0576202295630352,0.261410283519409,0.3458530692663002,-0.46245311812551443,-0.7243762007375594,0.37656591430994896,14.134999999999764,1.0,-0.1360550124676348,-0.5189766332772227,0.8192296916583717,-0.6676372352636393,1.0700858883894442,-0.6474584892519034,0.28089425471185075,-0.0876270336520866,-0.3719872044234997,0.8803666511110013,14.134999999999764,2.0,0.230028121867513,-0.1452234639019862,0.9415594557341628,0.997761058797273,0.9769668852618372,1.2339678839295083,0.23695423473735888,0.16230842194770279,0.16039825959903037,-0.9443416040408689,14.134999999999764,3.0,0.1558105711407765,-0.3489334734692874,0.9026391842887408,-0.1684773546732587,1.532288571754235,0.1186790829809297,0.0721598112930999,0.15066405016651743,-0.18558615083141242,-0.9683238540081235,14.134999999999764,4.0,-0.16693646638525,0.0053801748598095,0.9654207735020436,1.1127018818628824,1.2940685503587994,0.2538403222351346,0.8121018716282653,-0.02965090964241447,0.1931835287598331,0.5498104199368586,14.116999999999734,5.0,-0.0407205516599896,0.7880820502456014,0.5804804206458606,1.020033670844814,0.4194944807358115,0.1768917655590445,-0.11931896716484801,-0.05178503376993801,-0.713865413513803,-0.6880969886149244,14.116999999999734,6.0,-0.1337693470456808,-0.8231236710815759,0.5143648354000903,1.7592309988418628,0.2085893310917133,0.6175206972921188,0.836739091141055,-0.48354763584385063,0.2379126312449742,0.0971954583319449,14.116999999999734,7.0,0.3460085176516637,0.6937868669921261,0.5976009445288285,0.4009170259547375,-0.2737403699470612,-0.0093414477118693,-0.4137904666107211,-0.4994853329988564,-0.397235659166387,-0.6492269887702985,14.116999999999734,8.0,0.113556388553432,-0.8151124663022327,0.5321415355874729,2.197001908662456,0.1963630004965857,-0.3537859372296542,0.797804591933959,-0.37969110660427885,-0.0686214224121532,-0.4632856538258444
212,14.23299999999972,0.0,0.1708367956493239,-0.9005405910770967,-0.3460078511750624,0.6939706512218125,-0.5800572446888784,1.3590155753375626,0.31925877581164647,-0.4871365383063823,-0.6839214855216001,0.439344089246744,14.23299999999972,1.0,-0.1616977619127875,-0.5260502030380906,0.8111417987479003,0.3252940732789107,1.3836163400335473,-1.5065293216507365,0.37363532529539367,-0.12110391859020245,-0.3297653782264174,0.8584784679400473,14.23299999999972,2.0,0.1319202576390739,-0.1144888637806199,0.9636780300985712,0.1249326930318083,1.8588959918888728,-1.3031074707698602,0.1596556033101065,0.21839958139426538,0.1754922025871331,-0.946580264958874,14.23299999999972,3.0,0.0652058625057506,-0.3783226394661784,0.9012026275828456,-0.821663993097538,0.9677486617588816,-0.3838046684080046,0.06765491238060609,0.18263839765434278,-0.10618204885276943,-0.9750853301298583,14.23299999999972,4.0,-0.2374219249430057,-0.0023975159716713,0.9504772914033892,0.2823919235788681,0.8611115434486772,-1.6732351907425882,0.8506247648368356,-0.0615365788948248,0.22272661207241215,0.47227493600544235,14.152999999999793,5.0,-0.048732120553661,0.8085939769613045,0.5510852573316078,0.1336114249578373,0.3141618668859406,0.091577298956767,-0.10703806790988936,-0.04497221004039928,-0.6996519702381644,-0.7049875693117253,14.152999999999793,6.0,-0.1673356316328638,-0.7357561855194337,0.6245475337041395,2.42903346440062,0.4223476601975247,-0.043711384251223,0.8934878109825614,-0.3686980359302084,0.2518873806968552,0.04789611020192678,14.152999999999793,7.0,0.3249952177683403,0.7126103219359081,0.5891677498795316,-0.1779124047515267,0.0629966022733854,-0.456047705845454,-0.43747452909696394,-0.47265223904760745,-0.39107047613201734,-0.6574798704238407,14.152999999999793,8.0,0.1281591829294139,-0.7170121157916637,0.6560006475902495,2.308875201397393,0.0813449161186764,-0.3726591442807453,0.8355961608224576,-0.28147800580958493,-0.10739800233140778,-0.45936353507810335
213,14.284000000000106,0.0,0.0906967479355358,-0.9257461784263256,-0.3076509597627987,0.5022189378444741,-0.5748185778487701,0.7253004103581417,0.3010374939168216,-0.4880543858026313,-0.6624884616959543,0.4819630503211049,14.284000000000106,1.0,-0.1751279768242605,-0.4940921077867928,0.8281214770528809,1.8500529415971256,1.7289366079999566,-3.240944311800329,0.5587904511238854,-0.09702808608829647,-0.20861964100983177,0.7967538061582987,14.284999999999854,2.0,0.0479439751091852,-0.1706820365750002,0.9642359761185744,-1.7445161160231095,1.8175271004561857,-1.429497372853744,0.09433701498783376,0.2610069413923341,0.2802641570277498,-0.9189275849781248,14.284999999999854,3.0,0.0778272774789958,-0.417128781851948,0.8837445865355656,-0.2838365863986455,-0.9409564998004322,0.2476643049380148,0.07478330549755696,0.114636043009757,-0.06908592527155048,-0.988176689560778,14.284999999999854,4.0,-0.2438551004666988,-0.0300607141119788,0.948643791653882,-0.5992364278311596,-1.144817120684269,0.6369451127495046,0.8478011792167709,-0.05397066108937373,0.14973001923813103,0.5058668299060314,14.219000000000053,5.0,-0.044458903178919,0.79997080905049,0.5645530184094598,-0.5277132035703855,0.3699072654442188,0.5637616991679413,-0.07752696744219437,-0.050074929949479395,-0.661375428449563,-0.7443551661357156,14.219000000000053,6.0,-0.1887503225202748,-0.6022005820060046,0.748730108103128,3.0588189708484594,0.5093416811768473,-0.0702385512510474,0.9387260974539542,-0.21922934408683642,0.2657960247701116,-0.009180515591766737,14.2199999999998,7.0,0.2914203279918866,0.69606798333987,0.6251132337443096,-0.7697240533392035,0.3748662164316216,-0.688570216924709,-0.47671217216133976,-0.4171392111773906,-0.3766290584691732,-0.6759370797109341,14.2199999999998,8.0,0.1479105338053109,-0.5918988899279661,0.7667145349420925,2.929710256890898,0.073564733770078,-0.5395162665482546,0.8640170719617304,-0.15397058998279559,-0.15914429450498516,-0.4521511365744187
214,14.328999999999724,0.0,0.0308724248054339,-0.9411155692054588,-0.271170386999978,0.7731345373808216,-0.6271915474191195,0.6111776741653139,0.2895043677269173,-0.47780903375690825,-0.6376081859001648,0.530416392658097,14.328999999999724,1.0,-0.24228107874071,-0.422706671849398,0.8501346648962406,0.9497702606081494,1.2819434091406672,1.5810975315366818,0.5124628075528439,-0.15382537297213653,-0.11785178387903274,0.8365587741106836,14.329999999999927,2.0,-0.0387061463964778,-0.2645209607694098,0.941542083788485,-1.1898756903030177,1.1337827590581706,0.0995353295597361,0.09631597908882568,0.2862918164254774,0.32695583860641947,-0.8954664190359873,14.329999999999927,3.0,0.1341764202642705,-0.4500680227774517,0.8597700059424387,-1.036735517739042,-1.5987015755698926,0.1922665820316982,0.0836820293658159,0.012747113348038401,0.002662256894987292,-0.996407417400501,14.329999999999927,4.0,-0.0827377906132351,-0.1313971783795481,0.9681664317245944,-1.9853309744863064,-3.001880670704585,0.5145560560092453,0.8468574453096175,-0.061088475255159876,-0.04120573387963577,0.5266903767965659,14.293999999999867,5.0,-0.0148615552892099,0.7657840248903984,0.6113852806512823,-1.144358761533009,-0.0051031326079565,0.5678517048575712,-0.061061013049093574,-0.06481832240064357,-0.5978638962604044,-0.7966359892164758,14.293999999999867,6.0,-0.2280287587431218,-0.384309099100077,0.8717524886887095,3.4620831201721405,0.6375554606023276,-0.0414647379601421,0.9572217611900495,-0.04833017475617797,0.2776382050549355,-0.06563323248271911,14.293999999999867,7.0,0.2222959132909691,0.6583711702419225,0.6900883487847156,-1.282919563865777,0.4108028619261876,-0.923383135428901,-0.5328125204810416,-0.34132711842005814,-0.3478936315300414,-0.6917923368978143,14.293999999999867,8.0,0.1561411322970494,-0.403621770067765,0.8793244074471943,4.038033851981496,0.3845059146285097,-0.5416326046305033,0.8797911085614689,0.030535559545612337,-0.2144064640110729,-0.4231607886958413
215,14.391000000000076,0.0,0.0010931142957395,-0.955592478132866,-0.2154154609981012,1.0022206694304965,-0.4857256713404451,0.2023949016850391,0.298255897796129,-0.4518437600664533,-0.6145093331429589,0.5738108707571079,14.391000000000076,1.0,-0.2877208658296236,-0.391694625882678,0.8513507053035667,0.520218921168367,0.9587008881896256,-0.4969215051531476,0.5417583916153477,-0.18543889179920356,-0.07279043169012445,0.8165854612819164,14.391000000000076,2.0,-0.0988220529154952,-0.3481376905250051,0.911073734828023,-1.4337448305855367,0.9058577505626378,-0.3940108744942213,0.08154797611269468,0.29238443627034644,0.3891270686469177,-0.8697363930899132,14.391000000000076,3.0,0.2533799825039579,-0.5120196242470534,0.7959381187329833,-1.070892005021732,-2.3113017945922736,0.3785809040347671,0.10437198665366985,-0.12591644883716654,0.07162656054283632,-0.9839314875228898,14.391000000000076,4.0,0.0986555233697091,-0.2805660853289059,0.932471854519943,-2.620678685228808,-2.949345048694934,1.3835281887678788,0.7910139659434785,-0.09318572491170309,-0.22728230510270597,0.5603178385008374,14.369000000000142,5.0,0.0097499532722892,0.7213957475806707,0.6626976035747474,-1.2010202506672214,-0.0420784453028068,0.3969500095265609,-0.051888389191578524,-0.07309949570422916,-0.5314692614544843,-0.8423208907084733,14.369000000000142,6.0,-0.2827759487771571,-0.1598316037939779,0.9247581420143453,3.704253765110079,0.5048202034524992,0.706877736533164,0.9498593391823716,0.137421826298009,0.2688652971186234,-0.08120301367721926,14.369000000000142,7.0,0.17472002028715,0.6152570925101052,0.7424019292989948,-1.108530911646446,0.216591833812712,-0.599795365304056,-0.5719309164203886,-0.2852694002587579,-0.31216938256592486,-0.7028987641950669,14.369000000000142,8.0,0.1232780111419639,-0.1326645165017687,0.9630153986464772,3.151839281378248,0.950124214820095,-1.053867900442358,0.8617369998707698,0.18612185502454592,-0.21178729372354094,-0.4217986964811597
216,14.469000000000053,0.0,-0.0044330390928184,-0.970673854273512,-0.1320667134224448,1.7136328168622563,-0.2941849567254392,-0.0790373893656583,0.3357760453878973,-0.40787357577152256,-0.5738047860050697,0.6258128003554202,14.469000000000053,1.0,-0.3195296722572373,-0.3605250543722398,0.8529809339704352,0.545033824597423,0.7190351691206665,-1.1482683142334391,0.5958606233529334,-0.20077803913183678,-0.0398057515104927,0.7765653859698571,14.469000000000053,2.0,-0.1052469281390951,-0.4099909619893379,0.883707810989776,-0.4283776125130316,0.8022408877278839,-1.804400374769932,-0.00991517337216754,0.2699895948530461,0.420775737175055,-0.8659994728710156,14.4699999999998,3.0,0.3433753262244856,-0.5632478482473581,0.7239276530047386,-0.4825113466422168,-2.187339982891378,1.0731914503399065,0.1648885818440494,-0.2468946472406871,0.11212454663225929,-0.9483052645555994,14.4699999999998,4.0,0.2021429274010911,-0.3879853912656981,0.8767363190071006,-0.9418506892405676,-1.73045221068516,0.4168445072292217,0.7548382458833552,-0.0860345598287641,-0.31483734786347084,0.5689417557686429,14.489000000000033,5.0,0.0174771741337299,0.6489926943089177,0.7320956434223267,-1.4865729960788223,0.2191466456466126,0.0153730873780911,-0.05247913941520464,-0.0568900572758011,-0.45401328159135473,-0.8876268368227973,14.489999999999782,6.0,-0.3046966893097759,0.049020233083273,0.9301795226041712,2.742349774141829,-0.0486733498951406,0.2234519921999635,0.9298609298247855,0.2574176261924561,0.24013509100517483,-0.10691096753262909,14.489999999999782,7.0,0.1525931805868496,0.5623552853603652,0.7881927773493304,-1.138189989653661,0.1713288690091191,-0.225090270863756,-0.5949120571472981,-0.23840899038578398,-0.2683572756897014,-0.7191836831772552,14.489999999999782,8.0,0.0761063138429106,0.0483720016176449,0.9754496288649388,2.2618030905927755,0.8351353896631201,-1.5851760914815565,0.8198990796667408,0.2965550755163812,-0.18597234787386457,-0.4530285555827438
217,14.53899999999976,0.0,-0.011804438300745,-0.9794267375077442,-0.0072746884015915,1.8838402280658824,-0.2404162379221842,0.2387604275664478,0.36306733854066975,-0.37007941776578973,-0.5173838993972727,0.680835687134276,14.53899999999976,1.0,-0.3135593756198357,-0.3625718387832956,0.8552538685572832,0.2837336259709445,0.0030646479819355,-1.0371543848944167,0.6386114724325685,-0.19469001260396596,-0.03977767160620405,0.7434305099411533,14.53899999999976,2.0,-0.095633042845543,-0.4102390213093922,0.8844231264000364,0.3492541853561315,0.2065368278865161,-1.1700991206993214,-0.07350817197847452,0.23369201120008867,0.40284447276038376,-0.8818735302298448,14.539999999999964,3.0,0.3393154052392632,-0.5955675100130078,0.6993521264600691,1.1522340118102132,-2.05061418629071,2.826476777631936,0.33310820608568975,-0.31747406643427745,0.08664101236977022,-0.8835963304335296,14.539999999999964,4.0,0.2196098684739933,-0.5262710994129239,0.7965928920041577,-2.202863975696142,-1.569140102915992,2.69795251705385,0.6456555206169201,-0.1613367497411618,-0.4036087304484702,0.6278530039632094,14.50500000000011,5.0,-0.0097563162924827,0.5557156226876573,0.8072403365747218,-1.7886067156241134,0.3918949532465997,-0.1065622797013333,-0.055155927143626424,-0.028268853089486266,-0.3624341327665315,-0.9299463398775782,14.505999999999858,6.0,-0.2605038897025258,0.0845266665252879,0.9405375941959884,-0.4466866034609454,-0.5031992186846114,0.9422833473662902,0.9519242723122382,0.2253768399344304,0.1966226677579835,-0.06621922928968452,14.505999999999858,7.0,0.1462082938114065,0.4922154738335445,0.8341888647899687,-0.9753342306036388,0.3589109061125187,0.6951012285105852,-0.5769727112228173,-0.20537903364192361,-0.22582525335239612,-0.7575783114588399,14.505999999999858,8.0,0.0217041652051109,0.140339614200795,0.969760651861438,0.6300008359473236,0.2327289317574877,-0.4620570446868445,0.8105228899768944,0.31007945860868996,-0.1707593111163405,-0.46663115180999015
218,14.599999999999907,0.0,-0.0369895538180339,-0.9735602578924224,0.1041402763621412,1.831775370956717,-0.1759532378563926,0.4590830001772797,0.37814715580759983,-0.34043000084321384,-0.45517792100276494,0.7307018566502433,14.599999999999907,1.0,-0.2884150241673243,-0.3574288120227878,0.8659921582615746,0.4109751897487485,-0.3770864527922867,-0.6833714086010297,0.6667480641455742,-0.17001818743952146,-0.043226786163180014,0.7243426536218281,14.599999999999907,2.0,-0.0626796558210733,-0.3947891991772255,0.8942403194662812,0.3712865544831291,-0.3035257494272194,-0.7764287193303935,-0.109883944581627,0.1860232939682216,0.3786463064591377,-0.8999710147717244,14.599999999999907,3.0,0.3271824458321038,-0.5958952365661989,0.705571764016274,0.3158014918682448,-0.442142949827831,0.0408650270050275,0.3462062427830237,-0.3298620969004558,0.07995744017490429,-0.8746079363047039,14.599999999999907,4.0,0.2094286393177911,-0.5860887144305313,0.756366091156039,0.4806451020663701,-0.3461564182229573,0.866998494848134,0.617602503717444,-0.15179817434882123,-0.3830330549058776,0.6699329373271482,14.596999999999753,5.0,-0.0284325974970721,0.4689022794494898,0.8590827897977247,-1.3380824615046762,0.1769702469132645,-0.0759565863540705,-0.05846775578024849,-0.012113984129218054,-0.2903704009384508,-0.955049633883696,14.597999999999956,6.0,-0.2331922681991494,0.0564002519620052,0.949196701232552,-0.2881548772152547,-0.2786315150306512,1.3486273074928523,0.9651878583133171,0.20519613714769233,0.1621395403094549,-0.004208673479400842,14.597999999999956,7.0,0.1570220503390462,0.4259192998364616,0.8680839969347094,-1.0574134377257631,0.1988697869828254,0.9956396799064946,-0.5478532314143202,-0.17982003067355493,-0.17326562707921614,-0.7984363568064113,14.597999999999956,8.0,0.0082129491716653,0.1439343141834143,0.969505265930234,-0.2339802060557641,0.3486944976599302,-0.3231282750914255,0.8176284339351946,0.28847343489271327,-0.13446777533612214,-0.4797762382382383
219,14.666000000000167,0.0,-0.068115783650158,-0.9496403193539178,0.2304137666788025,2.0442538043238576,-0.2061822327323957,0.484568161583238,0.391496122293624,-0.30427231801383353,-0.3835323920636455,0.7791354484025755,14.666000000000167,1.0,-0.2368810919707809,-0.3279010418006066,0.8922859715656228,0.819929248299374,-0.7590594356535214,-0.6447998029400852,0.6950509288867565,-0.11644275339484586,-0.04354626253108242,0.7081306478716044,14.666000000000167,2.0,-0.0116972682416022,-0.3590047072181129,0.9106496549776544,0.8750761517414867,-0.7491862740152222,-0.7878728254370441,-0.14336533224398718,0.1167035531863655,0.33294594366040525,-0.924647857718997,14.666000000000167,3.0,0.3144799761206992,-0.5783155359327351,0.7259335269278847,0.2846934741597039,1.0353412633411394,0.2223897260203007,0.3616391467295467,-0.2752839862380184,0.10243782014719187,-0.8848402948990984,14.666999999999916,4.0,0.1713388589115708,-0.5707113882979928,0.7779926135214,0.4402674774541152,1.191055055161571,0.0641239106337512,0.6439453672110251,-0.17728085990775494,-0.3203073733785973,0.6717953909615105,14.683999999999742,5.0,-0.0301810574140854,0.3805740045115989,0.9024309008801576,-1.4553535315983548,0.0321814549237618,0.1684643072310792,-0.0514940447031081,-0.007889857382392338,-0.21252047858528553,-0.9757669597257744,14.683999999999742,6.0,-0.2173107048805489,0.0376016824737343,0.9551456281737692,0.0993547308043072,-0.126524493526498,-0.093103943031616,0.9695530798915432,0.19152416834412528,0.15205942050657276,-0.012776965528614731,14.683999999999742,7.0,0.1682806436020703,0.3227615149447395,0.9096618214806256,-1.5711541211572535,-0.0943007256691485,-0.1189726937412077,-0.5682293274877055,-0.13668554970493432,-0.10072941732054075,-0.8051621429072495,14.683999999999742,8.0,-0.0471802653959587,0.1497858637271484,0.9669851175611124,-0.4624582822884807,0.866201328852284,-0.7435950865762389,0.8173024404752622,0.2753634359330415,-0.06672568419906717,-0.5017363670419918
220,14.733999999999924,0.0,-0.0960456760607851,-0.907775392702557,0.3537273872825581,1.8498717412590813,-0.1630567815049461,0.6391893594858007,0.39203315248991283,-0.27572958925223817,-0.3144676242742134,0.8193859372987462,14.733999999999924,1.0,-0.1660835116168549,-0.2831728477518004,0.9234643498615144,1.0089738790838456,-1.1091460537490976,-0.5691059424471676,0.7182046491709695,-0.0445488316775461,-0.04899397216809771,0.6926738584619473,14.733999999999924,2.0,0.0640111939290888,-0.3004436675598823,0.9311638790647648,0.8959869234462897,-0.998376940146624,-0.8998679732294377,-0.17758808874781376,0.035523405550703276,0.2869708723655495,-0.9406637426874358,14.735000000000127,3.0,0.2535753343945573,-0.5557085874070464,0.766202007090006,0.7969402853941547,1.259207358552962,0.6198846281087051,0.39762211593752045,-0.1989649760359173,0.10967756903180428,-0.8889771774796413,14.735000000000127,4.0,0.0982339821374482,-0.5277326213907509,0.8201886155473421,1.22778612131084,1.0312035707029164,0.2354454043211338,0.6651980124533846,-0.17255835673889244,-0.23486866639263065,0.6874386716606703,14.751,5.0,-0.1149936174224142,0.0728122564514251,1.156782107080914,-3.7437171008128174,0.109729460131441,-2.7213184983953504,-0.19138348325219154,0.07103435015175144,-0.004922665939585368,-0.9789291347165145,14.751,6.0,-0.0725730054274847,0.150096611922205,0.989451447001164,-11.432274910172726,-2.5663646496753425,2.298565636827397,0.9149606921039949,-0.3617110142563328,0.04608315689981333,0.17288266749556142,14.751,7.0,0.1580224176372136,0.0924909915957384,1.061095816596092,-1.611236039140017,0.8981303626783833,0.3012149520639038,-0.5637184916144632,-0.051820781652466875,-0.050039689962951044,-0.8228196024823748,14.751,8.0,-0.2536848608730487,0.5301833886528089,0.9451087586941762,-4.94531251188154,-1.194581208943996,2.004336371756032,0.9153715001017392,0.00779886523643762,0.004130227982806168,-0.4025135224055529
221,14.815000000000056,0.0,-0.1187475666498593,-0.8588060418511567,0.4568371678122157,2.029376886362834,-0.1920680400677978,0.4402685172205907,0.3999221917779482,-0.2370928780398516,-0.241130490760678,0.8518833805937387,14.815999999999804,1.0,-0.0886323928924383,-0.2264518885105353,0.9484054202292248,1.1262997432050244,-1.383292075507071,-0.5154596637415008,0.7346166682121631,0.03883053460959693,-0.05973240168452824,0.674731487745897,14.815999999999804,2.0,0.1566483293357645,-0.2277674113557047,0.9387482661718394,1.0461762516657993,-1.2760821272239546,-0.8934387562464167,-0.20723231571826115,-0.05771289426191178,0.23461817753131783,-0.9479864450137688,14.815999999999804,3.0,0.166733466752537,-0.505594836897104,0.8229215102108292,1.1974466569717277,1.4242779263752257,0.0463858167395934,0.40623294242199953,-0.1112039445657058,0.09506173843599355,-0.9019821201607704,14.815999999999804,4.0,0.0451538345529691,-0.4543492230692942,0.8673412907970495,1.6329173531549168,0.9119964453241828,0.2843030485296118,0.6811983378448607,-0.1491861469390538,-0.14096333643324546,0.7027386824848094,14.81899999999996,5.0,-0.0365621772688327,0.271055927787631,0.9410323539626833,-1.305504791143764,-0.1606544935827075,-0.9863053533991768,-0.23466112073809167,0.07061438929526326,0.051225597915458616,-0.9681547936960306,14.81899999999996,6.0,-0.2015717905940563,0.0184849435723627,0.9591251847896772,-0.398089177346342,-0.4139373886952777,0.4523322665205885,0.9147801490755315,-0.3447230006861604,0.036945241679365415,0.20731227839308294,14.81899999999996,7.0,0.1411594955022563,0.2746813737213666,0.9298048933836018,-0.9485509423690532,0.3254329394441746,-0.8765953441029755,-0.6012430665729657,-0.016845057445850003,-0.02399335422224405,-0.7985282323692433,14.81899999999996,8.0,-0.0874101056776369,0.1250965961354632,0.9669810313862136,-0.3372485952652043,0.3050897268079118,-1.192115234136315,0.8902795228709812,0.005388955677107331,0.025820390665603477,-0.4546500167592692
222,14.885999999999967,0.0,-0.138775064260854,-0.7828051591399197,0.5723220809678068,1.9916086288747823,-0.3950299434550606,0.6842921207679945,0.3905614321481648,-0.19360738463721222,-0.170082030919411,0.883770361061425,14.885999999999967,1.0,0.0075142471531878,-0.1587330057455631,0.9671397877125624,1.0155196121803076,-1.278362656136562,-0.957831093529539,0.7607265873344505,0.11372184080409532,-0.06841803151054675,0.6353592489378198,14.887000000000173,2.0,0.2357380978018756,-0.1600385592292197,0.9379665286163408,0.9587354644522852,-1.2069829009937636,-0.9884125663443863,-0.24051499248527222,-0.14321937915622188,0.18484632160586978,-0.9420576337001336,14.887000000000173,3.0,0.0744067495303825,-0.4254660340451323,0.8795267417755014,1.5737709291176452,1.3198488932964714,0.7087164018040882,0.4426379981521972,-0.01577317042545958,0.06298859168331992,-0.8943462679545865,14.887000000000173,4.0,-0.0234669024200844,-0.3458091423446293,0.9163641970099432,2.000364700708494,0.8515069601973768,0.8015343695690323,0.6742495332960806,-0.11576884564021764,-0.03529200593032865,0.7285187818763238,14.833999999999833,5.0,-0.0418691448829474,0.2237759079321162,0.953133420742305,-0.5166887928865274,0.2441505739574944,0.6874299079919043,-0.19987413293890802,0.08268906890578549,0.05442321341905507,-0.9748081671316454,14.833999999999833,6.0,-0.1922390403757234,0.00994424503898,0.9608445573275762,-0.3156418028139693,0.1077076133032333,0.3112138502417055,0.9150066935915038,-0.33082267224504114,0.04947707479421129,0.22554629077243102,14.833999999999833,7.0,0.1216853834190911,0.2376226063533618,0.943161791217172,-0.2970553383948612,0.1936899039064127,0.5526689672159626,-0.5789504473312781,-0.011583534492950572,-0.021187931182820356,-0.8150050753435562,14.835000000000036,8.0,-0.1091975301532843,0.0683306550172516,0.9704358922635414,-1.1683272437312635,0.1783175292088874,-0.3074345673681138,0.8825847947121586,-0.0374456768935248,0.06042898648265293,-0.46474750028113343
223,14.929000000000087,0.0,-0.1421027335715939,-0.689706970791749,0.6811138726767721,2.1598709508312224,-0.6817953194292673,0.368355006428425,0.39110262872696977,-0.12907894776421386,-0.09985955741520229,0.9057623462254197,14.929000000000087,1.0,0.0841794174092517,-0.0890251373440934,0.9719631426167888,0.9637485074758692,-0.9581323923323,-0.4714318041735534,0.7672757990496155,0.17075312526951336,-0.0699919420120175,0.6141924343858807,14.929999999999836,2.0,0.3098872675626943,-0.0884796530710871,0.925229826797076,0.7896288412752723,-0.914098764819506,-1.0308054833535203,-0.2775788091814231,-0.20766897301898418,0.14000656180440177,-0.9274814095120041,14.929999999999836,3.0,-0.0077985644326115,-0.3437935493830688,0.9170486234629992,1.7045063135662168,1.0027108379569407,0.9945741081500046,0.486242422418068,0.06732485052149102,0.017645136154459087,-0.8710478289470439,14.929999999999836,4.0,-0.084169403629153,-0.2055852036491515,0.9537065772727216,2.288348167416258,0.6175501362533797,0.7875319223489217,0.6605102058057476,-0.06294978791948015,0.069742519638217,0.7449158161710988,14.884000000000016,5.0,-0.0527365752109696,0.2024796608528566,0.9570537292001582,-0.3803205784870341,0.457269260486522,1.4497715272900664,-0.12863825772813026,0.10550886190849715,0.04636842975209446,-0.9849721048993061,14.884999999999764,6.0,-0.1870867016586379,0.0072442246669566,0.9619231192104006,-0.3567273730598673,-0.1502973990060735,1.1136056656968698,0.9038515577614106,-0.31454225999500224,0.06044385712672992,0.2836583655476278,14.884999999999764,7.0,0.1180598502039072,0.2294083820636518,0.9454817110916364,0.1248219671988611,0.3684903907943354,0.8046504960606617,-0.5456483648794073,-0.011075981453178497,-0.04010272405018492,-0.8369808576443267,14.884999999999764,8.0,-0.1105453156682864,0.0198159957031049,0.9735199327687614,-0.7674759092753981,-0.2332798765729135,1.3992389422661236,0.912973335801454,-0.066154944720543,0.07068890194942054,-0.39636635899855627
224,14.99499999999989,0.0,-0.127136865894457,-0.5962039959890897,0.7678561144492999,2.118245624109613,-0.6990184787171161,0.351717664815056,0.38684133971597473,-0.06511117427762757,-0.032612050442416336,0.9192664287554939,14.99499999999989,1.0,0.134756282617995,-0.051881142417625,0.9689128399172038,0.5083973156998657,-0.7099832977964343,-0.4108140411487773,0.7742449126699781,0.19915461164738327,-0.07785441622711715,0.5956684864403794,14.99499999999989,2.0,0.3439244190767352,-0.0262805956618476,0.9171212156821956,0.8021710219868656,-0.4107798607816834,-0.7527769840948912,-0.3031525305537695,-0.24052591673091997,0.09254303002236304,-0.9174320760655126,14.99499999999989,3.0,-0.0806990258200988,-0.2494993283880172,0.9441248605802176,1.1436040817386286,0.6122344245702324,1.6043158900021817,0.552069765445171,0.11712724480676714,-0.013359029480805038,-0.8254221458966439,14.996000000000096,4.0,-0.0945953399900693,-0.0638375000596025,0.9732741110490424,2.305185479144366,-0.1426100092080268,1.38586457146081,0.6182838622327904,0.01905297292629494,0.1442209539522394,0.7723744987804035,14.958999999999833,5.0,-0.0607883917958529,0.2054303986723575,0.9563744678336986,0.1405739537548907,0.3839155518425313,1.0333028026150957,-0.07850550133714057,0.1188686414385478,0.016317802139314955,-0.9896670458672959,14.958999999999833,6.0,-0.1716617966574991,0.0001312174671367,0.9650016633925022,-0.3742957181777555,-0.34294955899835,1.7541388597902812,0.8783563915647707,-0.29430245513967296,0.06817564520787053,0.37044324220663855,14.958999999999833,7.0,0.0979503121242657,0.2257022276452537,0.9487788155258996,-0.3146176316152275,0.3804887355549908,-0.2199149338251486,-0.5538907688807931,0.00455285348941127,-0.04038910810182922,-0.8315966616217783,14.960000000000036,8.0,-0.1058755118220828,0.0032148300072627,0.974782560812634,-0.1478408374811668,0.1383811101379595,0.1729420845597644,0.9162425074296564,-0.06071121857957623,0.07835437804827682,-0.3881680138268306
225,15.065000000000056,0.0,-0.1052516720273259,-0.4819826980174317,0.8467961763891528,2.0399712638161827,-0.5252802134245287,0.237605435029823,0.38305897432245967,-0.010963265240678512,0.03380321487588965,0.9230400704575842,15.065000000000056,1.0,0.1868863590291986,-0.0393300498230516,0.9603148629432564,-0.2287996584236443,-0.9327394506491574,-0.3050627098769491,0.7832281858914043,0.20387405091931804,-0.11905627478908842,0.5751648316964035,15.065000000000056,2.0,0.3692386352863461,0.0177889226405314,0.9067256390127972,0.4631211752353031,-0.4561500095065001,0.4544023173871367,-0.27579643005311216,-0.2603739294074389,0.07973058444768034,-0.9218377188846855,15.065000000000056,3.0,-0.1397283105880268,-0.190994589693414,0.9510342086003324,0.4519483376572057,0.6022628618698445,1.2103206518383467,0.5997526957362425,0.14332914737914293,-0.009390021756201768,-0.7871882157147019,15.065000000000056,4.0,-0.0703481992238821,0.0799908811702655,0.9739618009940438,1.810261510994884,-0.6228802495757229,1.5713616041348832,0.5627750880669937,0.10385782014803167,0.180346430314929,0.79998307389466,15.028999999999996,5.0,-0.0719317284888011,0.2263770721336536,0.9512692824057802,0.3682537782175278,0.3061569034606834,0.9417545626299704,-0.03305087532843035,0.12632377223252977,-0.02203317832929831,-0.9911934640935026,15.028999999999996,6.0,-0.1358665192704783,-0.015138878885127,0.9699536603814776,-0.6976191857554737,-0.6979548648623497,1.824986846127185,0.8399624141473057,-0.28033088925730826,0.05116677865782373,0.4618004938388634,15.028999999999996,7.0,0.0575828512689634,0.2067340773540274,0.9560367338655535,-0.1820567977754843,0.4348302652969745,-0.6120867907707487,-0.5781872137142207,0.020221817531703122,-0.04784829320872427,-0.8142488347121614,15.028999999999996,8.0,-0.1071979587292808,-0.0062950782825061,0.9734361661833262,-0.4082603191374859,-0.110128073678985,0.4537104355055137,0.9247850247021528,-0.07202045707818458,0.08019304276356824,-0.3649038061478784
226,15.125,0.0,-0.0944421934610584,-0.3837021165963042,0.8965262727961629,1.2922736251262443,-0.4237054996473626,0.7267050636311753,0.3521273253386552,0.022304866857493794,0.06593137873462775,0.9333605375000945,15.125,1.0,0.2397864618993754,-0.0597724805805443,0.9485808891470604,-0.411698532949402,-0.5557084629021776,-0.7710863344338956,0.8073858135989673,0.19252843741472592,-0.14548215633780198,0.5384198092316818,15.125,2.0,0.3988213058967577,0.0286972312265049,0.894565277038371,0.1047319481284276,-0.4500905152228198,0.1655000803061366,-0.26597965351454445,-0.2762585353875611,0.07991068786683964,-0.9200816961044553,15.125999999999747,3.0,-0.1808676028074433,-0.1658698616286145,0.9489589555180948,0.1818533600252663,0.4557583923717345,1.277634291458472,0.6488829645143587,0.15433323827847462,0.001430418436479137,-0.7450705361431451,15.125999999999747,4.0,-0.0308759372112443,0.1716325611821061,0.9641259982198374,1.0671996301981606,-0.2165799884044498,0.6491345483692548,0.5351696024491367,0.1408631974260306,0.20310738620677307,0.8077737591018915,15.091,5.0,-0.0734617852262352,0.2447139752528857,0.9460093479597886,0.431006357016696,0.2516301743336689,0.9668447561940507,0.013930645720704656,0.12985430840377934,-0.060370340665243764,-0.9895954818342406,15.091,6.0,-0.1069960747789726,-0.0463121715586919,0.971883235140627,-1.1631824428394886,-0.9049764020057496,1.4944123010816988,0.7950012887119683,-0.28028259794248217,0.008452597102868461,0.537906283509627,15.091,7.0,0.0459946011589091,0.2069204411955206,0.9566907429674878,-0.052500633635675,0.3896165869984197,-0.1077066230145847,-0.5812199924204648,0.0278526321061174,-0.05943679131546489,-0.8110948274607834,15.091,8.0,-0.1069973007628929,-0.0138721894407519,0.9736532442248496,-0.32680226113492,-0.0259076118855173,0.3754532632576587,0.9313426157139376,-0.07767477310462322,0.08377981070851102,-0.3457578706203401
227,15.184999999999944,0.0,-0.0886741278732733,-0.3189346666220383,0.92277330773739,1.0095026621733183,-0.3990821535478371,0.8204694091749714,0.31524871372466107,0.04843524652402492,0.08510742296986924,0.9439433255998643,15.184999999999944,1.0,0.2618075892085559,-0.0688437413098114,0.9419640786756528,-0.2519466773659891,-0.2563063995137111,-0.4777217018866057,0.8220970912777161,0.17824949610934382,-0.15704646736734573,0.5174165601688071,15.184999999999944,2.0,0.4154938241542609,0.0264393526484676,0.8877881744657327,-0.4023752348426041,-0.1949189954491533,-0.6562948548661675,-0.3021093450640287,-0.27568615005846053,0.08894938039785051,-0.9081933153342222,15.184999999999944,3.0,-0.2094642973425166,-0.1375182952087578,0.9474040461290436,0.1328328003717587,0.0769080305103541,1.3055238688360802,0.6963224249436788,0.14984772767664908,0.0013397717318667302,-0.7019109231536479,15.184999999999944,4.0,-0.029671534048643,0.2073606305219861,0.9569807568476624,0.3559889315753611,0.0594847202675875,0.7327083106878087,0.5049071637052296,0.1461684535357839,0.20334851786650304,0.8260465601354408,15.152000000000044,5.0,-0.0749918419636694,0.2630508783721178,0.9407494135137972,0.4937589358158641,0.1971034452066545,0.9919349497581312,0.06200261954660733,0.13010267503245235,-0.0985985315414997,-0.9846356172191918,15.152000000000044,6.0,-0.0781256302874669,-0.077485464232257,0.9738128098997764,-1.6287456999235037,-1.1119979391491497,1.1638377560362128,0.7455705570271637,-0.29005151232840937,-0.059046604243189096,0.5970830454949758,15.152000000000044,7.0,0.0344063510488549,0.2071068050370139,0.957344752069422,0.0770555305041343,0.344402908699865,0.396673544741579,-0.5638530447545947,0.02831346193806386,-0.07470940074675574,-0.8220015798245862,15.152000000000044,8.0,-0.106796642796505,-0.0214493005989977,0.9738703222663732,-0.2453442031323542,0.0583128499079503,0.2971960910098037,0.9362056717221476,-0.07831048817455116,0.08907784298159109,-0.3308346196619886
228,15.259000000000016,0.0,-0.0795790348639328,-0.264715086369563,0.9393418441964988,0.688911493022046,-0.3810247667120953,0.6852836407254299,0.2838806978497646,0.0672902741773324,0.09046004705306954,0.9522083533957401,15.259999999999764,1.0,0.276683883876024,-0.0870128732021617,0.9349228782634336,-0.843806317749591,-0.2556054369836216,-0.4113674296471116,0.8388294383559975,0.13898059116607767,-0.1851833775625772,0.4927034455948176,15.259999999999764,2.0,0.4092807458375713,0.0157150433566294,0.8906841799981295,-1.1423744112264873,0.1954941250328564,-1.7314235541471314,-0.400097517076607,-0.2460146882003437,0.11266264355893417,-0.8756174271707561,15.259999999999764,3.0,-0.2165034310010563,-0.1273801145617623,0.9465868004462152,-0.3099830509385053,-0.3292247316930192,1.725192746969629,0.7589916660258134,0.11453758055990286,0.0018654582853908123,-0.640944079938515,15.259999999999764,4.0,-0.0082839678566309,0.2005390910788573,0.9592254421280828,-0.4788291347789755,-0.0999830482514726,1.4632308926276727,0.45169242107955004,0.14601629806410982,0.15971878675479853,0.8655305347568755,15.221999999999753,5.0,-0.0697970849852704,0.2789832894267162,0.9366054084555608,-0.2809428712089147,0.1836066093257958,0.5652852450062978,0.09403742138073987,0.12699705173163459,-0.09204218826047889,-0.9831362814034259,15.222999999999956,6.0,-0.0115290489774581,-0.2066052854933378,0.9573517310977672,-0.8309314045473211,-1.0550709411342214,2.17806133561362,0.6703282375515787,-0.2746431308080677,-0.0885823054493729,0.6836551614682734,15.222999999999956,7.0,0.0078696092645932,0.212507453210895,0.9565483007040688,0.0097356646558694,0.3723707882724739,-0.2035402672348824,-0.5703548206773779,0.03484480898657589,-0.086713815174209,-0.816064906778069,15.222999999999956,8.0,-0.102634058409721,-0.0219135860753226,0.9745465842122014,-0.0246811619964266,-0.0765478441845926,0.0596208274665419,0.9384889595728431,-0.07201858702213876,0.0825637136333535,-0.32746760003744907
229,15.351000000000113,0.0,-0.060680014194346,-0.2305282230039561,0.9501161372569208,0.2970909643811504,-0.4777566461437642,0.4849528029460364,0.2626625198084565,0.08407357375403483,0.07743420797858737,0.9580939297995922,15.351000000000113,1.0,0.2894963755075558,-0.1180886863107448,0.9282795434207256,-0.6447331986224091,-0.23650221099996,0.0433893617703192,0.8405956463300616,0.10612231840581113,-0.2086191961753362,0.48848238852007597,15.351000000000113,2.0,0.4038024607898796,-0.0338401136113984,0.8912084040059346,-1.4433467714457862,-0.0014343946257027,-0.9097181514572252,-0.45914156419773006,-0.2125946206268421,0.16534057347389158,-0.8465548098439436,15.351000000000113,3.0,-0.1954666645614818,-0.1270125278463413,0.9522718103647148,-0.4065268415998275,-0.7863856601363858,1.8540561671598388,0.819819266898317,0.06229995331599956,-0.011597575055600435,-0.5691050708717679,15.351000000000113,4.0,0.0038894727199861,0.1430397618344508,0.9692071494455168,-1.07943596549034,0.2416116876347391,1.7063261694886636,0.386615447458516,0.11885857078317913,0.09814070841544952,0.9092686826728089,15.241999999999734,5.0,-0.0597728773732695,0.257513566569694,0.9423990482609136,-0.6008043198374116,0.3479673027559607,1.7893958516307398,0.18959075264900785,0.12290125598471513,-0.07498096398544926,-0.9712509885849152,15.241999999999734,6.0,0.0285922912287237,-0.30264301127585,0.9313703283915468,-1.2956500180866504,-1.218809242015366,2.541800939102543,0.5669224390851596,-0.2662383451181999,-0.135739953721042,0.7676527578366831,15.242999999999938,7.0,-0.0063245815678619,0.2113257198148095,0.956906703818478,-0.1120554855267961,0.2060068962179986,0.8447695163127348,-0.5344812761931416,0.03349780924739111,-0.08984375627944065,-0.8397236221711144,15.242999999999938,8.0,-0.0947031973290533,-0.0088333129941813,0.9746354585162604,0.497404118730099,0.0031827163657741,0.2615565654601011,0.9450762236269802,-0.03900339819244113,0.0715295047665904,-0.3165330889689958
230,15.394999999999982,0.0,-0.0360588783489386,-0.2145837166662933,0.9554614517780904,0.2354417479266319,-0.5978593693130092,0.5940023688681424,0.23584742578674878,0.10586169574042419,0.06105757041671488,0.9640753426053038,15.394999999999982,1.0,0.2978677068150209,-0.1647993982489992,0.91922249078965,-0.7748453712269068,0.0126413326954297,-0.3599336366172187,0.8536649620972123,0.06653557777444066,-0.22231492621008245,0.46626732993208103,15.394999999999982,2.0,0.4135256001783061,-0.0946276909372035,0.8834411005296646,-1.157065001038476,-0.1248235800949189,-0.5404993920639475,-0.4941372178365229,-0.18946987347762362,0.21041674537750465,-0.8219819768449259,15.394999999999982,3.0,-0.1581763946841781,-0.1274020344882753,0.9590750490826896,-0.2865923292080162,-0.933818972379957,1.880507450866316,0.8718082468631091,0.014645695928379372,-0.03387127598583374,-0.48845534182291134,15.394999999999982,4.0,-0.0169248155594267,0.0678192664475112,0.9772472039953868,-1.2480105921751492,0.6767576675549216,1.8185177705484348,0.31061621933731726,0.06771913869567077,0.03912287242934416,0.9473125584472031,15.315000000000056,5.0,-0.0447825095026453,0.2746106168042933,0.9390854785273864,0.6597004863419543,0.259472303852862,1.7509437011124511,0.273846307729996,0.13170935637689385,-0.12198583967863406,-0.9448705202848331,15.315000000000056,6.0,0.024266435482112,-0.351119200507006,0.914126603455076,-0.0548533055210312,-0.324788884105384,1.1087638446334045,0.5262801374591964,-0.24743297035414555,-0.13382542824239477,0.8024318643058694,15.315000000000056,7.0,-0.0215118991985318,0.1903162467930674,0.9613729580134198,-0.2547084034993888,0.3027958552083914,0.7283085718904709,-0.5018642402950347,0.04190590261360862,-0.08841540454119648,-0.8593944937448943,15.315000000000056,8.0,-0.0895358766150025,0.0031602835283397,0.9762014850464036,0.0070358881830819,-0.1195064474939916,0.4057838468607664,0.9522345946997582,-0.033581958890588175,0.06353990153442662,-0.29678984080836246
231,15.483999999999924,0.0,-0.0023096177405478,-0.1977447470021013,0.9598701374138936,0.1832462067441602,-0.6700595884194607,0.7153365963893226,0.20230853511139119,0.1303940736483943,0.042676153832114816,0.9696635437472928,15.483999999999924,1.0,0.2921633815880495,-0.1937644614834017,0.9151622216443832,-0.546085599646372,0.1129562473273636,-0.2948819995945252,0.8637914284839209,0.03565632608867847,-0.22539988020769705,0.44920806814873776,15.483999999999924,2.0,0.423528197110398,-0.1352309304614262,0.8733255187494253,-0.7649829657675439,-0.1993630884466994,-0.0125429300589472,-0.5006180971590021,-0.17519453181258637,0.24327541280532194,-0.8120994214652962,15.485000000000127,3.0,-0.1171255945626316,-0.1254765014987843,0.964653949699049,-0.2582141265921811,-0.791033679566826,1.810995324968638,0.9127278086537581,-0.023986868749690835,-0.049450508835108084,-0.40485457217826104,15.485000000000127,4.0,-0.0626973352735928,-0.0079569876102679,0.9781614030914124,-1.1403530956220431,0.6850376044943282,1.6409343438569195,0.23699409388571072,0.01573109888750695,-0.01205558212271454,0.971308908087826,15.393999999999778,5.0,-0.0340490566040978,0.2793241089135109,0.9383265443991468,-1.2561507798032348,0.2548186053201235,1.5816855313002578,0.36141853947776387,0.10465531220745458,-0.0683043962669316,-0.9239904839332115,15.393999999999778,6.0,0.0145746651134265,-0.3104744861922969,0.9295887115065784,0.3761100168163264,-0.0194051697480355,0.453219348976068,0.5167796479144248,-0.2243945989985493,-0.11437079234158347,0.8182329627318139,15.393999999999778,7.0,-0.0236426017104505,0.1896455098772418,0.9612718699555096,-0.1982737723000383,0.0929954308541242,1.0707095119354466,-0.45494523971115447,0.03795768749489228,-0.08464053305818955,-0.8856748968937902,15.393999999999778,8.0,-0.078636676354306,0.0165072956447504,0.9759471206589244,-0.0076925355472134,-0.2379732891375646,0.3678789302686833,0.9586346080602315,-0.030932876664743116,0.05004762663525443,-0.278492514151868
232,15.528999999999996,0.0,0.0315796172756544,-0.2049274102493064,0.9576499800559886,-0.2141884377247544,-0.6311730955138307,0.6160793584951214,0.1744963286754813,0.14812727976295412,0.007398219623761694,0.9734241658265962,15.528999999999996,1.0,0.2859257515893472,-0.2070118593008258,0.9130178282415308,-0.0020381951760755,0.1977755940756969,-0.1143306335252876,0.8690340538726691,0.026398573145497088,-0.21234109632113693,0.44608764537773793,15.528999999999996,2.0,0.4322537727719434,-0.1700820723384678,0.861398145222912,-0.4525186010167548,-0.1001746076434417,-0.0097756272763086,-0.5048140080592063,-0.1651549611691561,0.2594206198929565,-0.8065901053464319,15.532999999999902,3.0,-0.0857926730372502,-0.1286050084174923,0.9667659329243352,-0.2901840224141639,-0.6938911886595178,2.271681482315809,0.9523287593568095,-0.059383526347507716,-0.0577431501263534,-0.2936141337094322,15.534000000000106,4.0,-0.0736815977493136,-0.04496139688019,0.9761564910114005,-0.4256800402857206,-0.0501722895694645,1.781076881738318,0.15134055976036778,0.008286912245904244,-0.034593645909269076,0.987841405145356,15.4699999999998,5.0,0.0018972057257396,0.1888876928916301,0.96145922434834,-1.1460351790883785,-0.2469018771279798,1.1799908869805746,0.4231787911121615,0.05825654038416612,-0.026650679709239736,-0.9037785279184016,15.4699999999998,6.0,0.0006379585853975,-0.2408421451997723,0.9498150631067162,1.0268867205542886,-0.4266142552056846,1.5387217224510708,0.4668018551761215,-0.17731973986757185,-0.0671106565606845,0.8637996860577236,15.471000000000004,7.0,-0.0027274819375112,0.2072512647830861,0.957584708570522,0.4586602592170775,-0.2112823077698979,1.0473727338868388,-0.41026900829269164,0.006581427754237086,-0.10248464595811979,-0.906163849966487,15.471000000000004,8.0,-0.061314602993758,0.0176870404602845,0.9780811255000652,-0.0809718142211438,-0.2882453941359524,0.4669752574921381,0.9657056873923845,-0.03282198109415747,0.03576339076999379,-0.2550612137814955
233,15.603999999999814,0.0,0.0612565643379754,-0.2094166174658684,0.9553859501032352,0.0411400394710551,-0.6390951177168596,0.8208980349899044,0.1333529555997634,0.1675721885726685,-0.013909161836477786,0.9767001003720539,15.603999999999814,1.0,0.2615088491588132,-0.1976698158007971,0.9235316809578932,0.3909253945173684,0.2438604956196311,0.8949050523540519,0.8509582588650698,0.022764900449405157,-0.1897851270615593,0.48921713637513287,15.603999999999814,2.0,0.4172481972120344,-0.2006655163794894,0.8637402922519362,-0.077727323222988,0.1175292660594803,1.4094419184450735,-0.4517719552723556,-0.1369433467205998,0.26491575381878907,-0.8408140481681887,15.603999999999814,3.0,-0.0720735108829265,-0.1398560841273026,0.967210775767922,-0.34283009131414,-0.293527400620374,1.9225951254318216,0.9753343632739147,-0.08564505993992119,-0.04702819068532563,-0.19792966631058487,15.603999999999814,4.0,-0.0763830249094252,-0.0660829102392565,0.9737934495980124,-0.401616118954446,-0.0540366804893974,1.959609641976786,0.05473145952240741,0.0012995007841594569,-0.05477996684053481,0.9969964562972172,15.525000000000093,5.0,0.0153032995698883,0.1010779845630339,0.9746399591946504,-1.234489724851933,-0.1292386412132992,0.8467304774294888,0.4660317655815485,0.018301497539923165,0.022872188863098754,-0.8842829364142177,15.525000000000093,6.0,0.0194432915481076,-0.1751207846752844,0.964239425240686,0.8576923064002978,-0.3807446143730278,0.6463399243606085,0.4478636555526893,-0.13017608097331912,-0.03571129199100783,0.8838535159186407,15.525000000000093,7.0,0.0404776372004461,0.2507390998356628,0.9454551627127912,0.8640372657015877,-0.7219671841731982,1.1107870083056324,-0.3641337500351228,-0.055246078979978824,-0.12675542510350882,-0.9210252684098985,15.525000000000093,8.0,-0.0431242767004345,0.0075693872035112,0.9789443299475348,-0.431700566422467,-0.2070741704451605,0.7477088413000578,0.9743037891423545,-0.050881140579272,0.03150908233526859,-0.21714146017421934
234,15.664,0.0,0.0582650849132604,-0.2062897831959096,0.9559093603627044,0.5121639076842561,-0.5385819191984184,1.1318668650599968,0.0720946194597584,0.18143134395641428,-0.011322341162870998,0.980692019884792,15.664,1.0,0.2493300875312495,-0.1850380447803014,0.9308197620568348,0.1442922547510917,-0.0140270392535902,1.4173169706985036,0.8153415287566715,0.01157630391961575,-0.18457633075552787,0.548649030617134,15.664,2.0,0.397543046384803,-0.1953656492162729,0.8745854957506409,0.2020353925352961,0.0484858438091569,2.6322341153635667,-0.3441438129799311,-0.10307295259182206,0.2637300204272998,-0.8952024791951004,15.664,3.0,-0.0829811899528197,-0.1539881794437335,0.9641601333313976,-0.2452416226053384,0.1718668283079516,1.2760818531490845,0.9858584575585879,-0.0972705875157454,-0.019397193924090735,-0.13507510256303676,15.665,4.0,-0.0740263443018202,-0.0571713265698006,0.9739658822400082,-0.4041845474828849,0.728030855026338,1.4177034841463674,-0.014180516790023773,-0.04297553389146755,-0.07017582228283832,0.996507586723372,15.599999999999907,5.0,0.0291220094039846,0.0469942626971238,0.9778013335242636,-0.5685204130653562,-0.2706690728288886,0.8663627543259717,0.5056542438404997,-0.008924790691066912,0.03632997370417135,-0.8619247454435144,15.599999999999907,6.0,0.0509772165538054,-0.1255307326175929,0.970192433778432,0.6836381070368047,-0.4764093955692001,-0.0156214490227631,0.4539577896274072,-0.08146676389134237,-0.019702737995220463,0.8870723159546592,15.599999999999907,7.0,0.1216653956669981,0.3078456843369301,0.9227971424599882,0.7971232717647154,-0.9465216358125266,0.9465226304850246,-0.32437432096682367,-0.1240646025971601,-0.14275124415268856,-0.9268286554550309,15.599999999999907,8.0,-0.0088311147788141,0.0317251767246576,0.9796348935055104,0.959424850795094,-0.6375426191524295,2.253569145760099,0.9946378178513556,0.000778473194628655,-0.01393941101860691,-0.10247291398136871
235,15.724999999999907,0.0,0.0833196415325261,-0.2005238148817074,0.955758357012994,0.3239869671792047,-0.4972866029190532,1.334219563039951,0.0017733015815904253,0.19230170735778573,-0.018561472458120846,0.9811586928162884,15.724999999999907,1.0,0.2286429031268316,-0.192107932656511,0.9334762798594164,0.6079198502734464,0.1785613313922143,1.6827778606766173,0.7696419583623787,0.011855998786297636,-0.15887843416801822,0.6182785249199751,15.724999999999907,2.0,0.3779283404845296,-0.211056854197716,0.8783337485004055,0.763608980380469,0.0793138231140124,1.9130298503007133,-0.25927128815603123,-0.08764789732447871,0.22946141956487834,-0.9340469485865155,15.724999999999907,3.0,-0.0898759199571393,-0.1391517605939988,0.9653191734009268,0.087096354914352,0.2011700957076443,1.6172567935144344,0.9944751754293257,-0.08958604593803345,0.004784003402351723,-0.05450301954430774,15.726000000000113,4.0,-0.1085506470923261,-0.064717310752112,0.9717007907297656,0.1406489952349717,0.5742387067147611,1.1836846622759245,-0.0712428685715125,-0.07781929822593021,-0.05717941348063892,0.9927734510830435,15.659,5.0,0.0398150603012724,0.0453728857042177,0.977973957841454,0.2167181324982778,-0.6215022392599086,0.4264300688434721,0.5255745394685994,-0.028831881162395757,0.004582585620171143,-0.8502465089608077,15.659,6.0,0.0505702737470787,-0.0989128225557878,0.9720148666286916,1.350497970562138,-0.6531892378748607,0.0316352374652055,0.45893435176698355,-0.01356416231515184,0.021613653858693113,0.8881036675049728,15.659,7.0,0.1694750864854408,0.3281818708777754,0.9078749113660513,0.930482704863895,-0.8080227370454924,0.3399668920672449,-0.30877497775025664,-0.18007639977903506,-0.16959298656207292,-0.9184055325763811,15.659,8.0,0.0132537754856537,0.1051772953193767,0.9917197557700848,1.2671896293045632,-1.4975910484582955,3.1880914464419123,0.9910735749584103,0.05892650202311444,-0.10345546425788588,0.05998169132044978
236,15.759000000000016,0.0,0.0993997598776467,-0.1853773437576288,0.9571775844416918,0.4905526399188258,-0.6528736438516499,1.60442744928514,-0.08430120732159535,0.20861871513308652,-0.017224428756368166,0.974204730636409,15.759000000000016,1.0,0.186670108600309,-0.164970948688712,0.9476137697627106,1.2144128649998307,0.5587718099583106,2.5891260185683027,0.6926203800208273,0.014306808728415386,-0.10087232047871389,0.7140707943649937,15.759000000000016,2.0,0.3451918103011011,-0.2018264846767092,0.8937324455249964,0.9693621742806912,0.2408047243988341,1.5902047900782188,-0.1865357882999644,-0.07232998235017798,0.18075476907874294,-0.9629644265453549,15.759000000000016,3.0,-0.1124813567730844,-0.1092259577577649,0.9671740456248736,0.2253864136671572,0.0511499674381042,1.6976188925930011,0.9966338525594036,-0.0738347802277068,0.018505671556214354,0.03044551332430877,15.759999999999764,4.0,-0.1472912167819118,-0.0553891304996435,0.9668890017377368,-0.2326442695411077,0.2530756641488384,1.6978313170800596,-0.15643978270035763,-0.09349111719212508,-0.0606178301025545,0.9813824351742246,15.719000000000053,5.0,0.040599890279908,-0.0060404423336111,0.9794070461078344,-1.0184601991863298,-0.104138892150035,0.6432679369598213,0.5518244571860125,-0.06023323287495593,0.04569114135709181,-0.8305263666556771,15.719000000000053,6.0,0.0761871065100569,-0.0725921870187642,0.9730158781774624,0.8318572538960194,-0.2211889218264609,-0.0399400816860285,0.46184621523914304,0.018509122815663435,0.04626970024272309,0.8855589199377545,15.719000000000053,7.0,0.1909147012480908,0.3771101977311848,0.8831491808378124,0.991637054108257,-0.347337396073473,1.0512927309082305,-0.2554762622137242,-0.2160189363013655,-0.19835068684198937,-0.9212625595528356,15.719000000000053,8.0,0.0848788157943762,-0.0035095999503893,0.9760349734192586,-1.886419087646263,-1.7365750761738497,3.0723054667160863,0.9635864053775046,-0.04902532413701787,-0.17765631267580353,0.19374207475754174
237,15.81399999999985,0.0,0.1216165235610358,-0.1662095750370622,0.9581835932444924,0.4498818625397285,-0.6433695819038507,1.9634356705975675,-0.18791305739272496,0.2222619793413703,-0.01865612011902812,0.9565250883184816,15.81399999999985,1.0,0.1148509210061934,-0.0968564391476018,0.9674988868932488,1.4122127581227797,0.5043382439481398,3.310118230198004,0.5778417811379607,0.019533939256461068,-0.0370830609105913,0.8150718666362712,15.81399999999985,2.0,0.3178828123944912,-0.1843189996910889,0.9089543574553371,1.208287403335309,-0.1971431218460581,2.75276873577988,-0.05013247002901597,-0.06679512613484431,0.1276934610957654,-0.9882912154657676,15.81399999999985,3.0,-0.118023688405901,-0.0892417443616901,0.9691523719407332,0.1046441350076749,-0.1553236149592385,2.3229626972618,0.9870662713812258,-0.06322544860337029,0.022197010011419837,0.14563657266298055,15.815000000000056,4.0,-0.1546213726292512,-0.0319135457070363,0.9672961060226856,0.1587515252201386,-0.1642446302233778,2.682965654930803,-0.2903934485085565,-0.09518996453239245,-0.034582756829155833,0.9515327365076441,15.755999999999858,5.0,0.0498049747744822,-0.0429345399885947,0.977960679047824,0.0516329303679043,-0.1254338498900509,1.306655200573953,0.6070597371931239,-0.05797956190824929,0.03941935730933945,-0.7915573006101715,15.755999999999858,6.0,0.070784678449991,-0.0386897020937337,0.9770699239300276,0.5694379013918198,0.2102968427723549,1.9120764021674344,0.37740165536840264,0.025454584169004518,0.06556813127020764,0.9233747207021131,15.757000000000062,7.0,0.1927566343885335,0.4107011465516044,0.8687528118633072,0.3022202321301263,1.1908466332096266,1.4831300532586842,-0.17404993306854832,-0.17366058178798918,-0.20833431645715267,-0.9466495844388365,15.757000000000062,8.0,0.1711758028730507,-0.2793174915767578,0.9223988201477896,-3.6571796283599896,-1.512605880230136,3.49251143552067,0.8889270114750358,-0.233470104909841,-0.22915191042769986,0.3206086092586798
238,15.918999999999867,0.0,0.1326550790967767,-0.1653071954682764,0.956655194475126,0.2363034834683618,-0.5578679332236055,2.87892698888304,-0.33355202023999436,0.23117534269265388,-0.038509738399657115,0.9131363593533786,15.920000000000073,1.0,0.0963703728776502,-0.0660878678168213,0.9724752670165184,0.6261907349652562,-0.3999384994420404,4.356964392036225,0.40387874524521794,0.041133589984925605,-0.030453984992324337,0.9133797357683099,15.920000000000073,2.0,0.3003414369245422,-0.1731382352408291,0.9165234163750496,1.5397377646325023,-0.5433030834327203,4.122934609053239,0.16512693288435698,-0.06419694022296736,0.05715848483231872,-0.9825195959948522,15.920000000000073,3.0,-0.1356684578221461,-0.0602832131525476,0.9688962812211456,0.0727969066274918,0.2230784632698175,2.4130578971793795,0.9628848277725807,-0.05607953898296865,0.0441610893333555,0.26030307708845224,15.920000000000073,4.0,-0.149835609639667,0.0134736151533323,0.9687459686515392,0.4292948751915426,-0.0468624580627836,2.4252877528913497,-0.4061790632282665,-0.10453830421936766,0.0015563531694281652,0.9077928669640222,15.81100000000015,5.0,0.0220767118736216,0.0018407380474291,0.9785245170542686,0.8872609742973876,0.5754565770891773,1.6766912540830765,0.6758641478889252,0.003445633372730321,0.01886157042526717,-0.7367767792012249,15.811999999999898,6.0,0.0592758911754807,-0.0104812935803671,0.9784239935785688,0.3889897755144275,0.1181890079144918,1.064957180495877,0.3277390892194736,0.030332505198669465,0.07594969374360708,0.9412219039876913,15.811999999999898,7.0,0.1238970816218681,0.3859171135860349,0.8919285255035897,-0.198144083303247,2.330717677120797,1.911125079928959,-0.06314900410668296,-0.07683354106345824,-0.19798643065416316,-0.9751462369946409,15.811999999999898,8.0,0.1513117669540403,-0.4381974914849478,0.8631319178651344,-2.037384609560017,-1.5301306817587106,4.187923548097294,0.7750775399175253,-0.3297463384191002,-0.24260244308977996,0.4813171657249128
239,15.978999999999814,0.0,0.1247385857205077,-0.1840343863102038,0.9545054373275588,0.0300153868244683,-0.4059357128080358,3.906732694732072,-0.5206240334502441,0.2299282943751949,-0.07712823119555441,0.8186176343033161,15.978999999999814,1.0,0.1133811638682649,-0.0632532573659121,0.9717019795762892,0.3759488484512677,-0.2890020283781816,3.8545492418613234,0.22995552306900702,0.05378258217897096,-0.02931713822048711,0.9712715360138906,15.978999999999814,2.0,0.2755273369833796,-0.1483918003307067,0.928683778349476,1.851280438822672,-0.1342598575840472,4.235294129079774,0.38785413643790173,-0.0334933666297024,-0.032393840784907424,-0.9205422327731737,15.978999999999814,3.0,-0.1698633955463861,-0.0436959325936455,0.963839764861475,-0.1863297235931491,0.4961144091596283,2.4042760610167546,0.9241193063063677,-0.06440645450124169,0.07542415609979332,0.36900747012364293,15.978999999999814,4.0,-0.1538880661061983,0.0714042143600175,0.9646688039331028,0.4138089721140491,0.44564937970285,3.2215080983796085,-0.553894920148347,-0.13489748207414579,0.030052203619512722,0.8210359016641862,15.884999999999764,5.0,-0.0116018190752491,0.0871743775522418,0.9755367884875096,1.6112185559926584,0.5408782966340492,2.1663511493568417,0.7545403640373272,0.08972738018832123,-0.03462130690824826,-0.6491680840821759,15.884999999999764,6.0,0.0415928200994509,0.023526970426288,0.9792882716436134,0.645613990520143,0.3418346434465888,1.4810061539388213,0.25649453362843827,0.028077623913030387,0.10191967309760289,0.9607468873172611,15.884999999999764,7.0,0.0276504024685727,0.3895799755010237,0.8980244417230233,0.1491289912702771,2.2931409698280367,1.2669344473948212,0.021084565437697697,0.027544691801696136,-0.20624745004204495,-0.9778848196004513,15.884999999999764,8.0,0.0925219306454825,-0.3789426220692313,0.8989594993818846,3.4250679214627886,-1.219987181791329,4.360672184736314,0.7039192281263015,-0.20913428140003612,-0.1447541342721122,0.6631793220754805
240,16.054000000000087,0.0,0.0661539395968727,-0.2285660287866596,0.950661993960266,-0.3154095504438802,0.0719862288067348,5.319662701979302,-0.7390682431884189,0.20365013766336515,-0.14985894438793845,0.6243773299271917,16.054000000000087,1.0,0.1291934286800913,-0.1022204575352084,0.9659115052877124,-0.3851451464422485,-1.115228568938752,4.838475060217735,-0.006012919280099114,0.10474608702462414,-0.07810387760439427,0.9914090408897422,16.054999999999836,2.0,0.2457084820890293,-0.1382895451601085,0.9387227191929016,0.8538307273558865,-0.4816824010625791,4.53595454936205,0.605675527316243,-0.05102619810558049,-0.07260027319361115,-0.7907481792892691,16.054999999999836,3.0,-0.1764962786712169,-0.020191831918128,0.9625899197160764,-0.3217860495424485,-0.3589859265876228,2.7497105017675776,0.8683865150983873,-0.05910936687911589,0.06208970531590501,0.48842175589976794,16.054999999999836,4.0,-0.1753651597599946,0.1205647001358897,0.9560675780631276,-0.2124785084518261,0.6202190506318813,4.143771838202763,-0.7286671460093752,-0.1436702001152768,0.025782901563197014,0.6691325025078146,16.041999999999916,5.0,-0.0473259929384907,0.198199562206761,0.9582396276158872,1.1165710212828877,1.0999248976678293,2.058007358590367,0.8159272349268744,0.1674702862828575,-0.044404879806195646,-0.551583771666934,16.041999999999916,6.0,0.0301497456216745,0.080380353844943,0.976009729231584,1.138579771198559,0.1390972421266705,1.7517228468227977,0.17089162410193726,0.0404995500917634,0.14852636513920656,0.9731884494344875,16.041999999999916,7.0,-0.0550126447613286,0.2282269631507557,0.951005816074406,-4.467451033187884,1.712534301307406,3.120592791575421,0.20576030390683633,0.03522699147869337,0.034113117065000524,-0.9773730360776463,16.041999999999916,8.0,0.0751600001878781,-0.2517503329159521,0.9438001611826866,1.4307631397175675,-0.0314613097854614,-0.274390809816681,0.7312023915893935,-0.1398768008738683,-0.09769084758539262,0.6604801597393302
241,16.09999999999991,0.0,-0.0213716093067261,-0.2466778014273636,0.9483724566849264,-0.1695608525005401,0.1523440950050099,3.5577575584487087,-0.8456523356708077,0.16610616799166494,-0.18478930226753953,0.4723703863464646,16.09999999999991,1.0,0.1860476927081446,-0.1543513440145603,0.9495724925664574,-0.0140472220875528,-2.124379800677129,4.705803194641789,-0.25525548659446157,0.19692980911470462,-0.1007549796832231,0.9412288355732117,16.09999999999991,2.0,0.2977682877206511,-0.1954558759852046,0.9126116629600828,0.6041452253711918,-2.5335940402998323,5.306786775136346,0.8064938580912033,-0.16133459009525836,-0.15122298397968262,-0.5483342192643474,16.09999999999991,3.0,-0.1175143809448885,-0.0217361194634359,0.9725774577800016,-0.8243494107991585,-1.273089301167644,3.464298674713413,0.7803489198817617,-0.04741716388014564,-0.001091823589457617,0.6235430889122106,16.09999999999991,4.0,-0.1466268166368423,0.0785439234318904,0.9661849868088778,-2.128595311856612,-0.0554266346095099,3.3675521394960475,-0.8529815374461652,-0.03880451914094389,-0.04142803002551978,0.518845279826675,16.048999999999978,5.0,-0.0422662572516524,0.2470142211663006,0.9469026021928244,2.4652539032675573,-0.2156109470158662,4.621662395134563,0.8986160376542536,0.2528065591661841,-0.1787526372659926,-0.31084651386749756,16.049999999999727,6.0,0.0405888296423118,0.1935084283870504,0.9590078388894646,2.3886565755268507,0.6741460839001406,3.115545070015612,0.009598015914195606,0.033174556616495425,0.259658630463362,0.9650827542287247,16.049999999999727,7.0,-0.0609462050151282,0.0073899378871174,0.978370047023251,-0.733096677770126,-0.0330020926148586,2.9048951158660308,0.3524990563578245,0.026041771076001596,0.06292582540257008,-0.9333309069796594,16.049999999999727,8.0,0.1062207703197003,-0.1727537637049476,0.9591549849103972,0.2377971374405308,-0.4462455273992119,0.5655900152833979,0.7137458122060806,-0.1087333370602076,-0.10271705342991848,0.6842464350690537
242,16.190999999999804,0.0,-0.0642164992509643,-0.2487619471867106,0.9452146501487516,-0.3978527545470415,-0.2621662605794172,1.6278066992297775,-0.8837787378910479,0.16719358199538348,-0.18650920910040727,0.39521609723289364,16.190999999999804,1.0,0.3106334953338203,-0.1733151174385427,0.9127791088998244,0.8322034659576552,-1.308095747339118,0.5733927447270589,-0.29731438513284486,0.24202504779353523,-0.04378580732018725,0.9225566842806652,16.192000000000007,2.0,0.3747637177916059,-0.2210950493423951,0.8768438486887489,0.9922841201223936,-1.0533243540013613,0.6054594884809718,0.8229245217898883,-0.15818828920207306,-0.21171148273752496,-0.5029412934660303,16.192000000000007,3.0,-0.0700624431563838,-0.0946888950176997,0.9730314831593508,-1.4294972193595623,-0.629669851254633,3.0907784204050155,0.6802248727208993,-0.07772864645402647,-0.05522841989745213,0.7267752071224581,16.192000000000007,4.0,-0.1678202394755363,-0.0645935997081333,0.9634485113897469,-2.82950629184061,0.9835466594830484,0.2800740533930473,-0.8581423873826253,0.05914224862708625,-0.16201849779366767,0.483574031330533,16.11299999999983,5.0,0.0053626281559535,0.3071340295185806,0.9305594715712374,0.6445982594238535,0.8492465888754561,3.2868918372554723,0.9410949729352467,0.2533250002068744,-0.17593140553373224,-0.13861759171591506,16.11299999999983,6.0,0.0618343768576993,0.241038307636767,0.9477589588551634,0.8687931619486376,0.7411818309630362,3.9438230948803032,-0.19609370949308214,0.04385740926035666,0.27829750533898273,0.9392413338819322,16.11299999999983,7.0,-0.0795709364843845,-0.0344750305609577,0.976036852959364,-0.7254595910052474,0.4631778377031911,1.0401024902749247,0.4013072898693024,0.03717756681883994,0.10104974615999268,-0.9095928959837952,16.11299999999983,8.0,0.0812823585810606,-0.1448372003705277,0.9662077227865276,0.6551837571154968,0.2160280312484035,1.2392286283418763,0.6771012709856803,-0.09227585532179183,-0.06497523579116442,0.7271844704668071
243,16.259000000000015,0.0,-0.0525255663679462,-0.2523750484765188,0.9457319386508004,-0.1208053482870289,-0.6142893324072162,0.8658686648409887,-0.9071775792214175,0.17048085588486903,-0.1574806907496466,0.3509486423620209,16.259999999999764,1.0,0.3340732968485179,-0.1056428433123191,0.9147888401099188,1.6231846451851266,-0.0335432444511778,-0.0775630601246796,-0.31413365670194165,0.21293718004259748,0.036729570192332923,0.9244613251813509,16.259999999999764,2.0,0.424759823039084,-0.1353395582315136,0.8721125481894554,1.2228802975975448,-0.3780198887804276,-1.863824973863886,0.7820742018053874,-0.10147514146733613,-0.2610930430043119,-0.5566804841463355,16.259999999999764,3.0,-0.0928852391322365,-0.1663075612963918,0.9602687787317642,-1.29531331939614,-0.3438360201242875,4.725078379571341,0.5072136490147595,-0.11358010815674452,-0.0831160406791748,0.8502503143581026,16.259999999999764,4.0,-0.2128434657877824,-0.2280755143266468,0.92858344742736,-2.7078600925485405,0.0101465705221144,2.5644330542574734,-0.8987125971036642,0.15815850161736827,-0.24403864130288647,0.3282479211272736,16.192000000000007,5.0,-0.0221028991963879,0.2948085362863729,0.9346493400092896,-0.4201091715935778,0.8635071153676078,1.3674567309751968,0.9651882537068919,0.21637246238051355,-0.12991173254976524,-0.06868430807362015,16.192999999999756,6.0,0.0190747508513656,0.2604319097288848,0.9446763330765328,-0.0403422330207526,1.892731773859127,2.1309189849892163,-0.3253011070455398,-0.01912915782959202,0.2349934286248531,0.9157463369180425,16.192999999999756,7.0,-0.0878490773384696,-0.0967510259759453,0.9701911041559708,-0.894946253159078,-0.0789272313620395,1.5605323512367164,0.4755922471742549,0.01889185891446086,0.13475111056776384,-0.8690783913406505,16.192999999999756,8.0,0.0755797854480893,-0.1361124035427292,0.9673733041765428,0.1325238536719923,-0.0321324355094333,0.9685530883615816,0.6432767615031181,-0.08291636418248573,-0.058205878757660756,0.7589018120540144
244,16.30899999999974,0.0,-0.0183753804128331,-0.2613639040671616,0.9443300562014614,-0.1286767099426239,-0.731587995186598,0.5109217933254776,-0.9218859075885025,0.180184652998249,-0.1206222077829459,0.32110768786061733,16.30899999999974,1.0,0.2909069417248497,0.0620038976187927,0.9340822597268256,1.588081403768743,0.4740226370879145,-1.1776114366676529,-0.2779616096890705,0.1598381647481328,0.11755297652317144,0.9398778656504004,16.30899999999974,2.0,0.4199467977745009,-0.0089061356603857,0.8855819373646581,1.7177497679389728,0.5487819537471288,-0.0845948194990481,0.7970672483537489,-0.019330845569563878,-0.27875342513370027,-0.5353565615434066,16.30899999999974,3.0,-0.1297602506197881,-0.2225464977436071,0.944860483722938,-1.443842677991141,-0.3352491453814821,3.140267689181316,0.36780326970417787,-0.1405657054768028,-0.12837535365261432,0.9102097592386552,16.30899999999974,4.0,-0.2445641858419615,-0.3105286617244861,0.896940527153868,-1.627195802441766,-0.6930358027886342,2.611238528179874,-0.9280788047812469,0.2063816727195977,-0.2553423722100744,0.1757174158568382,16.304000000000087,5.0,-0.0343584573263926,0.2892887327462866,0.9352264568093644,0.2964726116942435,0.477569868431708,1.2250385326820885,0.9700646326799023,0.21763467344925827,-0.1076568708336512,-0.004444715800559948,16.304000000000087,6.0,-0.149408344302381,0.1840176301712166,0.9509456653452872,-2.344961967191572,2.0619663248684463,2.518656475206388,-0.4736267022095107,-0.03622715109245519,0.06709122830826966,0.8774190034196634,16.304000000000087,7.0,-0.0919721217591675,-0.1322389597567281,0.966115928003247,-0.5414784044558892,-0.0610087206388239,0.6385473053073976,0.5047619738904175,0.00600390368802071,0.1512591875185199,-0.8498823218810894,16.304000000000087,8.0,0.0882237732683852,-0.1318458403011429,0.966411009987766,0.1034834969087828,-0.3295532152643589,0.1430485862817311,0.6381243588592598,-0.06026861248864135,-0.06656012608739835,0.7646795058025173
245,16.371000000000095,0.0,0.0175500113764039,-0.2578824788739898,0.9454462566378348,0.186186797641956,-0.6538251934173338,0.6141518778882104,-0.9380445937162822,0.17283833928564707,-0.08375489914542535,0.28841699939804893,16.371000000000095,1.0,0.3101494083241431,0.1015908520099932,0.9231460574059056,1.1194309426148552,-0.2476667631114373,1.7770828814581188,-0.3708947089750516,0.16003887996371774,0.15891745664036025,0.9008717520986157,16.371000000000095,2.0,0.3658760416350793,0.0964049633298993,0.9036906579149784,2.3092443562363565,0.5557145932003659,1.7346900629421835,0.8501186956338883,0.06504301965826695,-0.31108933068730815,-0.41987026241446723,16.371000000000095,3.0,-0.137659277467509,-0.2944998751618528,0.9242130419209504,-1.2518697312282283,-0.4588374459600419,2.0377633259043915,0.2652745985909821,-0.1487240294878327,-0.17602894649596726,0.936228797031375,16.371000000000095,4.0,-0.221764729268715,-0.3571807741398707,0.8854181494848726,-1.2349396593094744,-1.0070513308939366,1.0494048066366504,-0.9362859590740907,0.2541621852495666,-0.2206796979418866,0.10035266486821734,16.326000000000022,5.0,-0.0628329908481378,0.2941873728081582,0.9318791793689304,-0.6267396803160242,1.187084376248318,1.740064236060784,0.9802749334774397,0.17027939970790565,-0.05025278514128495,0.0868368494157894,16.326000000000022,6.0,-0.1749538525493054,0.1578560793407433,0.9509293389591706,-0.6136167092664859,0.486766114750521,2.67645029633448,-0.5957406510145874,-0.038751742285851355,0.026236522855024966,0.8018123371880757,16.326000000000022,7.0,-0.0725369131658928,-0.1796510356052661,0.960085361639432,-0.5043572053528501,-0.5917784784556109,-0.1926235852225913,0.501590820241685,-0.03534542928846161,0.15230970903958702,-0.8508578625187432,16.326000000000022,8.0,0.1174472363085498,-0.1341806524753333,0.9638540860445516,-0.0084095262362971,-0.5580134451743939,0.703322617044461,0.6100651499784652,-0.035434127699514234,-0.08495574108437,0.7869863133706537
246,16.46199999999999,0.0,0.0322509924996435,-0.2556799645872572,0.945619706431421,0.0114408198997932,-0.5228048375763653,1.47098752524341,-0.9600247755593634,0.1689074478260331,-0.06465222393703098,0.21364174292746715,16.46199999999999,1.0,0.3158004936534491,0.1136347499086996,0.920907808535374,0.4140401233282283,0.3095166995515927,1.268036328055426,-0.4351014071149805,0.14446991600460946,0.15749664676655792,0.8746485094902268,16.462999999999738,2.0,0.3708436965274161,0.184003725242952,0.8868746144989144,2.139537441325445,0.5607893986358541,1.8928629261679428,0.8867127143431575,0.1353435392597543,-0.3313528145167601,-0.2926226254318946,16.462999999999738,3.0,-0.1352313808548819,-0.3276787894524743,0.913856161863038,-0.6098093974460351,-1.057382056692723,1.9382297355632656,0.1621419264613089,-0.11892058222704305,-0.19946452339145768,0.9590525505489338,16.462999999999738,4.0,-0.1966497562248301,-0.401700576709136,0.8712327588241058,-0.7413746029576381,-0.828373978232361,1.2946566074619243,-0.9423600028084359,0.27249415008791544,-0.19295607448492744,0.021737446816877715,16.45699999999988,5.0,-0.0916452001391163,0.2545081893422641,0.9420486923982132,-0.0463790902196092,0.2042788475124342,1.2822249843903537,0.9750488158719202,0.1594494873638266,-0.04013485694852813,0.14914711161769303,16.458000000000084,6.0,-0.1242832619999803,0.1617727164373639,0.9588129426551985,-0.73790502760911,-0.5688129461541297,3.9283382433767833,-0.7549977779559538,0.010233391726256738,0.015620703214035801,0.6554613845273025,16.458000000000084,7.0,-0.043091746489567,-0.2013394359721422,0.9581891947349952,-0.3551979240517443,-0.6609165825298864,0.6944054807213729,0.5361024106323382,-0.06736438593985537,0.14686120872285546,-0.8285457321075307,16.458000000000084,8.0,0.1597803507148367,-0.1430518027162436,0.9559667469452464,-0.1720079490339735,-0.9298960549351613,0.5158320007935907,0.5862338081945303,-0.0006579898366876902,-0.12119359066962006,0.8010253446425512
247,16.519999999999982,0.0,0.0389188241234869,-0.2507998267543946,0.94693282339816,0.2193429711296929,-0.6426524584871506,2.1187367577238168,-0.9817544215860856,0.1532496790801165,-0.04107443225593211,0.10481260693668748,16.519999999999982,1.0,0.2827850928819487,0.0923519699447273,0.933908831145244,-0.2336050295467694,0.6559883673343876,1.7270200959691449,-0.5159869071011524,0.1324345132609905,0.11388509030946833,0.838599306941471,16.52099999999973,2.0,0.3143335576326697,0.2235348633929996,0.9009775687517764,0.332222529455312,1.4467468917193895,0.9145504085848876,0.9244682812511495,0.1486095558626279,-0.2612884357548969,-0.23452494581092462,16.52099999999973,3.0,-0.0910410025313368,-0.3230806130731605,0.9194299610706408,-0.0127582101641225,-1.2165640507945092,2.193369891052406,0.045707830844599506,-0.07932986066634291,-0.19101805095279703,0.9773073578032322,16.52099999999973,4.0,-0.194090405301759,-0.3938150022883505,0.8752660501484251,0.1905204215817129,-1.282603375312804,2.4258682870056,-0.9550988609132975,0.23236261040430678,-0.14971680721159003,-0.10667080578389485,16.514999999999873,5.0,-0.0472956301673801,0.2663424356784135,0.9417912880909232,-0.3641532470624691,-0.1132596696324644,1.9314170294953408,0.960216010426652,0.13568746644003374,-0.05310804582389599,0.23823026726294746,16.516000000000076,6.0,-0.0230702231439381,0.1523813656116499,0.9682322470453136,-0.0684116661708512,-0.8602913219401177,4.106486875804639,-0.8818495901036649,0.035738890050648495,0.04611968043167813,0.46790704979603154,16.516000000000076,7.0,-0.0097669275832682,-0.2101349481225984,0.9571425759536016,0.0131072716831011,-0.6179071353198572,1.482457829728738,0.6031404239699781,-0.08012529588904561,0.12834750856239152,-0.7831529116193304,16.516000000000076,8.0,0.2169749122867204,-0.1686851181813991,0.9412115693840029,-0.2187701663756103,-1.1113180560892395,1.3906518158082166,0.5249328148629293,0.03356930086018895,-0.16291659924015164,0.8347315877645122
248,16.58199999999988,0.0,0.0440956118714999,-0.2490180997406598,0.9467705968265114,0.2102917604040811,-0.7829379405551783,2.574280523139238,-0.9899463728678637,0.13794795263654488,-0.013698003599990375,-0.028087468852152787,16.58199999999988,1.0,0.2669092783274568,0.0140479560884808,0.9429332383962568,-0.7458172417312761,0.3700483591162882,3.0070757088352456,-0.6417395872807036,0.1566915839485435,0.04343936775782329,0.7494872053379493,16.58199999999988,2.0,0.2714042563738155,0.1552609577503397,0.9286316625124428,-1.108262656407788,0.9497334038367952,2.37865814983838,0.9702925746230051,0.06332402391318467,-0.1971849913278794,-0.1250618519850337,16.58199999999988,3.0,-0.1005055536825998,-0.295855752404409,0.9287696202224616,0.2019460979823843,-0.3819158260743722,1.9630064230479625,-0.05321624647961803,-0.07875005981905082,-0.1690581782653338,0.9810126357752601,16.583000000000084,4.0,-0.1636220286773399,-0.304941373813591,0.9169692417241656,1.6410359007219737,-1.4301547025610888,2.281040162126,-0.9647069304565592,0.11966352275974246,-0.09347147489960853,-0.21513777685451674,16.54599999999982,5.0,-0.0361767924637376,0.2007744640147922,0.9579842661999248,-1.2896598046922407,0.2861601300168706,1.28356847157007,0.9522199401385749,0.063147212225016,-0.04947116391541603,0.2946900390775904,16.547000000000025,6.0,0.0430934993514619,0.116518222919542,0.9712648732664626,-1.155260918953761,-1.2209145126675696,-0.0824276091546665,-0.8736918248187724,0.10677979309816854,0.07307039429774974,0.4689577683629167,16.547000000000025,7.0,0.0080380054002736,-0.1883139198226862,0.9613647892814672,0.6389624929347675,-0.9279928230052388,1.8609414192066605,0.6858156620105684,-0.0805129704686352,0.07358830780777324,-0.719554932080457,16.547000000000025,8.0,0.2553501021601288,-0.2685539428519717,0.9070419533326292,-0.75782968350065,-1.4700601168240637,4.660116015780062,0.3258597196677242,0.046632542076991766,-0.2355257559868667,0.9144224775148109
249,16.633,0.0,0.0484523019064663,-0.2459078145581472,0.947358285538898,0.1687213749820008,-0.8584777208618756,2.433168250432618,-0.9803478979900077,0.12451248420233417,0.01720308339478221,-0.15204832819222025,16.633,1.0,0.2633437445286631,-0.0441316133835682,0.9447838233785472,-0.4826671940338228,0.3421729977359465,3.679692008410084,-0.7752245027032121,0.16589490349378241,-0.01596964900562199,0.6093035546539861,16.633,2.0,0.2609257580320855,0.0707551600721208,0.943697226931684,-1.6052742273102634,0.2726029455975898,3.3804381654969435,0.9859071617369538,-0.05232652652897914,-0.15602599888307928,0.03008140172488083,16.633,3.0,-0.1261036859264199,-0.2799965890241241,0.932405904384258,0.3801832709339922,-0.1984795306985948,1.42222901528804,-0.123314461172927,-0.0816050858614889,-0.14148380876305175,0.9788342482182926,16.634,4.0,-0.1324685004596164,-0.2358878338669876,0.9471531165653848,2.009454591076984,-1.4648471878619116,2.407265552124934,-0.9462909548368346,-0.0023034707639313246,-0.03912027626118286,-0.3209325891860788,16.61999999999989,5.0,-0.0176791569088429,0.1977369883064099,0.959600193240134,0.1531152943533418,0.2956906999338752,2.6692346594866923,0.9074166698988889,0.061698101132248634,-0.033371748726791,0.4143364066711998,16.61999999999989,6.0,0.1304843954989744,0.010888485501728,0.9708291628369772,-1.6288930699167212,-1.4193057949086223,2.322356757297703,-0.9083033103871024,0.21332754203295914,0.07307359030915268,0.3523303940186501,16.621000000000095,7.0,0.0287387851772701,-0.0641067584872343,0.9770191429766328,2.558580860132248,-0.0602948712504853,3.1535205170553904,0.8084653963164854,0.03813140254775278,-0.03287049289274544,-0.5863865873257657,16.621000000000095,8.0,0.2249388378312141,-0.4656538363366354,0.8317439653764354,-2.556024341044449,-1.91938724938602,5.654618404352659,0.0522533485658203,0.0638932052942532,-0.3961897077290336,0.9144511804194188
250,16.684999999999945,0.0,0.0626127050710764,-0.2352404845995749,0.9492794970760926,0.2889090370121995,-0.8166205024304206,1.813650447458668,-0.9631517888943827,0.10442663114592039,0.047983682114131065,-0.24316923429544746,16.684999999999945,1.0,0.2453296207678326,-0.0903085690899334,0.9443594334377352,-0.146290089695467,0.4223416389747822,3.4941434088806607,-0.8745372942227921,0.14986455822216305,-0.0562510198453159,0.45777828472822435,16.684999999999945,2.0,0.2421903749692829,0.0029476605702855,0.9497079201361862,-1.5579826159881274,0.1291814390798742,2.5323554590535995,0.9712234183994137,-0.14173242180707338,-0.12981489295163995,0.14065946725767625,16.684999999999945,3.0,-0.0878722264511295,-0.2564197526105092,0.940860979257662,0.8444198530352522,-0.7256407856647566,0.3074919438597747,-0.13964593798840816,-0.04903322247285988,-0.09391395353638388,0.9845176100143819,16.684999999999945,4.0,-0.1138168797989245,-0.1775084947412294,0.9575439687907495,1.4282178987000749,-1.1478570642409032,2.303943301400842,-0.905056451812516,-0.07946223162420368,0.0007426673011041744,-0.417801413620299,16.695999999999913,5.0,-0.0145216919481266,0.1812322170940804,0.9623611608695188,0.1170975048419126,0.4089881752102852,3.115314297988913,0.8379684190923794,0.0542964553007216,-0.014723979416686827,0.5428112268328026,16.697000000000116,6.0,0.1738608166373758,0.0244592004039829,0.9644792190367726,0.4131827915879262,-0.1358579360603045,-0.7922992712367297,-0.9002746838183022,0.17575786804827878,0.0947737497972915,0.38682373485134025,16.697000000000116,7.0,0.0134556892948742,0.1741402009793779,0.9647793192375456,4.388078907531664,0.7787860584225619,1.2919940210065213,0.8283138698031046,0.2429005027880115,-0.14536846825543204,-0.4834909381510743,16.697000000000116,8.0,0.1133613827284078,-0.6750857408667736,0.7004551658630713,-2.772510551508191,-2.548670199955597,5.73415260031695,-0.26334501986442566,0.10348942144064056,-0.5405536031224281,0.7923011689464097
251,16.730000000000018,0.0,0.0852210024281332,-0.2325768852256288,0.9479490351299952,0.0209745269124429,-0.6223293383185305,1.2243761400829585,-0.9449036893246073,0.09869993761452882,0.07330541186378343,-0.3033836792036043,16.730000000000018,1.0,0.2132752294734944,-0.1334755325975506,0.946128404969869,-0.4907061740670335,0.285338435986149,1.3284194173218995,-0.8994773306635125,0.15769090851235698,-0.078614608471668,0.3998672933984924,16.730000000000018,2.0,0.2498001942764185,-0.0958130544389776,0.943195484265344,-0.7145857862699991,-0.4483316382696886,2.5474687917745342,0.9405050750633579,-0.17719890298753144,-0.13297428028639913,0.25762102659215735,16.730000000000018,3.0,-0.0360298616592723,-0.1866975714767079,0.961577800218741,1.0164978215590397,-0.3338748607754493,-1.3150311734172009,-0.07386300592223319,-0.025952101108824847,-0.04512348778171682,0.9959089394390347,16.730000000000018,4.0,-0.102615757027105,-0.0810690139275205,0.9701519578862754,1.2517049926654675,0.040261256967345,0.1404623658780835,-0.8974742124452256,-0.12111794719946489,-0.029384810012482623,-0.42309220484728877,16.827999999999975,5.0,0.024663483816321,0.1327464939862064,0.9703396729498448,-1.2773243352923596,-0.260676359656489,1.5962296357450043,0.7967404117561653,0.010056639057353654,-0.05655428551496487,0.6015855658801812,16.827999999999975,6.0,0.1759689291064784,0.0162854223289519,0.9636159613708604,-0.2488487151637328,0.0189513272593796,1.0373265477473774,-0.9193518186013465,0.1770226792713426,0.07891051997819432,0.3423862358430366,16.827999999999975,7.0,-0.0123531408131375,0.3739046226323234,0.905440629244254,1.542026323402463,0.2169516283452966,1.2865315810764126,0.8414442980966346,0.2956698403928453,-0.1867271939292969,-0.4119269276583193,16.827999999999975,8.0,-0.0192037749428362,-0.7451834314426619,0.6357883834510383,0.7275195638119356,-0.879208772538938,2.682515394722054,-0.40152377500131436,0.05084899307977913,-0.4926538125319607,0.7703799445787709
252,16.789999999999964,0.0,0.1100054309660362,-0.2432708303227028,0.9433260879844674,-0.1149421686815792,-0.5675892246876784,0.7751164529322538,-0.9295396878633005,0.09851682829723725,0.09939291078912063,-0.3411326025376589,16.789999999999964,1.0,0.1723568506495987,-0.1733429200114759,0.9486339378896618,-0.5622910747521234,0.6447592418467195,0.4487211532846947,-0.901820492490502,0.1645176616501676,-0.11055464328346777,0.3839679793652259,16.791000000000167,2.0,0.235151684246974,-0.1742078841488442,0.9353423429398428,-0.8322276680413966,0.292050626564281,1.2707473639844804,0.9196514775191876,-0.2158248348427003,-0.11716681441901997,0.3064844827406361,16.791000000000167,3.0,-0.02706815237206,-0.1246183019598102,0.9717194008271198,0.9897697153497336,0.2421077023843543,-1.0313427494164276,-0.020600032371677436,-0.0352214230013021,7.551943122330112e-05,0.9991671953806653,16.791000000000167,4.0,-0.094531673572912,-0.0129504911213373,0.9753973792620216,1.0331645841265524,-0.0144750279932638,-1.4762752804813222,-0.9217041625893212,-0.15178568778338974,-0.06303958744647803,-0.3513524613037733,16.873999999999796,5.0,0.0334390054469077,0.0373474099826441,0.978942288330783,-1.4314094084791,0.0415416017275077,1.990365025367988,0.7373373313625871,-0.048318310362775896,-0.08797780135663018,0.6680261275812783,16.875,6.0,0.1736811660296724,-0.0171440144421595,0.9641047325552244,-0.4782189616950325,-0.0165070777389512,0.8748002548085129,-0.9312146312205464,0.1893580790605241,0.06329450914455566,0.3049207005230046,16.875,7.0,0.0984068438371346,0.4116621387300695,0.8824711760857682,1.172754617801726,0.3488539421530432,4.907391626639214,0.9079066339108322,0.29054008266059256,-0.2563255510070126,-0.15996629760430667,16.875,8.0,0.017945466478063,-0.6461493474256271,0.7368486826033693,2.737694711757403,-1.4234636725068357,0.5646240237307756,-0.4663724736465999,0.03747207950274661,-0.34101183511187627,0.8153548230041459
253,16.84999999999991,0.0,0.1289514100008957,-0.2557022464981674,0.9367298943636694,-0.1745694350358938,-0.4005572740130896,0.6509193183788021,-0.9150282781959519,0.10310084406772595,0.11812786482731526,-0.3716709211192257,16.84999999999991,1.0,0.1408305892929288,-0.2254027783168687,0.943647356085123,-0.773813919662563,0.4336665866779086,0.1800489007081371,-0.8971974440807469,0.18716131736579522,-0.1337552357017805,0.37698398445986553,16.84999999999991,2.0,0.2048628036469797,-0.2484354643488333,0.9252502643802264,-0.9965534386157932,0.4120471803026282,0.109379978889208,0.9119776945489386,-0.2559945608538762,-0.11458466622437874,0.29938908417756627,16.84999999999991,3.0,-0.0401365027331695,-0.0770796992888544,0.9765463537927376,0.5983916016574131,0.2689380356217412,-0.7724450806482798,0.019204719366520528,-0.04675668473092541,0.02441476779707367,0.9984232120200537,16.84999999999991,4.0,-0.085104183057809,0.0389830828377903,0.9752351497349367,0.9898562376566166,-0.2605377986628487,-0.3166676473210783,-0.922383411965146,-0.1864063008970208,-0.06991839024012528,-0.33101805241354215,16.904999999999745,5.0,0.0383870206593576,-0.1132343578647204,0.9728064642280408,-2.7962478493554443,-0.0899518006856783,0.6937421227705952,0.7072669431426026,-0.1455038658422445,-0.17609087255004338,0.6690247385315773,16.90599999999995,6.0,0.1717219190277202,-0.0794836385206771,0.961115983496764,-0.6566986510083311,-0.1357508438403803,1.967110064496776,-0.952391153378487,0.21583093917099766,0.03900714081442735,0.21177001588620611,16.90599999999995,7.0,0.1606165516253991,0.4507438484894639,0.8551294091497923,0.60358020955439,0.4362738435523053,1.6382470585063698,0.9195917979069997,0.2927040574789429,-0.251711188764744,-0.07291596127169124,16.90599999999995,8.0,0.0895231505571126,-0.3133052766960432,0.9240343116512202,5.781142094262837,-1.007891775323154,-0.7620043752035723,-0.4742078806787683,-0.03546839644584146,-0.0649654457424168,0.8772960558529833
254,16.927000000000135,0.0,0.1335831921170056,-0.2752810779371459,0.9311427704243824,-0.3101768406412594,-0.1693638769508341,0.5701465910129266,-0.9015206522581382,0.11753216637822461,0.1280756585600932,-0.3962869277466783,16.927000000000135,1.0,0.1134791193427034,-0.2712968161966011,0.9341271471244116,-0.6945320111468918,0.2921003403032924,0.043045007408743,-0.8907997153403612,0.20899550573401623,-0.1474622245621196,0.3755684199446293,16.927000000000135,2.0,0.1864369686906471,-0.3115725082071721,0.9105464451827452,-0.9590284514678852,0.2297628406596797,0.1322949438362932,0.9021974594892321,-0.29087024044190624,-0.11927602048778817,0.29530912321335423,16.927999999999884,3.0,-0.0446516317900329,-0.0440871696226555,0.976872843953168,0.4627159739265584,0.0253220844390964,-0.3658374832117902,0.038696727040304274,-0.04534020593799516,0.04206522443198542,0.9973351221807819,16.927999999999884,4.0,-0.0764350920257026,0.0971120912821769,0.9726149898257916,0.6508207274276384,-0.1997363001655084,-0.3223128963872829,-0.9250970717575403,-0.20374797811479062,-0.07318436237965664,-0.3119715024530962,16.978999999999814,5.0,0.0340427298921505,-0.2691667248006024,0.9416901649702024,-1.683081488626498,-0.1361582304054979,0.8411103296932155,0.6676694355309493,-0.19940634717364367,-0.22205352226461894,0.6820167643207345,16.978999999999814,6.0,0.1714249306800684,-0.1456981099191768,0.952539528789915,-0.8795270829808631,-0.1770381550090919,0.7059402536892283,-0.95134819390735,0.2487247035252683,0.032358066628838576,0.17895695384514654,16.978999999999814,7.0,0.1311593206884773,0.4109090430193498,0.8796948283134662,-3.106090437494917,-0.3633714552740035,-1.039924632617744,0.9479008162697721,0.14416549073253426,-0.23136766979157966,-0.1648312930610021,16.978999999999814,8.0,0.0299754408012681,0.2866940461051109,0.9365196190559224,4.910449017469611,1.98251809868508,-5.96786657204494,-0.2124675293209846,-0.15944190139330242,0.11133262543760089,0.9576225120461067
255,17.014000000000124,0.0,0.1286860313887111,-0.2837214282792829,0.9287389603438564,-0.1552539775454754,0.0276949285317134,0.3397200596404408,-0.8941927392138929,0.12620252104790922,0.12694890885985924,-0.41033674385509034,17.014000000000124,1.0,0.1089847191209714,-0.3038528803619683,0.9254149113202456,-0.5765448306203669,0.150758022348481,0.0416957223249658,-0.8861192765829866,0.2274327084290449,-0.15222966923581313,0.3740228851407735,17.014000000000124,2.0,0.1795442665583191,-0.3517111131290283,0.8956004406249333,-0.596007782646626,0.1439402233555968,-0.0425095589284328,0.8993603680012089,-0.3058290215196055,-0.12471314905808942,0.286471933210054,17.014999999999873,3.0,-0.0417606644637755,-0.0265262385855158,0.9789358536543896,0.2174720860422203,-0.0073290930728947,-0.6241687025348636,0.07052918344326796,-0.043375713653926215,0.046017915679042634,0.9955031557882652,17.014999999999873,4.0,-0.077111586292425,0.1238357431533884,0.9693918258254058,0.3258769692899267,0.0036163704913494,-1.16997639982782,-0.9419564007692414,-0.19906604390181246,-0.08853137661778754,-0.25544675486155144,17.04300000000012,5.0,0.0273148753606755,-0.3599609611115503,0.9111591540777492,-1.5817177624957277,-0.058372906505985,0.5422347060100432,0.6356808552935498,-0.2465402402227832,-0.26367779865553537,0.6823501877044692,17.04300000000012,6.0,0.1719788295214658,-0.2238633560082451,0.9387233245387868,-1.2304140165234174,-0.1259144891534383,1.08432713614842,-0.9458947296253075,0.2977440124855535,0.014402168096352435,0.1281570952003568,17.04300000000012,7.0,0.1903653911014027,0.3125103949941749,0.9078789957320272,-0.4616191075029197,0.5122201028708866,-0.4644815092206282,0.9543665538116787,0.131326241156521,-0.18958355376392877,-0.1897260538027377,17.04300000000012,8.0,-0.0722988856737179,0.4351281665900569,0.8753618393386329,1.300333759170653,0.6947084724122295,-0.2461436692346447,-0.19702489812183072,-0.20065856255890913,0.1749365273486793,0.9435648055067862
256,17.05899999999974,0.0,0.1138360059805098,-0.2939632962407961,0.92797680154498,-0.0143150842568763,0.2391128589407962,0.3403987023411926,-0.8887903360619015,0.1326409204292574,0.1133368528356554,-0.4238076008520382,17.05899999999974,1.0,0.1099334500426512,-0.3237377303161464,0.9186552773110652,-0.2648529573795227,0.1505223707664782,-0.2586888249376839,-0.8790940356085902,0.2334755997469529,-0.14759801195477087,0.38845546430344186,17.05899999999974,2.0,0.1738002249388655,-0.3708841337310524,0.8906606767775068,-0.1755295738375735,0.2502699293231395,-0.4695704040365492,0.9095044942035344,-0.3002219229518532,-0.12465289627776324,0.25909463030373675,17.05899999999974,3.0,-0.0525421341230034,-0.0273315966345763,0.9786022215216994,-0.1578223701813655,0.3033711327080872,-0.1855332948838929,0.07894374275137764,-0.05803376477404703,0.03302693448488406,0.9946402310509495,17.05899999999974,4.0,-0.0873046754783755,0.1339950976589361,0.9664104756484108,0.0285505185715439,0.3119061835071698,-0.5560115341051423,-0.9501004884709309,-0.17972904423425284,-0.10599080754347204,-0.2318889414832526,17.117,5.0,0.0170648486097539,-0.4054002006498406,0.8904779437217942,-1.2346034768915777,-0.1487071412774302,0.634520473391995,0.6012765589356068,-0.2772708107898555,-0.2918153026875604,0.6902399773092395,17.117,6.0,0.1604363929576828,-0.2793224653051415,0.9236382539666632,-1.3477222529311423,-0.0369596548760366,1.0839474413491663,-0.9343803944946613,0.3474645739207768,-0.00666356220554252,0.07846811577186852,17.117,7.0,0.170749085128853,0.3304219567191998,0.9057280664998268,0.0695442348704096,0.3369673954147923,-0.227000458537596,0.9554174713243847,0.14182743816732918,-0.1658132465003503,-0.19891807498572175,17.117,8.0,-0.0606719433600589,0.3887179218130027,0.8961441248762914,-0.569191747578057,0.1111817720516852,0.8128122681093289,-0.24536877040610394,-0.1799648911432536,0.156372753375482,0.9396565151516613
257,17.134000000000015,0.0,0.0803289129649208,-0.2939611464319971,0.9313345854902308,0.0613638523215416,0.6318412603113136,0.2100944957797937,-0.8882842889543,0.14310579788750602,0.08138141098274954,-0.4287759537968412,17.134999999999764,1.0,0.0988637059662504,-0.3148831354677409,0.9222687128167272,0.4601561604050924,0.2542515501801115,0.0145106013707442,-0.8847741461514901,0.20182571061266974,-0.1378637569903804,0.3967803893164203,17.134999999999764,2.0,0.1694210091598013,-0.3638196431410153,0.8946500930084446,0.3069492996371912,0.1753054634757862,-0.1085008840570589,0.9209076931183118,-0.27400021012455655,-0.11499904668306277,0.2522461592754093,17.134999999999764,3.0,-0.0695403198937387,-0.055635871055059,0.9757862438879848,-0.6940062681999365,0.1533828918593096,0.1596974306311033,0.06909001353966775,-0.06577888810720423,-0.006244937967613256,0.9954198655131659,17.134999999999764,4.0,-0.1125169348615093,0.0882080325077669,0.9690347168035206,-1.091516204607868,0.3957258789402667,0.0778352004069913,-0.9579142367357018,-0.10825685922549932,-0.1077492204961349,-0.2430450019485359,17.190000000000055,5.0,0.0068148218588324,-0.450839440188131,0.8697967333658394,-0.8874891912874279,-0.2390413760488754,0.7268062407739468,0.5656803369329573,-0.29377127975405803,-0.3081079269662979,0.7062391216433774,17.190000000000055,6.0,0.1488939563938998,-0.3347815746020379,0.9085531833945396,-1.465030489338867,0.0519951794013649,1.0835677465499127,-0.9165187925788303,0.39772562510967713,-0.029790865455557394,0.030333715835160875,17.190000000000055,7.0,0.1511327791563033,0.3483335184442247,0.9035771372676265,0.600707577243739,0.1617146879586981,0.0104805921454361,0.9524823467504239,0.173741110567669,-0.15905851041105692,-0.19311083836319015,17.190000000000055,8.0,-0.0490450010464,0.3423076770359486,0.9169264104139498,-2.438717254326767,-0.4723449283088591,1.8717682054533025,-0.35826628751425277,-0.09029141979917701,0.06086180757414478,0.9272478455732379
258,17.195000000000164,0.0,0.0224661699814104,-0.2956792020112095,0.9337741058223774,0.0139886563793327,1.056337520369865,-0.0510143072640518,-0.8931670759837809,0.16370741391242777,0.033797021169716314,-0.4175047525103658,17.195000000000164,1.0,0.0912802520144953,-0.2695091250407527,0.9372917086542152,0.8607601052190239,0.2690637182957276,-0.5183074422622093,-0.8819298938706774,0.15648986410871402,-0.11670606317132383,0.4290574315258305,17.195000000000164,2.0,0.1700319350683949,-0.332573120311502,0.905662884688982,0.5521566560055989,-0.0659072370060015,-0.3128974774182917,0.93521498734909,-0.2327599738006472,-0.11600303738327958,0.24028944494466814,17.195000000000164,3.0,-0.0629815425688128,-0.1022599719229749,0.9722968802983816,-0.7234602687098352,-0.2773188488572301,0.2548461573647083,0.05431392333355647,-0.051037214591439284,-0.04669938798498947,0.9961246747374003,17.195000000000164,4.0,-0.1532847416985333,0.000829329686045,0.9676389306836956,-1.7289249319314004,0.8080322593450177,-0.9873946812593848,-0.9713800763715299,0.003978233619446674,-0.12207298536475057,-0.20372311388216968,17.20600000000013,5.0,-0.0178358905317927,-0.473477354649589,0.8575547070846063,0.295846010670316,0.1426144849252324,0.7728124759878456,0.5501143592962312,-0.2906028825913349,-0.27116279212220407,0.7344350866442821,17.20699999999988,6.0,0.0834486931351852,-0.4127116123366571,0.8842462556643973,-0.9823680928159456,0.6590671387200838,1.6960314861380883,-0.9022270005064643,0.4203115147146978,-0.09052165754954555,-0.03362290394697775,17.20699999999988,7.0,0.1650612325255508,0.3097932445681578,0.9151808210059252,-0.5855249229383757,0.2304805732910629,2.353896192843897,0.9773061060805638,0.12423873721912866,-0.1515024575377033,-0.08052649596175335,17.20699999999988,8.0,-0.044844306941787,0.1837297105005609,0.961123499668118,-2.080200320471004,0.4213549156294991,-1.464801384441253,-0.3032062242458167,-0.07991849397603691,-0.04638965911099828,0.9484339826402062
259,17.273999999999887,0.0,-0.0470594381312558,-0.3079602431937925,0.9288379287554912,-0.1870096164484255,1.1521225979857803,-0.3564993267936942,-0.9001240233171675,0.19444186144836165,-0.009583256598423802,-0.38971433942925476,17.273999999999887,1.0,0.0920929992737142,-0.1967951935442489,0.955320119793702,1.01895706883945,-0.2359454851980942,-0.5892465773820491,-0.8784485181228383,0.11564544017355763,-0.06987064862101126,0.45833658553090967,17.27500000000009,2.0,0.1818365276499371,-0.2833311739700431,0.920658961325512,1.0941539642588007,0.1490632909211657,-0.8878895258533375,0.9601417656866414,-0.1651216440485025,-0.10372916711288115,0.20025706564544954,17.27500000000009,3.0,-0.0624739841356012,-0.1443969138843569,0.9676903081910548,-0.4057836003174135,0.5344153018388789,-1.0898914697859945,0.10921988888004329,-0.07611049596237149,-0.07090046569689247,0.988560231974439,17.27500000000009,4.0,-0.1734102526238166,-0.1780614568345409,0.9480928234486878,-1.268903981863449,0.6363207655621561,-4.550311508748156,-0.9877984482431623,0.11032629986696586,-0.10724742005286787,0.02408991693776848,17.264999999999873,5.0,-0.0078600636582131,-0.2915036575043429,0.935040553698544,3.545191866127558,0.098170174367515,-0.5905717203358863,0.6351717482561136,-0.15531071195806687,-0.1294899361251863,0.7454312774566452,17.264999999999873,6.0,0.0785441366854274,-0.5091461276848486,0.8331548711109269,-1.6241276570689347,-0.5829827717812268,-0.220124141815886,-0.8768237365749662,0.47721021278274045,-0.04412046597874746,-0.0387805657047983,17.264999999999873,7.0,0.1797704524311188,0.2518753403900925,0.9300856935444636,-1.3164040857602897,0.2552408678804354,-0.7185964388810703,0.9820677859135216,0.06538450015474513,-0.12616093705387632,-0.1238997537209642,17.264999999999873,8.0,-0.0489730358194693,0.0372705463980373,0.9776663787477896,-1.7114104802902628,0.1306849676504053,-0.7026283440459539,-0.27769574183020185,-0.05587873575163049,-0.1262333256522017,0.9506985796533822
260,17.333000000000084,0.0,-0.0844619471846934,-0.3078332418212176,0.9263810634439856,-0.0184471102000988,0.3302596809534271,0.5565571760503237,-0.889500817731537,0.19833461893671728,-0.026293800354985172,-0.41080446717270025,17.340999999999894,1.0,0.1033889459399376,-0.1341393568148681,0.9653524531541432,1.2082397575968955,0.0210269178995913,-0.0241119274274344,-0.8841511630676745,0.05869109862433205,-0.03466871600994394,0.4622014235358535,17.340999999999894,2.0,0.1715001677525647,-0.1911053060993771,0.9447742875637044,1.150105216233654,0.8052898104725567,-2.011315827192727,0.9886240013658312,-0.09606120896745847,-0.06161157727452509,0.09797367810217404,17.340999999999894,3.0,-0.1487589889038684,-0.1770181007697296,0.9513576379155088,-0.7434713226112691,1.3866982809045565,0.4027722663619778,0.09169492975973566,-0.150944253227769,-0.09974421021220216,0.9792134419027407,17.340999999999894,4.0,-0.1458989710047262,-0.2394648804736222,0.938619231253822,-0.9124215336813274,-0.3596383316344065,0.6540974027342923,-0.9837644930926144,0.15302501048636838,-0.0925878092124877,-0.014773824187061737,17.325,5.0,0.0320989225320666,-0.3310883638517742,0.9960678463308787,6.9891976096194615,-1.4006511638589283,2.5906991339683723,0.5928503332083316,0.09177909281793677,0.07982408522459501,0.7960736121454746,17.325,6.0,0.050357945068268,-0.5790523628916376,0.826179422642632,-0.738787270963527,-0.2362453141079255,3.308544541993261,-0.851654756771066,0.47910542356935587,-0.1043553700729618,-0.18507329659510474,17.325,7.0,0.1958624234898251,0.3033149290327501,0.9222743436150384,1.428006012588549,0.6949046067874498,-1.822678320439438,0.9632937839679592,0.1568087873778501,-0.08566017840109338,-0.20034576063913073,17.325,8.0,-0.0475515461821528,-0.0259625401926802,0.9757806090317792,-0.4319257134379572,-0.526597117597439,8.321565253047588,-0.7069875925367697,-0.07172446416103008,-0.09084025303916808,0.6976906145761568
261,17.389999999999873,0.0,-0.1000995748788053,-0.3010972643825788,0.9266830701434066,0.0463321416757227,-0.1553962303231333,0.6152618175244702,-0.8783003667707303,0.18878702323873264,-0.021973611956727753,-0.4387084293293599,17.389999999999873,1.0,0.1067941083946007,-0.0544990869876726,0.9726895023231784,1.3543992403153258,-0.4192008631434962,1.620264190080971,-0.9227743213832414,0.001819167402792433,0.022978981160263347,0.3846507621862914,17.389999999999873,2.0,0.1563456459416966,-0.0988801184865739,0.9623485653146446,1.784949061402164,-0.3876376746143498,2.37231061786918,0.9731907475574298,-0.008219076963762853,-0.07229531342418447,0.21818708325511244,17.389999999999873,3.0,-0.164321242445038,-0.1950403731604317,0.9462572494405308,-0.8018517432680083,-0.084091284831354,1.9235654438933787,-0.00846397137765672,-0.15142075594294688,-0.12383392050797183,0.9806453364952133,17.389999999999873,4.0,-0.1627488721406605,-0.2674759714120319,0.928951779875647,-0.7177008900667442,-0.2841452089864332,2.3748842140062463,-0.9704418259185922,0.17419336467142246,-0.09719375245567974,-0.13584074755323397,17.384999999999764,5.0,-0.0138180653627213,-0.0126609840730785,0.9803314544336178,4.35022934375737,-0.04997365519525,0.6214910009906222,0.5534551902367124,0.20785638338647452,0.23890364810231593,0.7703298794730374,17.384999999999764,6.0,0.0448004563988164,-0.5402881904039762,0.8162570614803002,0.6352707787284235,-0.5441537234787975,0.901547901246178,-0.8722659073449011,0.4233101312224622,-0.08989173281471731,-0.22777224602608184,17.384999999999764,7.0,0.099939292524196,0.1914094304454598,0.956331829307332,-1.0304254674994493,0.9327487454506443,-1.5074954830079403,0.9566774292470331,0.1154681132936029,-0.02006431828603393,-0.2665198572591178,17.384999999999764,8.0,-0.0528067861372266,-0.0681907739802662,0.9761790110844576,-0.0738332263388237,-0.0121970056939045,3.670602087460477,-0.8328666558717097,-0.07666285099741849,-0.0727470261367324,0.5432898038821307
262,17.465999999999894,0.0,-0.0905894153805101,-0.2935884336629917,0.9304479509571336,0.0886885238774689,-0.3399491830175344,0.3035936880878461,-0.8736639798898859,0.17393276073814573,-0.007105894008428066,-0.45432163855061236,17.465999999999894,1.0,0.1555164867041723,0.0154169402840186,0.9675050079020108,1.3067211874469544,-1.0651570485317403,2.473424733607951,-0.9595859342871164,-0.035675570912097394,0.10871715890420748,0.2571043907019383,17.465999999999894,2.0,0.2055045400848043,0.0032544639612068,0.9577736123264506,2.117826462161858,-1.274175575960067,3.3626670378503274,0.9140786223835954,0.09354555562878872,-0.12495309088198478,0.37429430426129673,17.465999999999894,3.0,-0.1866062000345943,-0.220142280272249,0.9357085564133651,-0.9447592477322548,-0.1802034334443078,1.873533409348897,-0.10868475918562975,-0.14451653947592366,-0.1550996481226707,0.971208881801896,17.4670000000001,4.0,-0.1642779018602616,-0.2899413744106428,0.9220259054740588,-0.7949088836292366,-0.7967196904405938,1.950150853629399,-0.9490723985184248,0.19470965698326134,-0.06918305264322432,-0.23783068993489825,17.424999999999727,5.0,-0.041909546884207,0.2174410388299925,0.9540649791877354,2.4108578623159933,0.4256828923364105,-0.7974387956610529,0.5587889565370724,0.23415397061405469,0.34038513820223965,0.7190721645210056,17.42599999999993,6.0,0.0739076715824409,-0.5339655686029495,0.8182050034238308,1.1576065209966215,-0.805216717779018,-0.9982790694074368,-0.9172513531379535,0.3499186421905194,-0.031173312005092862,-0.187710211849995,17.42599999999993,7.0,0.0116708802431046,0.0750280652690628,0.9774520857701068,-2.4985411846478263,1.0165454953005053,-1.3870503844935582,0.9451068368845033,0.003186636828602691,0.061784302919380175,-0.3208513863654915,17.42599999999993,8.0,-0.0590694567712641,-0.079290625611518,0.9745751874364964,-0.1602432423101302,0.2649911523436586,-0.3988193651279269,-0.8220684398242383,-0.06657650539811624,-0.0869006676662411,0.5587658929579351
263,17.52500000000009,0.0,-0.0727711215669767,-0.2976514622795617,0.9304622350577818,-0.2464510702166364,-0.2999898872335843,-0.2209793121228689,-0.8771391536135301,0.17601435179040023,0.017961568956541288,-0.4464563082795052,17.52500000000009,1.0,0.2315494583364334,0.0747381323730451,0.9487971647899742,1.113513377475301,-1.0298057430326175,0.5057981557953518,-0.9556971827330393,-0.06996398241251972,0.17529887606327946,0.2258721765336832,17.52500000000009,2.0,0.2561088059070974,0.0840204350465485,0.9417403283450432,1.7253154593530424,-1.2642084757547938,2.3957290692660846,0.8463244811244153,0.17400148287961928,-0.1644201954432699,0.47584068335481766,17.52500000000009,3.0,-0.1877084170340236,-0.2618960227769812,0.9252486278985664,-0.9673529706168984,-0.679828592763266,1.625642773934714,-0.2002157001231234,-0.10894982929485186,-0.18584420872583207,0.9557748365613626,17.52599999999984,4.0,-0.1450985869662807,-0.3343967130858037,0.9102413077518504,-1.0725268220382296,-0.80490154172463,1.4991005996923832,-0.9203204295789241,0.2277614184346774,-0.03259513829284214,-0.31634253607752305,17.491999999999734,5.0,-0.0370649920200736,0.3322539334123151,0.9213460316833172,1.622463126190809,-0.4314873944363313,-0.3188314713375089,0.5648389695598224,0.2766960531448743,0.3731936867347807,0.6819990504553134,17.491999999999734,6.0,0.1124595748684577,-0.4034278287868801,0.8857227732088125,2.789633740500576,0.3847639225905818,-2.1994134690877822,-0.9768671152884087,0.20027400791347968,-0.04157175911155488,-0.06239190385574873,17.491999999999734,7.0,-0.0558820055351613,-0.0650483921333695,0.9763595178714816,-1.6399769377940503,0.768232218607535,-1.262906809065877,0.9191192455855614,-0.06629690117648741,0.11651502468100236,-0.37047102762862466,17.491999999999734,8.0,-0.0588895030399978,-0.1206536049442388,0.9702080880129074,-0.4275300250916795,0.1047214019305282,-0.6031174855637604,-0.8063287557468994,-0.03979543995212956,-0.10168467555614466,0.58130068585175
264,17.59999999999991,0.0,-0.0553581807734394,-0.3057120397658499,0.9291144281323256,-0.0226764235983045,-0.14046628534407,-0.2921573743833883,-0.8837825827610563,0.17141693020625487,0.029934291607450373,-0.4343368745948483,17.59999999999991,1.0,0.2761923803523826,0.1050183590299348,0.9335946193621428,0.530381811052774,-0.5387697850061155,0.4051932663368643,-0.9538868400815146,-0.08071518623488141,0.20612263873339784,0.202727434828029,17.59999999999991,2.0,0.343317371766665,0.119307178614696,0.9100620744620832,0.8228686189581569,-0.8559166602050737,1.467874704521868,0.7968553024839923,0.2115504486267595,-0.19055699731319461,0.5328752812468794,17.601000000000113,3.0,-0.1740476455559536,-0.2888033634749555,0.920413512678938,-0.6271674347101177,-0.7318355488108221,1.4554192844705969,-0.2804565263339005,-0.07410132687689738,-0.19833997680086393,0.9362234689402087,17.601000000000113,4.0,-0.1341308967558767,-0.3764885236923878,0.8943356719170887,-0.900474406057387,-0.7874590279496797,1.35456648150684,-0.8881773740207034,0.25062966110504015,0.002511176415049332,-0.3851226028748153,17.549999999999727,5.0,-0.0179479105492143,0.3550729359604707,0.9131101152957012,-0.2095332832752291,-0.6510688479747455,-1.099925219415612,0.6265759528881147,0.2557421535895245,0.340153088799273,0.652912247028693,17.549999999999727,6.0,0.0740610873224756,-0.0591649699493818,0.9750627988368246,5.396171057433985,1.97927202713532,-3.942032545390764,-0.9689719973975365,-0.07837654665414072,-0.1582240542519383,0.17296107611274783,17.549999999999727,7.0,-0.0496227889001432,-0.150635776495654,0.9671605046016524,-1.1757180676255494,0.0161570131089255,-1.6434883347565574,0.8829218904309548,-0.12694035562804645,0.12202132243490087,-0.43525380915288026,17.549999999999727,8.0,-0.0520105215425418,-0.1717978463757024,0.9637315007975736,-0.8826430287159789,-0.075725675547475,-0.7129688040085645,-0.7874347289836912,0.010113148749589315,-0.12125103189832231,0.6042701871483827
265,17.692999999999756,0.0,-0.0418966842601738,-0.2990904727334684,0.9321049066323348,0.2250906015173353,-0.1689157977752507,-0.0129264428358908,-0.8861454147061707,0.15544751804862506,0.03444426056993111,-0.4351964683238387,17.692999999999756,1.0,0.2858164421799802,0.122855726872051,0.9287773854666778,0.0210189086204146,0.0881865708437086,-0.7387583327248817,-0.9481656257839488,-0.08539903455385424,0.19411665523278548,0.2366594074619433,17.692999999999756,2.0,0.3708912139514106,0.1315218839306104,0.897393838546372,0.0810260200909237,-0.2420803753704725,-0.1074209653699697,0.7987907969206511,0.21757696956750783,-0.190261849024703,0.5276305088548158,17.69399999999996,3.0,-0.1712631229004746,-0.3149153290808923,0.9114462563663588,-0.5525457290631626,-0.0551588512013747,1.1598206420842898,-0.337484888002055,-0.07039757573316076,-0.2177173568935468,0.9130976312576998,17.69399999999996,4.0,-0.1310486685026837,-0.3969049940090559,0.8866761935533992,-0.1117141879114162,-0.6009341270946102,1.396724655190108,-0.8591404014460082,0.24038435533804672,0.015216888202625845,-0.4515103305853944,17.653999999999996,5.0,0.0237449214888745,0.3086135217731546,0.9296095271038576,-1.6077382350126936,-1.3304205636553124,-1.3857367851728808,0.723966029315158,0.2033905013448965,0.23303233156414255,0.6166047557439815,17.653999999999996,6.0,-0.0705707735711324,0.2397143262273517,0.9474079415536576,4.153268500585513,1.016902651216439,0.9372548845816158,-0.9356981754224182,-0.2917484580097901,-0.1395766990709899,0.14096136646795673,17.653999999999996,7.0,-0.020815835457462,-0.2266509682525078,0.9533818959810432,-0.9889126873520624,-0.2523491922843576,-1.414971719887833,0.8468759097264403,-0.1801904292212407,0.11398354241933098,-0.48717589718665255,17.654999999999745,8.0,-0.0200579183661282,-0.2417630966229232,0.9496995761934997,-1.0700451950881409,-0.2663080175977304,-1.4047562196001748,-0.7454010951721806,0.07447575340404321,-0.1349671025555851,0.6485479555890714
266,17.744000000000142,0.0,-0.0315617848449553,-0.2906745877210341,0.9351647650497784,0.0696485894911426,-0.3280971537892507,0.3490509961076931,-0.8786235022890106,0.1444856850637758,0.046456184186762915,-0.4527542942787509,17.744000000000142,1.0,0.2519603216622962,0.126469409133118,0.9382486263572956,-0.6799172217924939,0.4278366614062326,-1.4262929748741926,-0.9368029862120657,-0.06694602297742952,0.15549747003398526,0.3061681430924708,17.74499999999989,2.0,0.3399577642292767,0.1546466707106342,0.9059592296446614,-0.3347155837068655,0.650400192108909,-1.4808736795160566,0.8491024692679654,0.19468181552647557,-0.14783876703824336,0.46826027628549804,17.74499999999989,3.0,-0.1922816950964944,-0.3239114148609446,0.9050205218963822,0.0157889451015406,-0.1406522640722126,0.5198266134935323,-0.36253310730821675,-0.06659668259529557,-0.21017303901323553,0.9055174883152127,17.74499999999989,4.0,-0.1442024527579524,-0.3715961565401591,0.8951284539456734,0.4095167105550804,-0.023327283926843,0.9306652793864008,-0.8431759662881397,0.21979081586667168,-0.0025358881377374413,-0.4906524802811837,17.699999999999818,5.0,0.0074503614050448,0.2840980765181033,0.9382397215177194,0.9151016141095788,-0.2076284305001447,-0.7472264971468559,0.7430870008542684,0.22607005031718916,0.2482444563435014,0.5788684923242166,17.699999999999818,6.0,-0.0313203911540034,0.373154782773849,0.9057419837850964,0.5053775309022637,-0.4222161894833801,-1.0971053265079167,-0.927070399330733,-0.29500844382951524,-0.1183140120867432,0.19877697879276937,17.699999999999818,7.0,0.0202813118195697,-0.3018547267071111,0.9323719173996248,-1.3398055332947345,-0.0521364598401483,-1.5612382572287933,0.7970066673558462,-0.23983789810317507,0.12123884052939327,-0.5408875099046632,17.699999999999818,8.0,0.0391174504156231,-0.3270028665572286,0.9232334213709644,-1.5991742360139372,-0.7102938509492991,-2.341197309704159,-0.6681246268743571,0.17318327236577663,-0.13958595688968745,0.7100230966495897
267,17.8420000000001,0.0,-0.0110224614839737,-0.2729397215244469,0.9408753444303828,0.440802112488613,-0.6693536442904491,0.7546303827197376,-0.862612827392209,0.11029952528363136,0.062364136327350626,-0.489738541714626,17.8420000000001,1.0,0.2379639486251324,0.0518756218021844,0.9491970706957392,-1.606206581448993,0.1138721070077908,1.483101117464488,-0.9624321510182795,0.028395809400052877,0.11949328787599943,0.24215570785638563,17.8420000000001,2.0,0.2924181228415504,0.0879990488952623,0.9304352792254564,-1.9797997105972744,0.6289735315389359,0.1618297835825017,0.8682556194034627,0.08416452619316894,-0.16300569424947364,0.46095298626566655,17.842999999999847,3.0,-0.1876547429269307,-0.2934069460130843,0.9156538983089094,0.7174567637070447,-0.3173555534822282,0.6239591108980029,-0.3919978226600067,-0.06977275715243601,-0.16608251958185505,0.9021563423700483,17.8449999999998,4.0,-0.1681343337770848,-0.3261384502039178,0.908464945445845,0.9853647315358794,0.2571871122033684,0.701397577199449,-0.8366289400328887,0.18166819096763262,-0.042670943853456066,-0.515002791876557,17.804000000000087,5.0,-0.0687650230793582,0.33856575414594,0.916734204511038,0.6146081144810364,-0.1551738175438231,-5.8970132391105485,0.893448838461674,0.16855785559603012,0.2921454108947882,0.29662852401862644,17.804000000000087,6.0,-0.0589413652058137,0.2761824990579641,0.9386427130073364,-2.3329378109302725,-0.8259859357485462,-4.19841522532318,-0.909514019668132,-0.13608206249566793,-0.11883786704982827,0.37435742499527036,17.804000000000087,7.0,0.0510537679417357,-0.3660003589785603,0.907224476084346,-0.483913971230239,-0.1256419796974293,-0.1528310531748824,0.7895193478158381,-0.2566645882881287,0.12381909241117987,-0.5435543403357304,17.804000000000087,8.0,0.1878244416036501,-0.4042126885396594,0.8731747142238013,-0.9345105731634236,-1.3116224797739686,-2.5796057365042326,-0.5779124694939242,0.2696852301304082,-0.09586924815922315,0.7642618278511156
268,17.885999999999967,0.0,0.0263937596504909,-0.2387701238492192,0.9505946546286383,0.5529394663980165,-0.7407886545432538,0.3854355759825368,-0.8534321801155816,0.06868875668562734,0.08003402683999034,-0.5104213192999718,17.885999999999967,1.0,0.2172193537557901,-0.0734651468943013,0.9528513129264796,-1.129205209026272,0.5432866459886755,1.6241532221210684,-0.9793235925069947,0.09022490685399878,0.06931062552103409,0.16727463804254278,17.88700000000017,2.0,0.2814466419857554,-0.0749436944406701,0.934711843499656,-2.6025572670015107,-0.3143534002811327,0.6624920364715005,0.8576136925077722,-0.0308494940492267,-0.23263503395694746,0.4576330452621849,17.88700000000017,3.0,-0.1689378579328725,-0.2379052086750402,0.935153523140633,0.8920774455887072,-0.4324250591676711,-0.0916398030255888,-0.38845353910034697,-0.06308463325929263,-0.11598613499691125,0.9119601929335699,17.88700000000017,4.0,-0.1935901349194264,-0.242618959677606,0.9299241367266656,1.318672027737764,0.0299532636915099,0.7569618150511032,-0.8286203930996003,0.12373012084350099,-0.08025077883249501,-0.5400360301241895,17.84999999999991,5.0,-0.0549969995573342,0.3114491446893513,0.9272285372614252,-0.1611780139555969,-0.2917559359622486,2.715175823997221,0.8580136686537377,0.20220135140151765,0.2283796729532888,0.41324312804510455,17.84999999999991,6.0,-0.000135079971492,0.1243649360957241,0.9721128249453906,-1.9683510611367203,-1.3930739288003473,3.45280772879992,-0.9790129908749311,-0.024153046493080674,-0.06547367566396217,0.19147687024357588,17.84999999999991,7.0,0.0268396392716176,-0.303130886312499,0.9312058309134283,2.301289249909342,0.9785836481514696,0.2815390477565864,0.821313830880049,-0.1210889677931759,0.09847897352800487,-0.5487102558334335,17.84999999999991,8.0,0.2729762923503039,-0.4701283486378459,0.8154227612850485,-2.1798303375271355,-0.7929036897651446,2.918778956557557,-0.6610832556383202,0.3566197783748787,-0.20582369695995997,0.6272382869023753
269,17.958999999999833,0.0,0.0635678131921537,-0.2214416456469826,0.95254749524584,0.1613370620160834,-0.4414000226959452,-0.6311674501749973,-0.8678821116149121,0.0491130182349435,0.09724000635462834,-0.4846781746095519,17.960000000000036,1.0,0.1928011740890331,-0.1479975074054453,0.949433749701192,-1.3485723906339442,0.2945353581966821,-1.1333777479156404,-0.9610326303797826,0.1484824512495957,0.053611523576689524,0.22692520696479188,17.960000000000036,2.0,0.2557818507484185,-0.1638972338097176,0.9314581802621288,-0.9840385067359207,0.2465349716911363,2.520140695862405,0.8009635786004906,-0.10354195069124555,-0.224429792597565,0.5453142932265402,17.960000000000036,3.0,-0.1413111255917163,-0.1898825956570685,0.9515423089125026,0.8620496828664598,-0.0575468085554973,-2.233286680617942,-0.2855446343002565,-0.05682317691202622,-0.08316467818949387,0.9530577236923246,17.960000000000036,4.0,-0.2031095875147966,-0.1590458151564757,0.9453808355053436,1.3016155202297233,0.2694019886539245,-0.4453554992009458,-0.8472146140584677,0.07773738353350278,-0.12127828012780019,-0.5113471185959392,17.958000000000084,5.0,0.0176654959311086,0.2930452745551343,0.9340446441762909,-0.8126371110025428,0.1737015973313992,3.765399327075216,0.7816029820590717,0.20232914020518916,0.16278947680981187,0.5671501421142229,17.958000000000084,6.0,0.0777561292851232,-0.0406800152945371,0.9758709549495934,-0.1142596070117923,-0.6703798950020116,-0.2035267418081744,-0.9791763906933444,-0.00628765305254809,-0.023801430908350713,0.20151315891167135,17.960999999999785,7.0,-0.0698150974161226,-0.0134300190060056,0.977001784421234,4.206519830678749,0.6798070305709325,1.0724782867325604,0.8650105996278563,0.0997294881495458,0.0009484123174943865,-0.49174159091840325,17.960999999999785,8.0,0.3387350034999737,-0.5564459853599303,0.7314283715994951,0.1645204705348642,-0.4916528610746521,-1.418347317803355,-0.6234045377730631,0.38059622782060165,-0.14694769264713484,0.6670229900673331
270,18.04899999999997,0.0,0.088627012015296,-0.2134400648711555,0.9524413847838812,-0.1021138131868385,0.1481186483125534,-1.5144895730023664,-0.9032963719380229,0.052358869111546934,0.09638299389216534,-0.4147584016718019,18.04899999999997,1.0,0.2195177215137148,-0.2051022055860324,0.9321051738967936,-1.433188079482382,-0.1232310689276473,-2.343376655970056,-0.9161071150094691,0.20634979600312134,0.06999347001734563,0.3365537545079958,18.04899999999997,2.0,0.2441976193967776,-0.2378778466400865,0.9189013291745866,-1.1601980894137516,0.3055012090239711,-1.7494447306788503,0.8453823639528992,-0.13356299942549207,-0.24904439392378547,0.4532840982838559,18.049999999999727,3.0,-0.1142802021109953,-0.1520244363854224,0.9607666762264212,1.1849739674670616,0.2217794466697575,-2.942651623408815,-0.14249041275165564,-0.06215246103132437,-0.03886317853241574,0.9870781160657803,18.049999999999727,4.0,-0.2129445082522907,-0.0925026894501644,0.952184272528,1.532471518160491,0.5331981590877012,-2.17064661411886,-0.9008303678144192,0.037037071750550835,-0.17426216333829742,-0.395936361260417,18.0,5.0,0.069312415280203,0.1964241208591091,0.9576655751528038,-2.961704951677378,-0.1367027935632292,0.5084132719850044,0.7973615504879854,0.08145004404608258,0.05842377726128177,0.5951194085045548,18.0,6.0,0.1015291433536179,-0.0331216811573883,0.9739434209887088,-0.0977319493388278,0.1474777800776061,-2.5933933056504697,-0.9461992954602213,0.0032212000204985933,-0.024323494875571103,0.32265288583560947,18.0,7.0,-0.0862098053118839,0.2401123534102155,0.9460586277857704,3.1687704557664778,-0.3028946572434028,-1.2248037465473007,0.8146008006108103,0.22358509476112598,-0.07753204959419133,-0.5295507740817768,18.0,8.0,0.3032475963715981,-0.5798707503694822,0.729718307404153,-0.1342968420806492,1.4999953394442147,0.4893770615934222,-0.6272959668748492,0.32681068395221746,-0.20381831474851914,0.6768697373721958
271,18.10100000000012,0.0,0.0893119920550107,-0.2161011393298393,0.9512374391578112,-0.1554514789257047,0.3261928054039414,-1.3339179044896825,-0.9303125678603935,0.06281329898791264,0.0875946473922375,-0.35057123855143296,18.10100000000012,1.0,0.2438215226493373,-0.2501994648749542,0.9147684367473798,-1.2247868892286349,0.4477312184173467,-2.709733017784161,-0.8538232016007843,0.2364598837036969,0.062382255844417096,0.4595444678839934,18.10100000000012,2.0,0.2732601547823167,-0.2695030006378137,0.9017777001321106,-1.6171460636414812,0.7640759314464901,-4.348214743109542,0.9238804654787532,-0.16111263905487413,-0.2732656202209146,0.21404089293594136,18.10100000000012,3.0,-0.1340310600877925,-0.0872807043827866,0.9661660072545436,1.4361699824483614,1.1001448286209945,-3.4167616175895352,0.03347644378511674,-0.10973324936167743,0.014206497891541933,0.9932955839596225,18.10100000000012,4.0,-0.2550088363934529,-0.0196495856117815,0.9457797772983636,2.063343044649371,0.8961828871868183,-3.166737375869394,-0.9441138956654627,-0.013800767809151767,-0.25007654974223864,-0.2142900139723724,18.07799999999997,5.0,0.0763410110171896,0.0202438047588397,0.9761343342008614,-2.372275324092882,-0.0137148081234341,0.7218926004279623,0.7841627031891125,-0.014047066264326504,-0.020302767208547092,0.6200639745221336,18.07799999999997,6.0,0.0909197706402535,-0.0537236229829805,0.9739781145592064,-0.3750274318512609,0.1593064763861522,-0.2277536564500441,-0.9421626194584514,0.02235962304209458,-0.03172136311581897,0.33290148824341276,18.078999999999724,7.0,-0.0967797238366213,0.3554834354632091,0.9078514262616884,1.7346349571316144,0.5648202346303111,-0.3109424114846444,0.7891633281850345,0.30394985390535206,-0.09441338441779147,-0.5252826292593472,18.08199999999988,8.0,0.2196368007025035,-0.4882812781628113,0.8207490902662397,3.066515743899976,2.046656644503145,0.5095853267371738,-0.6760532336704818,0.1420224185648643,-0.1648689065356852,0.703988566332152
272,18.139000000000124,0.0,0.0861761105492105,-0.2187780462730364,0.9512170332997424,-0.2232774658277123,0.3268722096698336,-0.8786551409587501,-0.9453190549294795,0.07787763036822264,0.07873927279524794,-0.3067687826281244,18.139000000000124,1.0,0.260405658092847,-0.2729416066101437,0.9039628159467096,-0.9905402239080112,0.6696869859337794,-2.628800484061514,-0.7815007892910555,0.24627669675563646,0.04484905588984994,0.5714830418817157,18.13999999999988,2.0,0.2938353726105017,-0.2704597984409623,0.8947246901869432,-1.319232251990373,1.234373123103232,-4.826130216571179,0.9535858267316927,-0.16184571996634783,-0.24918137139848884,-0.04887410493274509,18.13999999999988,3.0,-0.2114437562902886,-0.0363977867391808,0.9561060291862729,1.1734506687536672,1.381207798188039,-2.1496861503516578,0.14746431437911175,-0.17325798667075568,0.061794056200685385,0.9718114223746093,18.13999999999988,4.0,-0.3085713019868518,0.0746616260577717,0.9270325739608876,1.9853456112100536,0.6594617785135387,-1.1777313383576795,-0.9421723346790297,-0.08447941766405896,-0.2969400898792663,-0.1303882770002782,18.15000000000009,5.0,0.0699840815316531,-0.1347307660357233,0.9686195584519228,-1.761177743749494,0.0656094294794947,0.5348408913482129,0.7657168001339072,-0.08573947720501067,-0.07503698958841286,0.6330055088502864,18.15099999999984,6.0,0.0897898018220313,-0.113240758685263,0.9694577464031872,-0.9478370728749153,-0.0795400662026802,0.4360007597283017,-0.9472643281720763,0.07262173602666866,-0.039660685065908245,0.30958586222448936,18.154999999999745,7.0,-0.1168884826560128,0.4759367766376089,0.849024303106912,0.9803050847818442,0.4202886010571358,0.8895570327446752,0.8003500295007695,0.34357667454600965,-0.11779200844729813,-0.4769905048656362,18.154999999999745,8.0,0.0191251361490316,-0.2226594413338805,0.953790858811388,4.67731710289083,2.5906155138065112,1.037276843977011,-0.7263637671922031,-0.13355651432702859,-0.07872656350581744,0.669597239681982
273,18.22899999999981,0.0,0.0705153791010171,-0.2370150119739863,0.9477306924486568,-0.3826177595625702,0.4241501572796255,-0.4774628027790657,-0.9519532266208406,0.10335324013061475,0.06618166203271121,-0.28057645961709243,18.22899999999981,1.0,0.2562728771869117,-0.2919301984234069,0.8999188694914739,-0.8098354596274389,0.6320605080794381,-1.552598736084161,-0.7293397124862323,0.2497878840485118,0.01569384876264385,0.6367285920108208,18.22899999999981,2.0,0.294480584984286,-0.2847377511306742,0.8908875339504752,-0.7646681506827997,0.1571428555404969,-0.1854490588343458,0.950809134216698,-0.19467281778570578,-0.23145841000615908,-0.06701857013460845,18.22899999999981,3.0,-0.2486839814746205,0.0222992616553036,0.947810118266079,0.9199976866645274,0.3329359591155147,1.2531296991489014,0.09412384100745999,-0.17670516227873756,0.11657726406412569,0.9727927475476832,18.23000000000001,4.0,-0.3456824309450562,0.1501081229229386,0.9044806290730986,1.484638118791219,0.7732754183772045,-0.706394088296877,-0.9290552703423516,-0.13462143621778688,-0.3357530736423241,-0.0774806240262204,18.22600000000012,5.0,0.0472880145126831,-0.2352260715486054,0.9497892076388628,-1.2013816378015536,0.3127499885164632,0.3680623610241663,0.7500040915735999,-0.14126435597364304,-0.100763823660753,0.6382671041150999,18.22699999999986,6.0,0.0893751733765698,-0.1828936459521641,0.9583986606074912,-1.1547757384051605,0.0564800249577001,0.1675748802602724,-0.9440170112380297,0.1289098796982641,-0.05582163269538878,0.29849299947003377,18.22699999999986,7.0,-0.0515052794086218,0.3430934752736604,0.9162008914084738,-5.661772687319422,-3.4839975856157106,-0.2551674620485286,0.8505306517786868,-0.00427228670580413,-0.12702298277410368,-0.5103376527343397,18.22699999999986,8.0,-0.1059847190744282,0.3560268254288648,0.9071461507925608,5.793287615354386,0.6058373166728511,0.5970981351008451,-0.70429470475856,-0.36356084815841916,0.12072547528523847,0.5976770349884096
274,18.31899999999996,0.0,0.0451859449312107,-0.2476816253296253,0.946928742226546,-0.0699737107389395,0.4096240730883994,-0.0546660852394699,-0.9533975175029962,0.11345849060835916,0.04716357214613618,-0.27556476913860634,18.31899999999996,1.0,0.2363387480737618,-0.3202569535307786,0.8955341868818362,-0.647925248664707,0.5754903296564993,-0.6146333637696108,-0.7034697781068773,0.2495759616287013,-0.020481966830346816,0.6651485546117727,18.31899999999996,2.0,0.260777493930407,-0.3251891549865281,0.8866702386674113,-0.5452467370619379,0.7920007963847989,-0.0993660739306614,0.9558011006873087,-0.21498649571853434,-0.18215359983040774,-0.08393526465328552,18.320000000000164,3.0,-0.2337353108353261,0.0907941497730243,0.9468163638402683,0.7334284780896639,-0.3345806835233794,0.539660891563563,0.07686299268672561,-0.14844737871439093,0.14950054775556765,0.9745281126416271,18.320000000000164,4.0,-0.3524253529910681,0.242682489957525,0.8807420619211601,0.8281363697756253,-0.3261586730886612,0.9083186337026722,-0.9291519226012326,-0.18701056202698793,-0.30123947623387176,-0.10468300900874795,18.299999999999727,5.0,-0.003412376082121,-0.3500072905519071,0.9152531082984569,-2.186266634970106,0.6032552492948309,1.6544903780245244,0.6853343326251633,-0.2436785014182227,-0.13132266756818142,0.6735666243621103,18.299999999999727,6.0,0.0575460528775808,-0.2892519273545223,0.9332029652331292,-1.4685163135879302,0.1466049220416864,1.3797816931954008,-0.9498583958442023,0.19428269978850513,-0.0938169622026785,0.2263219786283012,18.299999999999727,7.0,0.1150781888179397,0.2703533021293368,0.9344988509817151,0.586133918278279,-0.0444729419577296,2.0863086347590527,0.899762985393485,0.017292486985321587,-0.14469940774836845,-0.41132666021902464,18.30099999999993,8.0,-0.1363449685892702,0.4718515961109234,0.8482235087451684,-0.4380705731762329,1.0814298500090598,5.689142350510564,-0.8766211715393178,-0.32157656599553763,0.1493277016591553,0.3253076564250306
275,18.427999999999884,0.0,0.0185051194974813,-0.2440836399213974,0.948714254807582,0.2864188897069374,0.5393582514387713,0.2942241094096088,-0.9517193233371867,0.10834321973147444,0.015628700483002557,-0.28678880739324153,18.427999999999884,1.0,0.1851870498146176,-0.3259479597404315,0.9055399958709766,0.369261925627967,1.041253356273642,0.3636310837074425,-0.7205870491857891,0.19527081730995588,-0.05173817582016508,0.6632848359608569,18.427999999999884,2.0,0.2175387688214196,-0.350313808702454,0.8887109313449685,-0.2630417136496731,0.6694603422355035,0.6514032066695041,0.962591979530388,-0.2281292457796555,-0.13293207355774198,-0.06085057093745159,18.427999999999884,3.0,-0.2421189853035431,0.0995164034757968,0.9449094572470026,-0.231639777144965,0.1841189288946729,-0.2534274516970217,0.08715924824422931,-0.15764616545844734,0.1283442266100875,0.975232644786672,18.427999999999884,4.0,-0.3314609431714458,0.2613020908247699,0.8845896565540992,-0.1814343515102993,-0.1609425980052777,-0.5733638056268329,-0.9407230316952881,-0.16369395852388902,-0.2861913606155909,-0.0796176531292023,18.38299999999981,5.0,-0.0575409186921374,-0.4283049684550855,0.8796220192064048,-0.7288584961677405,0.4752798027835772,0.1840012301609429,0.6750964489394153,-0.27947825208400723,-0.13757802063430047,0.6687368536874632,18.38299999999981,6.0,-0.0181643720915067,-0.38180862640625,0.9018471202971676,-1.2276488466228472,0.8219750654632757,1.679857235681515,-0.9475499381954515,0.23386034575486328,-0.1618919607075363,0.1457718984148906,18.38299999999981,7.0,0.1092455439812551,0.3335939227560504,0.9148111858850818,-0.6101743204426125,0.0701700613772825,-0.8971849520258898,0.8808414612405869,0.00952555027177779,-0.12686987991641716,-0.4559951947351649,18.38299999999981,8.0,-0.1508891706161466,0.3070361284455346,0.9177528392873262,-1.7655726970586811,-0.0502640779663583,-1.2460497624910485,-0.8841835507808423,-0.23643617967746147,0.09244062705987717,0.3921378736323305
276,18.514000000000124,0.0,-0.0220428772654138,-0.209720127920877,0.9568388471977468,0.686579568267519,0.7076764966771053,-0.299248131061751,-0.9592573479709228,0.08499755012193681,-0.02643782643718217,-0.2681451065567636,18.514000000000124,1.0,0.1248157145585657,-0.2677697807287612,0.9339231134990212,1.1138185353112773,0.8598281002705274,-0.2646340121833052,-0.7210561279113121,0.12227668708194549,-0.04359138100991169,0.6806072756733197,18.514000000000124,2.0,0.1782601115333891,-0.3363380230366352,0.9028128637186732,0.0525425235899678,-0.0398193525903757,0.6629764393045533,0.9661831641443551,-0.22523340942046993,-0.12246025513281389,-0.027631332172719184,18.514000000000124,3.0,-0.2302941095232545,0.0744106686327121,0.9500935088255916,-0.4434514495340449,-0.4184662134310475,-0.9932138103471356,0.13585795566260422,-0.1429532235636728,0.08891066292094715,0.9763205855531728,18.514000000000124,4.0,-0.3251819966077662,0.2106464992978042,0.8998076024438595,-1.208373553657038,-0.6081954607016368,-0.5186071512746027,-0.963203463042574,-0.09328681689374049,-0.24303742458651229,-0.06685408609039592,18.44900000000007,5.0,-0.0725923479562627,-0.3123348355600031,0.9258322210389432,4.236952452792715,0.4269371552529016,-1.3313578223322071,0.7854041457843366,-0.10340526559100274,0.018393471717689847,0.6100076712886496,18.44900000000007,6.0,-0.0444785480143365,-0.5040784598542921,0.8392160419566951,-2.218891060620157,-0.0756542723388593,-2.200929576886116,-0.8986308176165521,0.35220339480858964,-0.12516923595896662,0.22966951187425894,18.44999999999981,7.0,0.0763397265695054,0.2643401410057083,0.9401710142311216,-0.8340471002097747,1.1391949760759628,-0.1845716946323251,0.8825853654898793,0.008997775312107412,-0.054591635853225955,-0.46688528136727286,18.44999999999981,8.0,-0.160339401485135,0.1737816900399024,0.9509785489369696,-2.3606953100734875,-0.1974211624665396,0.4826343763706346,-0.9183782915445006,-0.10860082967602792,0.04533242482077219,0.3777990797677407
277,18.529,0.0,-0.0609366447252845,-0.1851017757045014,0.9600344045713493,0.3141397678343544,0.6983468646654205,-0.6942042930723642,-0.967883370145116,0.08147436564871773,-0.05940564602838122,-0.23029259379889336,18.529,1.0,0.0981703426429334,-0.1996554695089127,0.9543795247806528,1.3008681942298337,0.4302359110802246,-0.3003692347108941,-0.7178087904346121,0.06027438967312634,-0.012886491251458335,0.6935066522157936,18.529,2.0,0.1799584795589589,-0.2822105487425344,0.9211249382213388,1.1292353296570394,0.5121194034935317,-2.0196334304777968,0.9750498808017694,-0.14814690571488878,-0.10983226904410069,-0.1235600944973065,18.529,3.0,-0.2091108805116711,0.0113756888732937,0.9572252782674994,-0.3310270738370942,-0.6877517730681852,-1.960083536788466,0.23420085357986953,-0.11943256299683903,0.04617518627650527,0.9637186701785935,18.529,4.0,-0.2775044435547701,0.0859166704503243,0.935645023257265,-1.306494323624706,-0.5092848473373628,-2.091974625428783,-0.9790496964607591,0.0006609280263614006,-0.2023793698345809,0.02244650751447572,18.52500000000009,5.0,-0.0789656978462654,-0.0140738687635471,0.9764857115092256,4.980776835657786,-0.0806075172764635,-1.2460585091813996,0.8379119518897242,0.11553581599522264,0.17232159540197914,0.5048369081800448,18.52500000000009,6.0,-0.0719164023278412,-0.5121427364362502,0.8323507965946868,1.0470743834076883,0.7562299551510304,-0.3297141765768209,-0.9102296946880444,0.2874313113378941,-0.14036127798945108,0.2629902199927903,18.52500000000009,7.0,-0.0190879172629267,0.1900379453193832,0.9615894294101566,-0.2445349646986994,1.0451291495867314,-0.4630301337095255,0.8736077461383976,0.032005033524180854,-0.000758497212607283,-0.4855765731561637,18.52500000000009,8.0,-0.1522617731288468,0.0378104773564689,0.9676092807769754,0.1233311554925856,0.4116800731473299,1.806001261190528,-0.9503024693242396,-0.11153926430940173,0.026942036157255336,0.28941032462797783
278,18.56899999999996,0.0,-0.0799757470679841,-0.181472125327247,0.9594528376163832,0.0828924893507436,0.1819204546012144,-0.2272201182342704,-0.9704064642112178,0.08207898675472025,-0.06419070062872424,-0.21783913354398524,18.56899999999996,1.0,0.0806275241168109,-0.1028980105316709,0.9710001039049464,1.5465217105210336,0.2345290749028256,1.7724908964606774,-0.7830923692639603,-0.00897005851235296,0.03296320798842067,0.6209664291811229,18.56899999999996,2.0,0.1743336678373235,-0.1824251635921566,0.9460495927522828,1.534253180441417,0.4981740164663241,-1.5144731512818794,0.9753531249485803,-0.0568359723036681,-0.09541886571514689,-0.1906598908291166,18.570000000000164,3.0,-0.1800185347214477,-0.0250347925301215,0.962216496595084,-0.705280653486771,0.2692773771070855,0.5325198177985866,0.20435598440993247,-0.13578422846121616,0.015014540330269648,0.9693172022179893,18.570000000000164,4.0,-0.2745886750151986,-0.0476748615027454,0.939359977396361,-1.4325637267332438,-0.3429283258770002,-1.3346730376506892,-0.9780705988078761,0.08654752466501477,-0.17455694007491804,0.07360233959354254,18.59900000000016,5.0,-0.0778547653519587,0.2584124519768899,0.9412866939329816,2.5276765683578626,-0.3120797622376406,-0.9812132588776488,0.8467263503350794,0.2190036122444421,0.22532801173498676,0.4293241113653879,18.59900000000016,6.0,-0.0260107214819719,-0.5290973245927303,0.8246559667381316,0.1180773332773635,-0.5613764139684337,-1.8287620667437787,-0.8892332687419406,0.29907704147397535,-0.08142041207375274,0.33643399579031513,18.59999999999991,7.0,-0.078433617689687,0.0364665122619736,0.9759735452867332,-2.7179698336860443,0.976753587311866,-2.19729555533566,0.8193090603128309,-0.05547596987686982,0.10124495645170352,-0.5616088845883933,18.59999999999991,8.0,-0.1571086889112696,-0.0207173570303092,0.96761234540815,-0.967737159533406,0.0297538933898446,-1.0907856086130918,-0.9383017219102254,-0.05832276945786957,-0.0020210926352806206,0.34085810597318916
279,18.60699999999997,0.0,-0.0766955707464,-0.1591965963394301,0.963580942703738,0.3400919508388954,-0.2048446299896606,0.5241983310313968,-0.9666078114880832,0.06229952663036404,-0.05530162317679876,-0.24234239873753488,18.60699999999997,1.0,0.0847691682022283,0.0077029742347352,0.976125428574751,1.6506412370303245,-0.5810850899089144,1.3744610554986507,-0.822215635889668,-0.05318771547826181,0.11200724535741305,0.5555059783730474,18.60699999999997,2.0,0.1692032691983608,-0.0704494690002575,0.962964758446626,2.288028199568449,-0.0921414751244243,1.449431013147917,0.9858417666582715,0.04925454048335239,-0.1224826257682098,-0.10338282129443327,18.60799999999972,3.0,-0.2188448944336022,-0.0531506566478526,0.9539695591989544,-0.7271275431195375,0.3420951690816019,2.2115292167551392,0.0928933180363782,-0.15294594652499635,-0.0034448614464669697,0.9838528862768965,18.60799999999972,4.0,-0.2386714106966234,-0.0961144767815451,0.9453226777503508,-0.8186576664953291,-0.6968774298790287,1.4671055126454158,-0.9829348415804355,0.11161838478774706,-0.14592822512853254,-0.009240481343262259,18.67399999999997,5.0,-0.0371489276088508,0.3554487719719404,0.912686215345204,0.3824591919256092,-1.149211788765242,-1.29713990270636,0.8841997403718577,0.23875260918684765,0.1853753016673309,0.35612358566171687,18.67399999999997,6.0,0.0090202953078997,-0.3753677425667436,0.9049307664749304,4.253124156026063,1.1171142060211392,-3.07742599176409,-0.8743335523860687,0.08755072967813969,-0.043185596704867525,0.47540584045847334,18.674999999999727,7.0,-0.1314765594798251,-0.1312995611924747,0.9615863661356746,-1.5395411318867054,0.4154961351410853,-2.9265078508529485,0.7300515454941057,-0.11127855139896733,0.14229360657476725,-0.6590859992809439,18.674999999999727,8.0,-0.1552438339019258,-0.1059769356337218,0.961183770747882,-1.0722810692306115,-0.0398481262939903,-1.2953941371871898,-0.9167868833404306,-0.0003427936786917333,-0.027315210821421347,0.39844142892678086
280,18.695000000000164,0.0,-0.065256411659841,-0.1427373995310869,0.9669336251844716,0.1654151344326396,-0.1829093927698919,-0.0913316669988021,-0.9688408975666799,0.05399438115536192,-0.04416149266250261,-0.23765875656423646,18.695000000000164,1.0,0.1662273353665173,0.0856069328313855,0.9625408697962649,1.755917465814201,-1.54177525961605,2.0271984579418745,-0.859942416707609,-0.06792807338789598,0.2312960101000965,0.4498743963648763,18.695000000000164,2.0,0.2114847177263152,0.065083070316016,0.9533621600034592,2.551829492584704,-0.9427529418946464,1.7187878812777326,0.9692272637929311,0.15439620492758338,-0.1917252701923488,-0.0013205279618841886,18.695000000000164,3.0,-0.206680016357684,-0.0842786040526966,0.953711427915864,-1.194243756650387,-0.781155922038957,2.2054521277227384,-0.024577056694787852,-0.10994960437186868,-0.05207229195089074,0.9922678716927561,18.695000000000164,4.0,-0.2410090844204286,-0.1190976127220092,0.9414097831819812,-1.1881703188379276,-0.4526364195945466,3.747141315138174,-0.9595627864109705,0.13471847771866446,-0.1439023620600187,-0.2009534794173196,18.75300000000016,5.0,-0.0621513761371549,0.3116138663359451,0.9258914648874462,-0.6874929254660573,-1.347151187324527,-3.671521734185344,0.960076575364546,0.18159436244422233,0.12987338343737728,0.1685507675428671,18.75300000000016,6.0,0.0100776875930086,0.0416482434799453,0.9786433793920098,5.383082649345719,1.2582861640621743,-4.309729024606619,-0.7718981521784831,-0.151689554939959,0.006712847940128505,0.6173479239926971,18.75300000000016,7.0,-0.1126225684910253,-0.2535103425545048,0.9398136322082064,-1.5025871907069903,0.240926582353067,-2.7076805575907,0.6330495964643875,-0.1656609275306289,0.17605763733481433,-0.735396745873988,18.75300000000016,8.0,-0.1273356620857337,-0.1918727496405429,0.9522370908059428,-1.1989036855095014,-0.1410834078868425,-2.527070630020398,-0.861380146547474,0.06346672618413125,-0.04373256530015428,0.5020793568088499
281,18.740999999999985,0.0,-0.0547909295098657,-0.1490194915218356,0.9668387379444509,-0.1697479922207003,0.0595737090955424,-0.9819386479329828,-0.9788571868113276,0.06782581893765385,-0.03816932010092436,-0.18915963923703077,18.740999999999985,1.0,0.268393033655805,0.1792319865689837,0.9254393953552926,1.3160189809122178,-1.3740852870550475,-0.0723044449670823,-0.8384492264401034,-0.08825997669817996,0.3113994067015318,0.43845579104530336,18.740999999999985,2.0,0.3193825464010918,0.1556034685137828,0.9130122395898288,2.236956036282145,-1.790924248465919,2.784274360248192,0.9177691706194433,0.2208929200853405,-0.29863375917017404,0.14044196381623608,18.74199999999973,3.0,-0.1694692307222072,-0.1276122127580115,0.9558458573396796,-0.9124576662479852,-0.5865741064118932,1.3005843085855524,-0.09572997229685588,-0.07765146695500043,-0.09122494334710592,0.9881720658848322,18.74199999999973,4.0,-0.2149211558514973,-0.159239496076659,0.9428412802039948,-1.5194751909689346,-0.604867940564305,1.8254371673408527,-0.9301202581498591,0.1822832450017509,-0.11122949974278759,-0.2987927749425014,18.82400000000007,5.0,-0.0204181420978064,0.2714893212507528,0.9414593182501724,-0.7413389415139726,-1.1771680062124947,-3.2306235064303737,0.9891095558154325,0.12674008702236214,0.07475552253757964,0.0032937495799553844,18.82400000000007,6.0,-0.135527102875333,0.2928344259417615,0.9252509947952384,1.6786166292951774,-0.4727467522355614,-2.292886955603662,-0.6885028284612661,-0.19651629572469542,0.055413538395173635,0.6958983693600719,18.82499999999981,7.0,-0.0620515604736731,-0.3432058429771326,0.914195467714174,-0.8054803753018888,0.0884149025191329,-2.4818310947233466,0.5376641148425352,-0.19989669604702914,0.18151713021099958,-0.7987553705359594,18.82499999999981,8.0,-0.0737459868645643,-0.2994422975354655,0.93003485949079,-1.5893279851543696,-0.255561444891281,-2.665395877761696,-0.7864449241792028,0.14246177576709917,-0.06072868042882483,0.5979306406694896
282,18.80499999999984,0.0,-0.0471909862537251,-0.1691083387074331,0.9640676224186832,-0.0932705545021184,0.048320599474849,-1.063160835854276,-0.9871633797193207,0.0770251257062346,-0.032444458698579155,-0.1360990405947944,18.80499999999984,1.0,0.3167628252583568,0.2520561861672451,0.8921227446653104,1.00477252450622,-0.484720526638886,-0.482913013037649,-0.8192239713563095,-0.12184450235059205,0.34030023113928654,0.44522101779754436,18.80499999999984,2.0,0.4399295332962641,0.189853137822414,0.8550951945793608,0.7669477593355782,-0.932530268470262,0.4180713915019465,0.895900490429797,0.24717867251446676,-0.3318794243411671,0.16162011879902438,18.80600000000004,3.0,-0.1852917606465332,-0.1760198272855714,0.9455818229211396,-0.8611035129158504,0.6121881903449248,0.5332381633067387,-0.12284573479073509,-0.10607598128848386,-0.13578717038803098,0.977352882021341,18.80600000000004,4.0,-0.2036312213687774,-0.2332291121085611,0.9298384305614132,-1.0166349493390625,0.1567713531378856,-1.585359065172418,-0.9415965924586681,0.23707683180289163,-0.07948226214303643,-0.22555044424064838,18.898999999999887,5.0,-0.0186301697315721,0.2918607165105947,0.9351498483845756,-0.1378334487790645,-0.0338576799060326,-1.8339906765471583,0.9866455759211274,0.11501120460420693,0.07706940569827128,-0.08580930623231339,18.898999999999887,6.0,-0.0714902374394749,0.3695687980471842,0.9041532223361296,0.1078435865612358,-1.8195596382994703,0.2108244687260994,-0.690854263533495,-0.1330576748723262,0.1285878691028556,0.6989143020676781,18.898999999999887,7.0,-0.02441791919507,-0.3903542343314656,0.8987443112263233,-0.413160791230059,0.5577449399899833,-2.190220634361291,0.4448967405935209,-0.19861228130765504,0.18800921922157982,-0.8528027822484646,18.90000000000009,8.0,0.042743863495465,-0.4135887974033531,0.8873067501129072,-1.826357838517278,-0.4559910409446652,-4.460646070177193,-0.640875824038297,0.23155754531195188,-0.05409040626148211,0.7298859563814095
283,18.884999999999764,0.0,-0.0299086281949446,-0.1624709391905384,0.9658745611506914,0.2412538778912205,-0.1566231614473546,-0.782267042711496,-0.9928661120886,0.06594141436246946,-0.02085184991748237,-0.09712782141571759,18.884999999999764,1.0,0.2988712329084065,0.2985910169779162,0.8837920517406246,-0.0168371115881928,0.0199793146330188,-1.661968815052306,-0.786342451134596,-0.14442582414035057,0.3146196187426175,0.5116846942866924,18.884999999999764,2.0,0.420353904753331,0.2453674277602645,0.8508574617131469,0.2161677665052493,0.3772634833799076,-1.2619590909363678,0.9146439581699272,0.26659102034240867,-0.28219950290706874,0.11277897949106234,18.885999999999967,3.0,-0.2408057433826485,-0.2230987386963748,0.9229152435332384,-0.6943010569461976,0.9144635572638916,-0.0724107942620057,-0.11705858082807233,-0.14673928348468368,-0.1752920963898939,0.9664561822866857,18.885999999999967,4.0,-0.2026452146716409,-0.2895105928750762,0.9137940323638618,-0.2171865621572176,0.832898108688988,-1.9573865168595188,-0.9545396357168935,0.2566994729552646,-0.08999861671413038,-0.12190042419734498,18.941,5.0,-0.8328913860293705,0.441026681048921,0.6442921741578486,26.714100714344948,16.4017280991616,-22.673028190825327,0.21940324445973136,0.3287219198553003,0.5480120871032557,-0.7372156184698766,18.941,6.0,1.4835377283512918,-1.121280002324975,-0.2634690967540479,-128.33499857300342,-75.24746258792872,-114.5428837840246,0.004249524678873804,-0.02478589815610943,-0.16408320121964232,-0.9861259067026447,18.942,7.0,1.3465764871772337,-1.688225340205734,1.377028672493298,-48.47986261000808,37.047372576238885,19.94315771399209,0.0615603283145879,0.057728150861579376,0.35949927613902216,0.9293212883773954,18.943,8.0,-0.0729020468721608,0.7089120736836914,0.5672336056223555,-84.09627727951414,-10.404817638140374,-5.451456545298302,0.03367489819658823,-0.098436786756593,-0.25287321383853967,-0.9618894624474553
284,18.93399999999974,0.0,-0.0062286738589848,-0.1536184344205933,0.968086556165369,0.3291950140110471,-0.3907360441835407,-0.3062493161634988,-0.9953716759567008,0.04921633414464936,0.0002755541306704377,-0.0825403127352442,18.93399999999974,1.0,0.2673321260597676,0.2831863144869899,0.8990884526361353,-0.99598957727572,0.1301012963940208,-1.2354476568607098,-0.7673355669706518,-0.11976047150837595,0.26489464646912314,0.57156310535051,18.93399999999974,2.0,0.3896745361894261,0.2680375315901637,0.8572482939642443,-0.0040007366957126,0.4169842480743789,-0.2391086221493614,0.926999382835728,0.2575184593142101,-0.25032747632657093,0.10813205783015892,18.93399999999974,3.0,-0.2583020595284374,-0.2272518638644334,0.9168629321842544,0.3635865567781481,-0.298082559815105,0.5401472082672724,-0.1434624691740392,-0.13708401598578077,-0.1477255720653738,0.968918803542204,18.934999999999945,4.0,-0.2294740720091349,-0.2898193058687842,0.9078680632235514,0.1676593065753791,0.0977863444183104,1.1449778173252556,-0.9498160681615848,0.23483610255582368,-0.10969408541093363,-0.17512466766368842,18.983999999999924,5.0,-0.027585290103323,0.2740758952336756,0.9404889448695156,-0.4384291560458013,-0.8730951835396302,-0.9704027865991434,0.2311213520999504,0.25407301301982266,0.5315996192979707,-0.7742297265158271,18.983999999999924,6.0,-0.004009724633027,0.2364118284285851,0.9512446422910464,-2.236644810161802,-0.1740408832072746,-0.6705869635392114,-0.033596331744097915,-0.021441615287168914,-0.050457392437975264,-0.9979306564965211,18.985000000000127,7.0,-0.0179064348198083,-0.3705054511761588,0.9067833645589196,1.0953407178807293,0.5708332655208637,-0.7073352690417947,0.08187872388024946,0.016166076240349284,0.3720466275284662,0.9244543468984435,18.985000000000127,8.0,0.2233337215434613,-0.47794266233083,0.8257934731793816,-1.4186979797720365,-1.06416388424499,-0.7884773219982065,-0.019033646892169888,-0.14233533280225819,-0.1494721126736422,-0.9782824034270128
285,19.07099999999992,0.0,0.0854622471988183,-0.0970559973295659,0.9708189005608056,-0.1080512415744684,-0.5994616661329619,-1.5766907113091717,-0.9978769101695798,0.05162076471532828,0.039435063629099744,-0.004673816126700181,19.07099999999992,1.0,0.2602457479729082,0.170185248112148,0.9290140644721306,-0.653044015166598,0.3378164566225862,-0.7775881151305444,-0.7575902470273287,-0.102757236060298,0.2192832643761447,0.6061458718912973,19.07099999999992,2.0,0.3727101657286245,0.085478254412609,0.901715365503502,-1.8570966539345053,-0.1979600690871565,-1.5244676159205428,0.9539073315250322,0.1685769169245678,-0.24794458316402135,0.012888352207311845,19.07099999999992,3.0,-0.2047133732115448,-0.1569465115866599,0.945679769969269,0.955680356147174,-0.1434757270037149,-2.526430768099844,-0.015995741706443124,-0.10827980677738416,-0.11144094809419414,0.9877249287020047,19.07099999999992,4.0,-0.2240408004699863,-0.1312758875022716,0.9445349972792212,1.571107849910378,-0.1153202488270897,-0.5639105376958694,-0.9729506470055127,0.14499797333209655,-0.11204148013438286,-0.14067456397812492,19.05099999999993,5.0,0.0435461047855998,0.2672087151631353,0.9419608480711222,-0.1333623608731519,-0.4007702671247062,1.6698502729860416,0.3217644071522214,0.27345058564105523,0.46769971921041825,-0.7764981752412811,19.05200000000013,6.0,0.0466275187187266,0.0173885341858632,0.9778842024375904,-3.1605398083583376,-0.5821470511983391,2.694729074672282,0.09823048226037692,-0.07491150329193265,0.12113153322485927,-0.9849193828370073,19.05200000000013,7.0,-0.0773575919956313,-0.1296669327867974,0.9674576422264188,4.366850426221043,0.8400766974756047,0.319286216746716,0.05133539545735852,-0.010022061396439123,0.5458287040525687,0.83626267481629,19.05200000000013,8.0,0.297527107116301,-0.6498452786636968,0.6695698128869815,-4.3183290595909,-0.5519532128565714,-3.2603273961502,-0.21674446454956708,-0.10336756708980598,0.09794305216825,-0.965786799295281
286,19.13299999999981,0.0,0.0996134732209765,-0.1046547731257075,0.9690864432107492,-0.370909068083823,0.1750034326062633,-2.094625264592222,-0.9919954132897176,0.0658282448001742,0.038680730271556316,0.10057605731161662,19.13400000000001,1.0,0.2540359210318755,0.1344642048476495,0.9369162867834968,-1.6895149341557103,-0.6025582944428461,-3.1576255127447728,-0.665094124407598,-0.05132703920338451,0.17210162722251104,0.7248423074244968,19.134999999999764,2.0,0.3711262367087232,0.0335792154323915,0.9064037470781802,-1.45295516234404,-0.4413578471027059,1.2376790231600536,0.9595944186849864,0.06916160473375574,-0.2675308058784301,0.05312713021905584,19.135999999999967,3.0,-0.1841399191562469,-0.127967113437002,0.9542195282280344,1.6090688677392058,0.399368198807878,-4.2683609297948655,0.21117843206427817,-0.08763672039833661,-0.04325046281730967,0.972549676127027,19.135999999999967,4.0,-0.2290515213926374,-0.0544583752168878,0.9517434979638446,1.8319587768286432,0.4941488746458312,-3.1393748085917803,-0.9881318521354293,0.06253598477609826,-0.1370216959398633,0.030162033175058264,19.132000000000065,5.0,0.0815127122590802,0.1844304815222898,0.9582181772569462,-2.68242669380602,0.2624011036716844,2.453836725811767,0.4628964550813915,0.2683440607860147,0.5059646279551835,-0.6765486916491124,19.132000000000065,6.0,0.0674940651458679,-0.0224808193161867,0.9777362445634092,-0.7150194580459552,-0.0881042177184168,-0.2762391863314696,0.08231338407965849,-0.08021152225969935,0.14375122141536628,-0.982917191242338,19.134999999999764,7.0,-0.1304430189574165,0.1428665193053571,0.9606418565036854,3.485521709491126,0.159018818202533,-2.512907532284684,0.1599355852374761,-0.06713220319731103,0.6548907450846839,0.7355487664805431,19.135999999999967,8.0,0.4250272147598153,-0.639357404755543,0.6091485661952843,-2.123814334292464,1.769046373051194,-1.7282382280323905,-0.32082649457542983,0.003401721833850708,0.2054981173237513,-0.9245697985784527
287,19.213999999999945,0.0,0.0944182239227584,-0.1291738308174059,0.9655052151196428,-0.590640129644082,0.316512932271688,-1.5338822645261874,-0.9795581032248057,0.09047711168087129,0.02730131432074911,0.17757942703158908,19.213999999999945,1.0,0.2506886910871012,0.0620077778247128,0.944255376288786,-1.9497565282245344,0.0374582717751236,-3.410811790014333,-0.5510444013631903,-0.01786028717610693,0.09125846253251987,0.8292785846049993,19.213999999999945,2.0,0.3394902546244114,-0.0304835532140856,0.91794178464568,-2.907076001990204,0.7794628089472088,-5.306690108591607,0.947493564702781,-0.013548692106216877,-0.21930275477365463,-0.2323331219127273,19.213999999999945,3.0,-0.2147331165884293,-0.0635927702027255,0.9542052442835156,2.034948047112371,1.3770396632557576,-5.154166060124992,0.48856118695532724,-0.10043563180429864,0.06969714431277733,0.8639230049833823,19.215000000000146,4.0,-0.2664139509875146,0.0176488632725823,0.942821894285664,2.6420963568715394,0.9392143603632844,-4.089797302203228,-0.9510551687743987,-0.046632520737518314,-0.18256420954776217,0.2449281187396949,19.189,5.0,0.0865884734982043,0.0966812909495922,0.9666185463964424,-2.2312722440082173,0.1116720465042949,1.253739169765757,0.5498174082003402,0.2277955300680449,0.531035209052946,-0.6031679872696932,19.189,6.0,0.0707650717670227,-0.0392627714051339,0.9766561520818864,-0.748286357773202,0.0075756319229653,-0.92073148231738,0.03383267366184924,-0.08431808895512062,0.164321639825812,-0.9822139322738216,19.191,7.0,-0.1445441319208982,0.2213427874412519,0.9399504584684082,2.5523565216139827,0.0483831162648413,-1.3202417554981176,0.22454338996813622,-0.08559631332772973,0.7092322564120508,0.6627542105720564,19.191,8.0,0.3773386575758654,-0.6325786240893323,0.6433881579918077,0.0572198657049378,2.2773531107406995,-0.2760377023917213,-0.3586440192528112,0.09810650590582164,0.18517036424626107,-0.9096491176041712
288,19.26499999999988,0.0,0.0909749694392815,-0.1524006700334142,0.9642176054754902,-0.5065134782768969,0.2301478881071896,-1.1566826436498634,-0.9655302160893641,0.11061837117118299,0.01850252865148773,0.23488855700387173,19.26499999999988,1.0,0.2369719299667202,0.0007088391327924,0.9506028623746784,-1.7920109200267935,0.2091908762961112,-2.6172979088461314,-0.44896550055774026,0.01245407732574273,0.010864671704155,0.8933962358190587,19.26499999999988,2.0,0.3136591867986883,-0.0869928007937662,0.9239800685874352,-2.1751945351458803,0.6125728369761945,-3.7231162511091407,0.8922533929752646,-0.06958320630942373,-0.16881279739551985,-0.4129700952361164,19.26499999999988,3.0,-0.2977395861617414,-0.0102754625913018,0.9332007038685566,1.9161123747731967,1.4948840368002232,-3.6182089187631,0.6537233858078207,-0.12007283809147845,0.18133910081346752,0.7248064423808468,19.26600000000008,4.0,-0.3688123137257423,0.1029818964497431,0.9014594867479508,2.28243891255828,1.4586709037450352,-2.942868462867015,-0.8804153476038442,-0.14222175152892133,-0.23591235767497862,0.38598853427515284,19.24600000000009,5.0,0.0916642347373284,0.0089321003768946,0.9750189155359384,-1.7801177942104147,-0.0390570106630945,0.0536416137197467,0.591177803472251,0.15958793553576645,0.5455933941743341,-0.5721611169473914,19.246999999999844,6.0,0.0740360783881775,-0.0560447234940811,0.9755760596003634,-0.7815532575004486,0.1032554815643474,-1.56522377830329,-0.04766655568066702,-0.0872472239760405,0.18259728448989707,-0.9781482776526942,19.246999999999844,7.0,-0.1586452448843799,0.2998190555771468,0.919259060433131,1.619191333736839,-0.0622525856728503,-0.1275759787115513,0.24926353056408887,-0.0654647980482969,0.728479154773084,0.6347441796569027,19.246999999999844,8.0,0.3296501003919154,-0.6257998434231214,0.677627749788331,2.2382540657023395,2.785659848430205,1.1761628232489478,-0.3481455275582961,0.18711325461711936,0.045937463711025035,-0.9174274200259893
289,19.342999999999847,0.0,0.0864693423846547,-0.1773451897221716,0.959477324646066,-0.4933576138222796,0.3480797312859854,-0.8843547780416591,-0.9517111067095975,0.12791005898112998,0.002091254629265429,0.27907098170736555,19.342999999999847,1.0,0.222170708406141,-0.060811590565971,0.951680159916739,-1.4797628730700805,0.271640655917759,-2.085452034196739,-0.3571702179056437,0.035654391703147804,-0.05635937920127596,0.9316554192240607,19.342999999999847,2.0,0.3007540943799111,-0.1266077584770977,0.9243172887094152,-1.4521703891764115,0.2960793355927347,-1.681744440916089,0.8523515470681811,-0.11606518114496911,-0.13009578191877325,-0.4930525341819135,19.342999999999847,3.0,-0.3635915591320366,0.0419663306655204,0.90894554579381,1.3548484138369252,0.6412577804132913,0.1467832380326388,0.6516367725909116,-0.09834028856198816,0.24833858370703987,0.7099483446668687,19.34400000000005,4.0,-0.4360407720171256,0.1716094512604671,0.8600276980288427,2.175263804044109,0.9082945618653416,-1.1147031413450876,-0.8297890668947656,-0.23886391736843793,-0.23798527921457518,0.44469893222097895,19.273999999999887,5.0,0.087585965414946,-0.1386615025240928,0.9651956725867002,-2.393245777645649,-0.1082786891458072,1.0720312807778327,0.6580205038822935,0.09060760108623632,0.5662298937135685,-0.4880399436122118,19.273999999999887,6.0,0.0756363265325843,-0.0980843697918042,0.9720964985592744,-0.6300809935955698,-0.0107971827982012,0.0131748040170661,-0.050025096077115486,-0.08114400715737781,0.20077448771840298,-0.9749885870851677,19.27500000000009,7.0,-0.1558900840236571,0.4013026045571022,0.8802911457459872,1.1895846407786037,-0.0230522898032405,-0.1880024939894269,0.2710140185023175,-0.05215758052165712,0.7337615929630258,0.6208259927400875,19.27500000000009,8.0,0.0868180840583378,-0.3848775507939234,0.8974619162813038,5.591408474375047,4.128904955540695,1.5891013904890368,-0.3530655661364249,0.27995716594559766,-0.2966695519676023,-0.8419951711143104
290,19.398999999999887,0.0,0.063707465804061,-0.2040786360639875,0.956610301587374,-0.3746639469549174,0.5012521290948446,-0.25904687603466,-0.9455567957205036,0.13674056686778963,-0.025078042822022882,0.2942710573734124,19.40000000000009,1.0,0.2123025083773367,-0.144247837689439,0.946022307484666,-1.7742983271678232,0.2929429663102258,-1.5035508522813223,-0.2841872095148181,0.06084078781244836,-0.1375962903491355,0.946891382033176,19.40000000000009,2.0,0.290555571856828,-0.1970715279023879,0.9153257740024422,-1.5332871629596794,0.5985526962041817,-1.0251326553303584,0.8208691717074165,-0.16186980919091493,-0.07092996171458016,-0.5430846235569968,19.40000000000009,3.0,-0.3263298883993584,0.1609574045301826,0.910246405026776,0.837920409502946,-0.5628490344661755,1.639543667688525,0.60666946743208,-0.029542514528013823,0.2569610300197188,0.7516983611610735,19.40000000000009,4.0,-0.4816383307523578,0.2763649797018717,0.8073765641535962,1.3635064582958574,0.3802594840227504,0.9301561545297632,-0.8307582864507723,-0.3156117008251542,-0.20070661774870305,0.41224601561143787,19.334,5.0,0.1964046575143166,0.0681948486956956,1.05086329896807,-1.0649829139903524,-0.256537884768577,-3.01621571710207,0.6209462950797385,-0.042549245259202874,0.5415815334775768,-0.5650705291825922,19.334,6.0,0.164773360621857,0.0675963130125153,1.0018370516688295,0.4308019629056133,-0.9142184338775662,-1.6877061611940412,-0.12415730362076254,-0.14814767512333016,0.15173799397136187,-0.9693362736938719,19.335,7.0,-0.7787988713912288,0.5716810830361407,0.8402684435454976,-6.4239508728542205,-7.685689859623845,-8.963921132029784,0.8154864705837037,-0.42711346628038194,-0.023759882941367983,0.3898607074065089,19.335,8.0,-0.0267350692252336,-1.0101430825724405,1.2824797030770387,22.698551021485752,7.526979385562063,6.3323406406155005,-0.19894778733185053,0.09416310172361944,-0.8856787125722874,0.408810844139247
291,19.47699999999986,0.0,0.0366167524117603,-0.2205086928185667,0.9534249471428062,-0.2350550156837522,0.5415535832757984,-0.1693923166075401,-0.9407527887495115,0.13771894921739627,-0.05190675141049543,0.3054887406181806,19.47699999999986,1.0,0.1839896314427575,-0.2087386180749955,0.938999470098732,-1.0879328918450235,0.9279497018074576,-0.999198130150539,-0.22688862035287155,0.0424593507462442,-0.1926040012622628,0.9537412941601848,19.47699999999986,2.0,0.2557566951430817,-0.2640488460099076,0.908249260836652,-1.5285557044512712,0.965976285157745,-0.7753837575487823,0.7899871859433079,-0.1955384058158665,0.004624992678692686,-0.5810882784389005,19.478000000000065,3.0,-0.3067531152962827,0.1862305307759753,0.911983944849318,0.0060442304987224,-0.1840468054265069,-0.1575213815211333,0.6171058922868994,-0.027719531405939107,0.2433107400015576,0.7478046730820284,19.478000000000065,4.0,-0.4480118544008162,0.348989086295657,0.7990100099265741,0.6898955496796296,-0.331257800250322,-0.7435641205463273,-0.8102905914369938,-0.32484389434882976,-0.17869244280529284,0.4538442603110129,19.39399999999977,5.0,0.0790808222187604,-0.2658494125423223,0.9404388940319868,-1.3579362956200145,0.266886475956467,0.0581929974376549,0.6242819590449897,-0.08326391091656107,0.5528680544151096,-0.5455969860227234,19.39399999999977,6.0,0.0692542856179459,-0.163593339984816,0.9628312744381334,-0.9371946921081964,0.0895690906124683,0.1021569569764843,-0.12638683768198028,-0.12523339313230353,0.19113423266512575,-0.9653034080582293,19.394999999999985,7.0,-0.0863004312138824,0.306093595581748,0.925651093185837,-1.9577448692580888,-1.9597207755696813,-0.536118046895284,0.7936854737486364,-0.42541890876035016,-0.1393771285164067,0.41189335619317324,19.394999999999985,8.0,-0.1470034927397679,0.1078198714640438,0.9626057596128262,6.185971813815204,1.7805756707947618,4.905961044215401,-0.2792586797141566,-0.25897865397939995,-0.7208470008279845,0.5790718849889227
292,19.539999999999964,0.0,-0.0004038291716669,-0.1999724432214696,0.9592334746421416,0.7163481735334457,0.6626241870291981,-0.4691882054618685,-0.9361160163676081,0.09112362160445316,-0.06780764854827148,0.33284442654802376,19.541000000000167,1.0,0.1432438178038272,-0.2344976652962995,0.9401175743658708,-0.4161301496264927,0.931035215166633,-1.4426734880884085,-0.14766403566821157,0.02126817997732563,-0.2102332945452535,0.9662013035363168,19.541000000000167,2.0,0.2206350393640617,-0.3287392539678075,0.8965180881083817,-0.7766115429658463,0.4539577547177613,0.1204563240821049,0.7854180631536513,-0.21383023024522116,0.04671054835931065,-0.5789760127822358,19.541000000000167,3.0,-0.3016161255736038,0.1585058233935881,0.9178107739312548,-0.560458497693807,-0.3470021125484471,-0.9397777369494464,0.6581179940399735,-0.04883541458812673,0.2007882648290512,0.7240026801813279,19.541000000000167,4.0,-0.4498626273044392,0.3212252402232211,0.8093416840854554,-0.3131036502446864,-0.716716462996359,-1.1832015367998636,-0.7968603799288403,-0.2794719179841361,-0.1686668887085415,0.5083900693476546,19.40999999999985,5.0,0.0413908563521971,-0.3648568945899364,0.908533017275993,-1.6393499905164848,0.4476324989457373,1.0231200397792366,0.6430614579219118,-0.10137297366830875,0.5825396801037923,-0.48666518536829895,19.40999999999985,6.0,0.0507129440719935,-0.2350779393002542,0.9503344462650488,-1.277415316119174,0.2845912163701352,0.6325298617370987,-0.10584023323658515,-0.0876619917232279,0.248177820957206,-0.9589165706256593,19.40999999999985,7.0,0.1042864441147101,0.2560968047329592,0.9400025341346044,-0.1729021727487943,-0.1636038581016007,1.494375718472534,0.775313585660919,-0.3984138195452779,-0.10864220342853835,0.47786205532469667,19.40999999999985,8.0,-0.1728499147499409,0.3992883138677233,0.8781894723689238,1.038081673166764,0.3705112175580469,4.356348757427431,-0.4131255329119085,-0.461316365056237,-0.569038842277636,0.5410261558990286
293,19.5949999999998,0.0,-0.0290978148896511,-0.168270722282566,0.9650348600911528,0.2658749966973561,0.5842295513091346,-0.8185130804658504,-0.920987438114504,0.07038364406378154,-0.08489566932062474,0.37365894451249076,19.5949999999998,1.0,0.1206238672697682,-0.2246305708962834,0.94682415963245,0.1978199660123653,0.5187468523062058,-0.8372468850883871,-0.10101128220311902,0.010041666505099536,-0.19325928517254898,0.975882541341978,19.5949999999998,2.0,0.199904528847497,-0.3446738825721156,0.8942086412123983,-0.0073573062623259,0.5962848095241161,-1.0636321578160963,0.7527006679835948,-0.19858136345119443,0.056542910363885326,-0.6251480191078721,19.596000000000004,3.0,-0.2676477283166191,0.0913283788242127,0.9384102624909292,-0.6122953628036695,-0.7942088242963228,-2.3628445845666524,0.7517635385170119,-0.06951339010698895,0.1330493129750842,0.6421194211897603,19.596000000000004,4.0,-0.3878208530912284,0.2232759121969832,0.8712266369551591,-1.7648942361775442,-1.7126135607312691,-1.1626166162671383,-0.806595160247939,-0.1471945341488819,-0.14653617390181084,0.5534122932493581,19.50799999999981,5.0,-0.0114887551957413,-0.4532496203495683,0.8687150224078231,-1.2812191093145686,0.7642878463683942,-0.3123028296166503,0.6188644791065216,-0.1391938104228427,0.6039115038010386,-0.4826206949737564,19.50799999999981,6.0,0.0114699188520493,-0.3234939601352568,0.924808141571827,-1.3223528430606837,0.6961443862121637,0.7144604126437745,-0.08485952970770243,-0.030202914239965878,0.30284879088309025,-0.9487724985737366,19.50799999999981,7.0,0.0997046635188851,0.3228552774440277,0.9200698070794008,0.2127687739906442,-0.0184287921838351,-1.2218129577669317,0.8245486125017644,-0.3390506015378436,-0.11464423890541124,0.4382019782064437,19.50900000000001,8.0,-0.1626548568297869,0.3181079491689293,0.9120097204664102,-3.085911152588019,-0.2597498248899719,-0.66158814479369,-0.5065373755451551,-0.3489211303510936,-0.6249706147573685,0.48071370134430197
294,19.67000000000008,0.0,-0.0558997241197814,-0.1730932966108335,0.9629371378816616,-0.1664225499790428,0.3659842068251804,-0.3518722336589952,-0.9122114771531759,0.07271983291836445,-0.10093635861403145,0.39037661092858256,19.67000000000008,1.0,0.0919091199769453,-0.2030790963229343,0.9541040793863758,0.6284012454839412,0.6092017914470635,-0.2017713578499699,-0.08486816325320642,-0.01562688766042562,-0.1564319133392501,0.9839117093200471,19.67000000000008,2.0,0.1919403326288939,-0.314748612387266,0.9081746636581536,0.3608949195582043,0.7295468354772057,-1.4382175156064865,0.7086925338263168,-0.1661274149965585,0.056455303389575516,-0.6833515736460894,19.67099999999982,3.0,-0.2272331069395115,0.0397646360013638,0.9527921540579014,-0.1693413944536325,-0.7762746508784574,-3.057807002642765,0.8516760651294827,-0.07110258130868047,0.07981285764427756,0.5130518597290706,19.67099999999982,4.0,-0.328514125960221,0.0647852120295097,0.9213106671187974,-1.1769181870331529,-1.0467411995686424,-2.06295059088554,-0.7649053103202461,-0.05560042675880106,-0.14208216283848663,0.6258123662818315,19.559999999999945,5.0,-0.026162170228805,-0.4604689961005106,0.8640705089743006,1.3801942533175464,0.4050962151523966,-0.9025081929787684,0.6057468680543074,-0.11832511290826253,0.5442301247646405,-0.5682283614853347,19.559999999999945,6.0,-0.0576009712857386,-0.400783801691885,0.8925359782150741,-1.4060297939536934,1.1061678675447488,0.0094522990011189,-0.10187315932079893,0.03688299039739705,0.3554183788560012,-0.9284068506860107,19.56100000000015,7.0,0.0657777315362649,0.2479649392381434,0.94499771372346,-1.876004958936901,0.1689893960356367,-1.1673425354355882,0.8306444932300926,-0.3753927524007138,-0.15894100278140846,0.37927267888206684,19.56100000000015,8.0,-0.1579439028317495,0.1711742627340131,0.9521880567071518,-1.9162096855656643,-0.4296260762917223,-4.234799099421498,-0.4877141361593244,-0.15134950890602528,-0.670138706184353,0.5386486443107699
295,19.75900000000001,0.0,-0.0535839403270278,-0.1690878314988587,0.9637074590237656,0.150861952192646,-0.1767245056296608,-0.0090504688068785,-0.9137085521059657,0.06891711777361027,-0.08574489868449132,0.39119678556422804,19.75900000000001,1.0,0.0585942029667957,-0.1293957903501716,0.9698167088776828,1.521733416686745,0.1032153510410117,1.0584438173168316,-0.13505643164134723,-0.03477359222104861,-0.07136635817062001,0.9876524694839847,19.75900000000001,2.0,0.168101137101073,-0.2366754413132046,0.9355109530008324,1.729243323172522,0.1866142243094249,0.5727637240623796,0.7421481799522802,-0.09206002387422317,0.00362919273509187,-0.6638733764490687,19.75900000000001,3.0,-0.1939027738934498,0.0062387783104458,0.9607360677738808,-1.0768451522795677,-0.22910769208501,2.595473672278637,0.7794121315861168,-0.09457125326121196,0.05608846848448927,0.6167877194757156,19.75900000000001,4.0,-0.3340850541940666,-0.0929807761277697,0.9159387271181544,-2.006736922266952,-0.5854896318918339,0.1745119382244673,-0.7787403461477653,0.03800897386443375,-0.18445773170592017,0.5984096727170592,19.63700000000017,5.0,-0.001622896923658,-0.1877189938271289,0.9615705619256992,5.857506231305918,0.1187103959449819,-1.9888459364271227,0.5871613639270493,0.008103720328716153,0.34263667790590746,-0.7333321003350151,19.63700000000017,6.0,0.0455276036331325,-0.5132581175764153,0.8331640547031174,-0.8787641232487517,-0.8104837935386674,-3.5440871065321216,-0.2553654032926721,-0.05774799419178266,0.39438948504810867,-0.8808578852751927,19.63700000000017,7.0,0.0032754470554983,0.1462135848270443,0.9689586467226616,-1.6042248392965213,0.7586508646478157,-0.9031659949443716,0.837349643962785,-0.4135280390427585,-0.160990301681788,0.31925265456258173,19.63799999999992,8.0,-0.1179033362223106,0.0096098889631223,0.9718783120029816,-2.030188814751892,-0.3876176951827229,1.7331883552872818,-0.5873009203945634,-0.1370132034921169,-0.6618810808862647,0.44521730170485996
296,19.80099999999993,0.0,-0.0439246292784694,-0.1673345279359548,0.9644971657310352,0.0036897675822234,-0.1104904774527793,-0.4502528097804851,-0.9053577409851372,0.07293040657292012,-0.07592354893822352,0.41139291602070976,19.80099999999993,1.0,0.0800955812959505,-0.0408743152407544,0.9745747730217844,1.792278287779805,-0.960381861212532,2.3649342361011234,-0.25479042076692227,-0.011250195273889688,0.03752594771238454,0.9662024000384193,19.80099999999993,2.0,0.1876102182719954,-0.1206468526291392,0.9539977688394332,2.280742639536242,-0.9934532383972644,1.9650648092687928,0.815019884482624,-0.03311061936995637,-0.11267759086037914,-0.5674064110501124,19.80200000000013,3.0,-0.1661628264747293,-0.0353194976393096,0.9649079998551344,-1.177398181000682,-0.945404767585702,3.1587502169408896,0.6786469889834342,-0.09393184020599205,0.002630888081161767,0.7284285498023394,19.80200000000013,4.0,-0.219258532876793,-0.1440680140278398,0.9429565754024892,-1.3933607766901237,-1.919380700322032,3.1692253028970585,-0.8811912571475267,0.12157988612931281,-0.1537616390205927,0.43020652944980486,19.717999999999847,5.0,-0.0023400301767503,0.148138854824263,0.9686410088108636,3.354250965750285,0.0788026843954243,-2.217975571272118,0.5147325807291732,0.060785587774703116,0.1965952995615116,-0.8322894753900764,19.717999999999847,6.0,-0.0066446898199065,-0.5182351769343043,0.8316538639873368,-0.6899812722931764,0.1343228814934429,-0.8678861407412413,-0.2957840274779005,-0.04701390921127082,0.4086215745440499,-0.8621658252602966,19.71900000000005,7.0,-0.0216395934112741,0.0449186443138545,0.979135865643783,-2.2975280421481004,0.32997173368949,3.06148612981366,0.7551667668316939,-0.49647509674043755,-0.09364554873249414,0.4176914456774635,19.71900000000005,8.0,-0.1235375939363611,-0.006240531803583,0.9720172419495569,0.2957156547557221,-0.0998056105161208,1.45010790052935,-0.6487683673443959,-0.1882662013993134,-0.6004890214181152,0.42786490636680446
297,19.86699999999973,0.0,-0.0326390494154473,-0.1749451780954813,0.9636523632069796,-0.1334511637133111,0.0864313455223929,-1.0596472438499371,-0.882071502279773,0.08118363875910056,-0.07581535262450761,0.45783306343050173,19.86699999999973,1.0,0.1645897903704942,0.0577960777517824,0.9642363892232584,1.7780557085815212,-1.1730333027681246,1.3964680412184562,-0.3215530951262687,0.028365771164318612,0.1429700678472858,0.9356059799620313,19.86699999999973,2.0,0.2394401860570988,-0.0171025616363823,0.9503598790386808,1.909352714596373,-0.9924102068018834,0.3046688715609446,0.819654942746869,0.01100930063339294,-0.20574312970422834,-0.5345225296558598,19.86699999999973,3.0,-0.1357115535768635,-0.1204843133451907,0.9627460228240324,-1.5280498437059715,-0.5122680253449297,0.1477458993655765,0.6664129091872615,-0.1261052154209427,-0.06921866815682444,0.7315737044828798,19.86699999999973,4.0,-0.1920591459728005,-0.1945487478556664,0.9415822158239772,-1.5104306949599466,-0.1343838064874452,0.6028611713589335,-0.8855212603028129,0.17909812207566553,-0.18331572198755625,0.3875194269876919,19.769999999999985,5.0,0.0169627588977418,0.3361693607803109,0.9191846526586124,2.8188867659638297,-1.0306378644493788,-0.796942119004645,0.4924678985923114,0.08177788330184364,0.026379502633017953,-0.8660784424632548,19.769999999999985,6.0,0.0644954017789087,-0.4714380927594634,0.8565158888454416,1.4012128341305154,0.7211678020783556,-2.294991839671382,-0.40871310349374257,-0.08486815797658089,0.31012384692823863,-0.8541511542816095,19.769999999999985,7.0,-0.0569238710229758,-0.0984708683548202,0.972774465635898,-1.966451325654916,0.4951358250670923,-2.160488287431674,0.766321059794312,-0.5341913220529344,-0.16527542169167328,0.3163474351780021,19.769999999999985,8.0,-0.1103919739989974,-0.0752114602064843,0.9709201039891044,-0.7473772188734131,0.027518466775521,-1.2080847611530756,-0.6536635162041653,-0.11578760015414012,-0.5900536896987775,0.45951483382695146
298,19.92399999999997,0.0,-0.0291116342359794,-0.1887724404989047,0.96133629831615,-0.0581647545199162,0.1302788161375233,-0.9416528074210168,-0.8593535189990473,0.08402131604310929,-0.07698829164951648,0.4985225679778468,19.924999999999727,1.0,0.2067039316483122,0.1608528059662886,0.944218650236216,1.3102829764728006,-0.4548171706112053,-0.314057231557087,-0.3067913143540828,0.03177800757293269,0.20911868354498916,0.927975551328805,19.924999999999727,2.0,0.3305105495427556,0.0684884211224372,0.9205710797179656,1.2193717827389698,-1.6550938603576697,1.303755600333672,0.8352258586509012,-0.0028652251534762277,-0.30222628898518117,-0.4594005069347772,19.924999999999727,3.0,-0.1258229778504516,-0.1949803234587647,0.9519034886524792,-1.0155293375209635,0.1071243030980252,1.3890449786520338,0.6101631049869556,-0.16506902442375326,-0.08798936978156292,0.7698773105462398,19.924999999999727,4.0,-0.1758765283549133,-0.2819096014336964,0.920625017796778,-1.257898750430857,-0.4042807747177543,0.0410507069174645,-0.8800725996337014,0.2337828255383368,-0.18612870429590736,0.36901749998396693,19.84400000000005,5.0,0.0228077239539271,0.3508503947660271,0.9151468779494166,-0.4294144692892327,-0.5257014206571761,-2.269690379068513,0.39976893252002366,0.04633620097697858,0.02226186721677728,-0.9151732985281227,19.84400000000005,6.0,0.0794737364622855,-0.19459169119747,0.9569435714448536,4.724692718291426,0.3026072728602147,-3.471854267118765,-0.5539428771477585,-0.25231745495857755,0.037030947423147983,-0.7925351094515836,19.84400000000005,7.0,-0.0551801784265843,-0.1900783904754658,0.9602038082527408,-1.3794596114427218,0.128557672198048,-2.886043808131636,0.789762522939813,-0.5284678558816197,-0.2449752417096098,0.1923122814823409,19.84400000000005,8.0,-0.0913735297889681,-0.1495385223320242,0.9640073176032736,-1.068882352242883,-0.3890903746662959,-1.718936859758352,-0.6534243951917144,-0.010328004083772368,-0.5686146297104893,0.49960714064071493
299,19.9989999999998,0.0,-0.0195874408607531,-0.188351653225907,0.961671974681385,0.0435034199177759,-0.125389834845168,-0.517166517080389,-0.8470813870197947,0.08673608847253203,-0.06637858186657564,0.5201190811636199,19.9989999999998,1.0,0.2143735635663401,0.2171011347369716,0.9311686595562524,0.3515922879182948,-0.3316250747015147,-0.6931646757134484,-0.27324793634524874,0.03856282640564519,0.22475615280264014,0.934522950750824,19.9989999999998,2.0,0.4068503016149009,0.1003206091031281,0.8855860248812883,1.17015026226479,-0.8775205868449552,1.653506752055298,0.8597701499192,-0.0027095359979103406,-0.3563906470491546,-0.36575080918362657,19.9989999999998,3.0,-0.1626744166525265,-0.2400236570996286,0.9356840696513328,-0.7591884091971209,0.513356545021953,0.152617079676806,0.6004922108114755,-0.20615527755774782,-0.09600449565081251,0.766610881154623,19.9989999999998,4.0,-0.1661033928381866,-0.3435083484950809,0.9027063073900754,-0.4375865541174754,0.1067563047580847,-0.5124652428082009,-0.8676656631945703,0.24579434952021786,-0.18880892714147599,0.38870634634482626,19.91899999999987,5.0,0.0287179893913887,0.3212368672591197,0.9254961654155366,-0.451027516830471,-1.0914286185701885,-2.129493676760867,0.3071775280335562,-0.013637182928464801,0.007846523670218339,-0.9515221624214868,19.91899999999987,6.0,-0.0008430157705722,0.1154610395154378,0.9736026076785256,0.9997180344746892,2.798594844245498,-0.3751318722124948,-0.5679906297571209,-0.15039895403103226,-0.09309483777118374,-0.8038035520665715,19.91899999999987,7.0,-0.0153083775022507,-0.2991414532661938,0.9324821952809812,-1.349218631600993,0.0209682246589304,-1.6545213905665832,0.7897688561438905,-0.5314172451432029,-0.28365419383948476,0.11576339553957356,19.91899999999987,8.0,-0.0447437470664024,-0.2373438443432488,0.9494166085817256,-1.0952698911200285,-0.1660003413665138,-2.2222553653284685,-0.6208448553328761,0.09946688129435378,-0.5469556460224063,0.5527183065689855
300,20.090000000000146,0.0,0.0006910388266189,-0.1826054755173462,0.9630003960416754,0.1805382183771491,-0.3741524034883035,0.0068407397925437,-0.8492836841906024,0.0880773805594072,-0.04405371600168483,0.5186702892087356,20.090000000000146,1.0,0.2034052091658552,0.229054456738737,0.9302668309320272,-0.509641010899864,-0.0757851529916592,-1.2948147761234838,-0.21278252436961256,0.03530310659557386,0.19648516893491513,0.9564888218772944,20.090000000000146,2.0,0.4238676434524728,0.1499872573301357,0.8712112507725271,0.8698592657829607,0.0918894898600303,-0.7086321197260089,0.8524446999256711,0.04762973785983364,-0.3549463738564346,-0.3808969851891773,20.09099999999989,3.0,-0.1920324172678283,-0.2538226197040536,0.9255996048210294,-0.0967169373199267,0.2785886426358109,0.4540833975314122,0.5838791990966917,-0.21732708146139484,-0.08138474831995396,0.7779656440142944,20.09099999999989,4.0,-0.1748505486631522,-0.3407293779188994,0.9018319004422024,0.4540864791052461,0.313687358230987,0.0696507378637667,-0.8751650792291144,0.20738778343503933,-0.1909338186447198,0.3932183468221497,20.027000000000044,5.0,0.0456748845073256,0.2962933571868708,0.9326575209647836,-0.702976104958027,-0.5803885780683229,-1.8671109514588973,0.21892290149610158,-0.04757685203016662,0.014864032286159363,-0.9744681969646951,20.034000000000106,6.0,-0.1246623314575294,0.2749208536995641,0.9314203279490286,2.3182759046631687,1.0152167855451486,-3.238796993819859,-0.6772783830582353,-0.16112002015900034,-0.2538366020969754,-0.671491854292997,20.03600000000005,7.0,0.0253505956234276,-0.3608912934873473,0.9105777405507816,-1.0341704348782474,0.0455594937202651,-2.375563639555017,0.7951835690096305,-0.509751929737912,-0.3282016243178727,0.010943285644217728,20.03600000000005,8.0,0.0197884513088882,-0.3237789242654734,0.924646216342385,-1.5746530116864057,-0.4777077883104256,-3.0055363374187443,-0.5580769826282366,0.24490806798212522,-0.5102338478549012,0.6068208468741061
301,20.13400000000001,0.0,0.0310573936019285,-0.1599303830680391,0.9667050795740988,0.3383218239802633,-0.6645423977014975,0.3312449502054146,-0.8605679876093814,0.08896916924177216,-0.006649028539907288,0.5014608818700057,20.13400000000001,1.0,0.2154212730547392,0.1857522523749804,0.937583476738523,-0.7336460566069222,-0.2895309475148648,0.8321955235382741,-0.2504663676086489,0.07202349690288497,0.1546852765619213,0.9529699259713138,20.13400000000001,2.0,0.4120499931506717,0.1332532511113916,0.8788477537166355,-1.3564750180268297,0.4467373623094574,0.4297559155095376,0.8753740253808256,-0.01782999762440979,-0.2957272833806956,-0.3820311253517925,20.134999999999764,3.0,-0.1992853438113321,-0.2243354892279284,0.9329415523037148,0.4746894685948127,-0.1154055593624945,0.4349311381267812,0.572363535984373,-0.19466573812155089,-0.05707169733109131,0.794511204729553,20.134999999999764,4.0,-0.1945539320295969,-0.2772895640483095,0.9197251030616276,1.297024695847133,0.0661352695646899,0.5675424374689125,-0.9011379797994927,0.13028158551761176,-0.1676869130623313,0.37796580404255176,20.11699999999973,5.0,0.035141353890904,0.3096537844771608,0.928590124331336,0.208126016461054,-0.1924782312384202,-1.434965178996943,0.14947343737001845,-0.05169701336805453,-0.01781854149470363,-0.9872525562937864,20.11699999999973,6.0,-0.0812555920233713,0.2780582726317359,0.9358937577449624,-1.0248143758918844,-1.6569169278899536,-2.277973427231478,-0.7868984239212284,-0.13742265755140595,-0.15782134137690446,-0.5805155534762098,20.11699999999973,7.0,0.0590689142315129,-0.391244149443511,0.8958883183174862,-0.1836478695322579,0.2002936081261323,-1.3739111946228488,0.8171056079770008,-0.47068547633880964,-0.3295704361831678,-0.04665763999904185,20.11699999999973,8.0,0.1500985504103479,-0.4031725902352784,0.8798586748152731,-1.582353177843014,-0.7674010711098768,-4.003545749586777,-0.44898331849337353,0.4101461130041344,-0.43217376663172724,0.6658978759071268
302,20.179,0.0,0.0378281692678719,-0.2107516586710369,0.957466327333368,-0.7340478129185873,-0.9718244208813156,0.3955243983942656,-0.8666055838608969,0.1463357711394113,0.011077861530574313,0.4769254502435963,20.18,1.0,0.2218820689489787,0.0998487218356109,0.929048750188447,-2.3470337270082835,1.2404566952950165,6.497429439209294,-0.5824296495450707,0.13899667834617918,-0.04439220694175417,0.79967803440033,20.18,2.0,0.4212339389133094,-0.0675557743462085,0.8773016505513155,-9.518357049926577,4.949029525558981,-10.032705709740842,0.6860511036968455,-0.12875237896122804,0.010304686233134247,-0.7159961742005336,20.18,3.0,-0.1985834052502702,-0.1050749364588038,0.9221051398226698,2.143837456577005,1.0247132752987318,-1.6118935981712206,0.6627800521033808,-0.1521117644840598,0.05678237829526393,0.7309995726089853,20.18,4.0,-0.1760318118253138,-0.1740329828711199,0.926508133854462,-0.2651192605359012,-0.543232067835112,7.088367301020697,-0.9836624103214308,0.0810072080543809,-0.160705040686081,0.004470420780221519,20.13099999999985,5.0,0.034363032165448,0.3178439818453282,0.9262847214680284,-0.2308572756070677,-0.4395855605082512,-0.3051452305218481,0.1326219622244291,-0.06934076803108992,-0.025073667543167203,-0.9884202467678085,20.13099999999985,6.0,0.0181715860945633,0.1466270223064478,0.9682057166678746,-3.4529272003545106,-1.370940867550046,2.8256197739594504,-0.7360303813772358,-0.06466018776052679,0.01377524232381621,-0.673712535513014,20.132000000000065,7.0,0.0333035335006407,-0.3340156603026532,0.920748832922939,2.199778834353831,0.8842344678931084,0.5954754558751358,0.9006149365932464,-0.35122545892265944,-0.25599278614667514,-0.0010518700361446215,20.132000000000065,8.0,0.294917197454747,-0.4177478410465873,0.8361080001688496,-0.4345587488337331,-1.875732107469138,0.4757572582149054,-0.5027849247062102,0.4597621448817689,-0.3844601166756109,0.6229097112003164
303,20.22499999999991,0.0,0.0731288224024886,-0.1617513161865935,0.9639339640483314,-0.1810500194839437,-0.6375272367011808,-0.3499928332224336,-0.8571713751551584,0.16356526377138836,0.03517969183801386,0.4870996072511176,20.22600000000012,1.0,0.2268677634419324,0.1295098919716024,0.944422683861606,-0.6056839231093516,0.2530076544734172,1.9309651239567167,-0.6548202576772617,0.13547741208992095,-0.07358326619600893,0.7398931030120699,20.22600000000012,2.0,0.3705693954416446,0.0100383179033351,0.9071221281259132,-2.356376479149842,0.7533712542274252,-0.790975072446661,0.6418073736938442,-0.17945177765552328,0.09783855974060052,-0.7391264917430357,20.22600000000012,3.0,-0.1780404045993617,-0.1837892974506215,0.9458124065969438,0.9983557166911756,-0.431092093671268,-1.111380578001602,0.7135154070542036,-0.1020721558918569,0.06565178154107945,0.6900484638547825,20.22600000000012,4.0,-0.2067297291940623,-0.1568490414162519,0.9451186154521308,1.918500807485653,-0.1661683501601603,1.422505356045367,-0.9879377176075137,-0.0256864286254564,-0.1440083338426861,-0.05080229617625113,20.235000000000127,5.0,0.0803337471879502,0.3469742976855867,0.912752609313354,-0.1116158516863364,0.2073634720718505,2.1401009145137784,0.238298693594128,-0.05691914359300667,-0.026567260601557688,-0.9691584619597042,20.235000000000127,6.0,0.1085327053388674,-0.0360990482744419,0.9729015934746464,-1.9751425729676424,-1.1141919448412791,-0.2019320948886074,-0.7477312666350342,-0.02428409479980942,0.12557238135090293,-0.6515671973618565,20.235000000000127,7.0,-0.0509634035140455,-0.061363159268702,0.9768353465077052,5.200169346932121,1.3677516675775203,-0.4370345797215588,0.9864732380176079,-0.0473030854004578,-0.1555223717477543,0.021113045081332393,20.235000000000127,8.0,0.2897138373732428,-0.5678654899056672,0.744371330592915,-1.3956758766269546,-0.450719633170807,-1.3803209836683898,-0.44335337630552835,0.5213213520806775,-0.3622893361317898,0.6327782143124476
304,20.28200000000016,0.0,0.1018599457514854,-0.175568137432498,0.958491721701334,-0.3265124133976096,-0.0915900134792766,-1.0152053177979954,-0.8302374732432204,0.17167404395568187,0.036506252543937155,0.5290567589397325,20.28200000000016,1.0,0.228840128962886,0.0851873787466011,0.9494847581075396,-0.5796236388074696,-0.1544103658428206,-1.1618295373953291,-0.6088153840968008,0.15698523103755457,-0.06362672874999173,0.7750168415665077,20.2829999999999,2.0,0.3583498508043813,-0.023049291827481,0.911692993597477,-0.0960411250316532,-0.0554954287375071,0.1130688241749334,0.6444043386623257,-0.18173933833568945,0.08070475375028639,-0.7383770066413106,20.2829999999999,3.0,-0.1383981560763146,-0.1394084015025022,0.9603667257798936,1.466255339167184,-0.1277536631104081,-3.3061212731496337,0.8331534772538287,-0.0474326593585772,0.09583265225004985,0.5426062374583878,20.2829999999999,4.0,-0.1961856707475063,-0.0547271307416194,0.9571991035067576,1.800855374653545,0.0843958571777133,-1.8915455786400024,-0.9815806178456187,-0.09436703243088079,-0.15601385240284904,0.05704412080508037,20.26499999999988,5.0,0.1388788158215258,0.2640660629415379,0.9333122676353108,-1.7892216756075785,-0.3428611613761464,0.2897060027849894,0.2467002147822658,-0.09428350285468697,0.04514485126306176,-0.9634373708343839,20.26499999999988,6.0,0.1411522143063183,-0.0857205439601718,0.9663689982297632,-0.260552306155027,-0.4215054693082466,-0.276386469445439,-0.7547682686834007,-0.028945990034176777,0.14532093978126154,-0.6390374126064092,20.26499999999988,7.0,-0.0713912326596903,0.1543287202364185,0.9654899989173992,3.196722760495597,-0.0562234750662944,-0.1926925540736223,0.9827451575572795,0.12408895696465004,-0.13284328950248928,0.03415474332066444,20.26499999999988,8.0,0.3406072128315008,-0.5714835177708745,0.7184527232068811,-1.529418448247923,0.88302957412638,-1.605699578674964,-0.34558580449060294,0.5377840665576231,-0.36638782727928493,0.6761055461338072
305,20.329999999999927,0.0,0.1105687908828431,-0.1853780603605618,0.9560583231266084,-0.1539962887644957,0.0805728598735348,-1.0340328002081491,-0.8025498069203862,0.16780789472010207,0.03413536702437364,0.5714797411980317,20.329999999999927,1.0,0.2320997342758698,0.047283810835163,0.9507864926375296,-1.3847921999195372,-0.0200287443625003,-2.171389279602522,-0.5154026546273696,0.19516499991434366,-0.08092567600858942,0.8304948894328295,20.329999999999927,2.0,0.35461883351298,-0.0735393025205852,0.910777389872344,-1.62906250291363,0.5752460513177683,-2.600478263658593,0.5325687680924021,-0.21543045530624885,0.11314521010459444,-0.8106530624191033,20.33100000000013,3.0,-0.1256862532265885,-0.0626537256874313,0.9697543381740276,1.8099512263469169,0.6045775595297636,-3.61971683888284,0.9207259800665437,0.0013924016354845126,0.16487089068576075,0.3536655485803952,20.33100000000013,4.0,-0.2090035218381202,0.0363412305935596,0.9551360336717528,2.347888336968773,0.184187896778622,-3.3448457763550232,-0.9403444326132672,-0.1711716846281898,-0.17879518064796993,0.23341997731950823,20.398999999999887,5.0,0.1469928012014276,0.1401549085322086,0.958395908802456,-1.809558235851544,0.1768762704930377,0.5184202547838146,0.262615826001121,-0.1046751859011068,0.12452426321712733,-0.9510887136647923,20.398999999999887,6.0,0.1523256856480171,-0.1083247983891384,0.9621027094576826,-0.472953811381733,-0.126094951891839,0.5541129124694824,-0.7373151927470133,-0.009418358402127007,0.1604635557362812,-0.6561471240125291,20.40000000000009,7.0,-0.0968761972273621,0.3100539166450141,0.9244390575824086,1.0505249900139095,0.0425751973153871,0.2892742519171827,0.9762663101217317,0.17689191878835653,-0.11328329785144683,0.05272793582696605,20.40000000000009,8.0,0.2929404262140443,-0.4969845454702307,0.7923971657276938,3.506994171195927,1.8146749287376536,0.1525369839279922,-0.42433525406524847,0.37779202593669836,-0.27633798962952383,0.7751452075472951
306,20.404,0.0,0.1143850102244814,-0.1875978403376735,0.9548298904708554,-0.1359303785066184,0.1410200749466198,-0.6209808647502241,-0.7849517238422093,0.1625999076287364,0.025740257890200235,0.597285108135149,20.404,1.0,0.2161003840436941,-0.015557503434337,0.9555812828342016,-1.7012000475145874,0.2147057500514629,-2.6806259935316694,-0.3897927796401524,0.2246373601640282,-0.11366323711521181,0.8858218296516696,20.404,2.0,0.3355323088855885,-0.1164223640310783,0.9133750066907464,-2.280840570183717,0.8467411210800427,-4.335256253919148,0.3334410585242277,-0.24776988703104916,0.15595939468100595,-0.8961605943030512,20.404,3.0,-0.1806130147561969,0.0224347501744755,0.962754185078043,1.6694950281169472,1.107822681691133,-2.9128199845260245,0.950434239309784,0.03521954903728675,0.24189416299822297,0.19214982180744128,20.404,4.0,-0.2328239522342064,0.1509905529709925,0.9402323437212516,2.3392555693094965,0.0881842249479573,-2.46579069203721,-0.8826051965329254,-0.24532120147476597,-0.17637790091342737,0.36016164597223116,20.44399999999996,5.0,0.1262885591984983,-0.0357306848182636,0.971225266340402,-2.636664558135736,0.0195569604225779,1.5705085237720848,0.32505862083198495,-0.13295781602955498,0.24995736212216593,-0.902319471861484,20.445000000000164,6.0,0.1546980918917387,-0.1434346559390754,0.957447648616202,-0.5988256675695145,-0.0290315290433164,0.5642100871122983,-0.719419666648909,0.016888860672250643,0.1755632278181418,-0.6718092457402185,20.445000000000164,7.0,-0.0983473452216126,0.3990769784535624,0.8890592584053302,1.2267319015710083,0.334171856431255,0.2068213667602889,0.9658221156975185,0.23689236653812903,-0.07941588890292108,0.06901278211529059,20.445000000000164,8.0,0.1038469373549489,-0.2480264772923135,0.9413116806690344,5.031530797348223,3.017141271559798,1.0286781284731614,-0.537718182618077,0.09062971059997887,-0.1536592331491599,0.8240353461511761
307,20.4670000000001,0.0,0.1138352551234001,-0.1973991304205477,0.9529239833272128,-0.305558150984215,0.2187871763160808,-0.3901102150634702,-0.7720472710444247,0.1627668086758129,0.0074331296653358,0.6143246095100913,20.467999999999847,1.0,0.2113669357401703,-0.0829688433630239,0.9535062608639822,-1.7374166817098595,0.2449835517504393,-2.4732270948585464,-0.26209982132990384,0.24429496509683932,-0.15321694657754648,0.9209496299845176,20.46900000000005,2.0,0.3180401789031233,-0.1505997952095235,0.914338638736283,-1.8451245182519749,0.8927715962387438,-3.4786763441712627,0.14967114452846222,-0.24964980475676604,0.19261726745765476,-0.9371083778078153,20.46900000000005,3.0,-0.2503272460723525,0.0758557953810637,0.9435677867439828,1.409964305511693,0.7487181844919296,-1.1189556150792623,0.9479310060823475,0.07906662669183573,0.2836585420721632,0.12129759997946025,20.46900000000005,4.0,-0.27708514703511,0.2350054690250311,0.9089363293547336,1.9478286632035675,0.5962762893530849,-1.7315863484985392,-0.8217905794367969,-0.3123204086772186,-0.1841307183286536,0.43955896582870746,20.47400000000016,5.0,0.1159830716010937,-0.1635884346960008,0.9590108190920932,-1.7289587467093168,0.2238842950582296,0.8466427656868641,0.3500350689306764,-0.13764195032235504,0.3199745811319013,-0.8695667952835016,20.47400000000016,6.0,0.1570136804089062,-0.1956100538014172,0.9474293699354356,-0.9981441346571712,-0.1357003235134792,0.3645253508877532,-0.7057126123118402,0.050936556006624535,0.2082453228766649,-0.6752844301375353,20.47499999999991,7.0,-0.0633670058318251,0.3546549575923275,0.9114436261377298,-2.734983304933536,-2.012283527790588,0.4489576366738301,0.9777989240499831,0.0998652457682972,-0.1769116181043024,0.051366099657755,20.47499999999991,8.0,-0.0445598705814005,0.199630062972485,0.9584593136337975,5.851853377422876,2.3603574667040386,2.467056488163843,-0.6620332641610813,-0.2386750867371592,0.0619785157035306,0.7077462989704861
308,20.558,0.0,0.1078337274584637,-0.2000879117271295,0.9537912322951444,-0.0065360312234034,0.3047071089977737,0.0083399507339317,-0.7732144285386285,0.14890425202692845,-0.007358463848909956,0.6163706873609155,20.558,1.0,0.2020862448244411,-0.1593764867433049,0.9451551645767572,-1.5475588714348545,0.4597581586624457,-1.6526616324316676,-0.16528537161753945,0.23959840540011068,-0.19912179723747325,0.9357477544316601,20.558,2.0,0.3054796125695331,-0.2116605079876392,0.9054043492621304,-1.7246446267363018,0.3584598889188129,-1.167283306292754,0.06979620552330136,-0.24504940785824197,0.2509618763602869,-0.933861560412783,20.559999999999945,3.0,-0.2403662032617096,0.1445891605461799,0.9383235385420644,0.6021792902631024,-0.463369299108441,1.1511834010016402,0.947619870382385,0.12449640976145016,0.24301343566869754,0.16571570624861268,20.559999999999945,4.0,-0.3313490694907407,0.3235240371266818,0.8627855999892867,1.86539882645277,-0.0332704224787041,-1.2311198198265416,-0.7691588794365103,-0.3637474356062159,-0.15409851963789703,0.502330635656718,20.596000000000004,5.0,0.0835169365412903,-0.2700920840615419,0.93861663496768,-1.966969894775121,0.4102930915564104,0.669557927328505,0.36098856915046446,-0.1402249112522001,0.3987834355200822,-0.8312616909023376,20.59699999999976,6.0,0.1462125478684218,-0.2738081941813759,0.929363203298344,-1.0993654164284057,-0.156858336036079,1.9116562802014685,-0.6382313718430161,0.10086550701731387,0.2357593895296419,-0.7258817918491498,20.59699999999976,7.0,0.1841425476381136,0.3047906727006554,0.9122012760263092,0.957680466921952,-0.4383860586506127,3.743744894905644,0.9431911285253757,0.11777180879659625,-0.20574823386971894,0.23278307580942773,20.59699999999976,8.0,-0.1259801530550802,0.3955781853022815,0.887325137899954,0.9720744688442396,1.6931912392072386,0.3224323974557881,-0.6684496892232116,-0.3252571808526137,0.04941225035161967,0.66703913588064
309,20.61400000000004,0.0,0.0876856159752456,-0.1929423047759449,0.9564358315008844,0.1958672597983337,0.3495531513567035,0.1839826894869431,-0.7808504761975836,0.12608197966599208,-0.018030568900347616,0.6115968989544021,20.61499999999978,1.0,0.1850033985957456,-0.216614188195179,0.9376038801010622,-0.937332770643608,0.5109909762910128,-1.0128957418548112,-0.10273883716139175,0.21987218563342392,-0.22429499543392178,0.943818154279098,20.61499999999978,2.0,0.2959895946363852,-0.2814898191732876,0.8913044606467413,-1.1993074494541751,0.4047663528231552,-0.6857845716680601,0.01760566997370546,-0.2292311931792579,0.2887350372768403,-0.929395060621226,20.61499999999978,3.0,-0.2178281649780613,0.1690014558394531,0.9393611650831832,0.0698017303891106,-0.214238379886702,-0.1037407373355727,0.9540047950188543,0.12262483965550611,0.2224882830441968,0.15917588915580352,20.61499999999978,4.0,-0.2913526609750043,0.3659546631832299,0.8605654021846526,0.2522148396894873,-0.9118385309288644,0.4337394745774789,-0.7885275463794119,-0.3425149857646582,-0.09209599477518117,0.5024202631999134,20.654,5.0,0.040311330491087,-0.3936044810115492,0.8965575883130248,-1.089787060956313,0.1200715672375535,1.0495415977618574,0.3972012775296502,-0.13150648673067816,0.43340446644424324,-0.7981840373890902,20.654,6.0,0.0569624617489564,-0.3794823528208494,0.9011073309262616,-1.481907998830515,0.6304416916019953,3.7907831167524337,-0.5052231587265575,0.20858150440524234,0.23032796958530344,-0.8051039326280285,20.654999999999745,7.0,0.177814415668232,0.3304279904264038,0.905152681442934,0.1510632339481278,0.6196246765315888,-1.7721690625832025,0.9677027267746746,0.14275205731140597,-0.14538349829459207,0.14844837873768424,20.654999999999745,8.0,-0.1190566945689286,0.2596188905742079,0.9376852004459376,-3.930469851787546,-0.682301809488349,-0.2941931017663902,-0.7257179116148161,-0.14203902644202532,-0.05846786813509501,0.6706265250678418
310,20.659000000000106,0.0,0.0635999868233857,-0.1644077159212161,0.9635533947953449,0.6422616190793432,0.3698742843883267,-0.022725359627881,-0.7842061471569463,0.08563112466476201,-0.013604991273271777,0.6144126735854004,20.65999999999985,1.0,0.1898237163398012,-0.2338042953593073,0.9327805251968356,-0.2657337310993609,0.1743346130196091,-1.276631298966496,-0.03816669411740246,0.21721360154580058,-0.21208773076526777,0.9520400985370785,20.65999999999985,2.0,0.2757430798393495,-0.3057068791972616,0.8894037654137635,0.1286086088460214,0.234587884062133,0.4665662503841411,0.03687510989518972,-0.203311506276599,0.27576282125064144,-0.9387542405239216,20.65999999999985,3.0,-0.2242380006110746,0.1361307559636641,0.9440973129729316,-0.6045416639035585,0.06105784406581,-0.6085187781461808,0.9641505077955131,0.07899126218050613,0.2132318105497806,0.1367712461976089,20.65999999999985,4.0,-0.2620356633464716,0.355902526618291,0.8750038300952122,-0.615717758624456,-0.5751246166510456,-0.3678817970307419,-0.7967392870554407,-0.29087909637786774,-0.08287030769561046,0.5231905693485099,20.72899999999981,5.0,0.0334297286899345,-0.3998181031416383,0.8937230765958433,0.2243785549787393,0.3291908470927818,-0.8126947557730778,0.3623038300235439,-0.130658964990755,0.402797147959744,-0.8303123672530187,20.73000000000001,6.0,-0.0076156146768485,-0.4768233787980588,0.8565158888454414,-1.6963183418678136,0.3410920796022037,-0.7940127063509975,-0.5255909030339594,0.25084063060585965,0.29777546106629704,-0.7564145394371766,20.73000000000001,7.0,0.1039163097692644,0.3026915624631703,0.9255183512916116,-1.2971257018046556,0.4340534662398114,-1.1770539555886472,0.9860900692055408,0.08559106897955077,-0.11680891141895443,0.081585676060619,20.73000000000001,8.0,-0.0674041294974465,0.1106427275143425,0.9714359835701364,-2.679654541195009,-0.5254263476049273,-2.703013564307401,-0.6573023113598535,-0.02096287905252677,-0.1277206743204214,0.7424295646955071
311,20.733999999999924,0.0,0.0425197637078704,-0.1322931239515714,0.9702822264935912,0.2913137761386756,0.4442687482617666,-0.4798985085940446,-0.770461759700759,0.05919484966034172,-0.021407533187889766,0.634370841176759,20.733999999999924,1.0,0.1828985495029786,-0.21087299419934,0.939503433153446,0.734491907366151,0.3804537540395811,0.0568758027027043,-0.04526174020842862,0.18562661776026618,-0.1685028492214267,0.9670061651594832,20.735000000000127,2.0,0.265585535975641,-0.2722909336900234,0.9033033657142802,0.5722843438519114,0.4588019533449821,-1.2449431037887009,-0.023091487001259403,-0.19510768805302012,0.22316694418750643,-0.9547755172356936,20.735000000000127,3.0,-0.2137154102899756,0.0657930535515731,0.9536828600268265,-0.559805485296048,-0.8931895356167595,-1.6611907264410024,0.9853498549043526,0.033400895621196476,0.15720610301506618,0.057063865856510305,20.735000000000127,4.0,-0.237048687494114,0.2446712206030278,0.9176916222598648,-2.5721740650013603,-0.376952537320299,0.0167665731469151,-0.8368445815957531,-0.1608497625281391,-0.12864775467144066,0.5072161820826174,20.759999999999764,5.0,0.0617662364127236,-0.100295947843945,0.9727073839986474,6.239783995366287,-0.3525608691163214,-0.2375988097334778,0.41837175591384085,-0.016179017049070665,0.10883951711561857,-0.9015859763632831,20.759999999999764,6.0,0.1029625618218164,-0.5893345250585289,0.7762992518591829,-1.0176618348319646,-0.2449827887121441,-0.602255612853458,-0.5362770936450625,0.24949330432327346,0.3496108157130856,-0.7265894628095636,20.759999999999764,7.0,0.064905001661414,0.2538842242370312,0.9439020825503526,-0.7262614598817294,0.5697760351437757,0.2081298145749395,0.9913314381496529,0.05072679406592637,-0.0828397666756232,0.0884666330152928,20.759999999999764,8.0,-0.0441804701718245,-0.099096013181573,0.9743208230490172,-2.779816801259887,-0.3487722669864419,1.1444585811155377,-0.704726027123278,0.08620859634758928,-0.21550269888682339,0.670438581365448
312,20.82400000000007,0.0,0.0173440160269024,-0.1326847711708051,0.9701138781645222,-0.123692783097532,0.2728661273134667,0.3192480573296193,-0.7799187939868371,0.05491757793428455,-0.03834222934335227,0.6222865962472042,20.82400000000007,1.0,0.1506087137576208,-0.1528896957606968,0.9564239417070638,1.226238456359827,0.2244329539997601,1.815539464927968,-0.14381948907709705,0.14065652296618203,-0.11623992263976268,0.9726355830902798,20.82400000000007,2.0,0.2509129360640495,-0.2051759555709948,0.9252645706884316,1.06383941480912,0.3472811115083943,-0.0776931492373978,-0.021132092270313565,-0.17422276237845796,0.16071672685436428,-0.9712723600796627,20.82400000000007,3.0,-0.1663196257284674,0.0404434355022779,0.963931590219096,-0.1009040422140072,-0.8316765155805104,-0.0571106047711937,0.992249082990405,0.028516870024660444,0.10848137720660736,0.053482111290177,20.82400000000007,4.0,-0.2667955981959137,0.0731261864268762,0.9399721642910212,-0.710410715299241,0.7062582913840785,-3.334883027411524,-0.751175797505883,-0.12457481459522265,-0.19074234064813436,0.6195428930219745,20.83399999999984,5.0,0.0851125115094798,0.22400884432221,0.9505634634520604,3.02640814697336,0.0926265386931488,-0.357370620494824,0.4091696987346284,0.049941059132572886,-0.04743837260963726,-0.9098547406340638,20.83399999999984,6.0,0.0251694309610975,-0.5899395551970333,0.7820318541843555,-0.1719303250064731,-1.4701240271942662,-0.3282158781030304,-0.5241860792890765,0.1883229509017273,0.3894083236377137,-0.73356974987037,20.83500000000004,7.0,0.0382079393800403,0.1411565523531107,0.9685747163209012,-3.1585673794590807,0.4794500897885587,-0.9611192551457388,0.991973209995561,-0.10250425921099886,-0.06986689911810554,0.024508037504609982,20.83500000000004,8.0,-0.0512808138707898,-0.0741605287663387,0.9759961547577156,0.1026606286103747,-0.1606228930660249,0.439589807049235,-0.7249149743475987,0.0754113556941944,-0.1914013654111245,0.6574016464215322
313,20.869000000000145,0.0,0.0174744914963578,-0.1335878673425239,0.9705230156188052,0.0830591372414587,-0.2276043708450232,0.9027447309016302,-0.8084142864193314,0.057304473968869056,-0.02885179132130213,0.5851069243427446,20.869000000000145,1.0,0.1214214028193441,-0.0533930273554685,0.9713408400593484,1.956959922549728,-0.1889950092548072,2.3001183411542976,-0.273865876325638,0.10262118839039162,-0.021622964215491477,0.9560328555527103,20.869000000000145,2.0,0.2297235854332925,-0.1126765405554471,0.9457552915549188,2.127841544334531,-0.1563864847235695,1.9201772890100608,0.09220383183020006,-0.1519285134911906,0.06286521415708539,-0.9820713543491477,20.86999999999989,3.0,-0.1530823904040898,0.0144240998826224,0.9676423549487416,-1.2984803275091843,0.491100924093694,2.69006948309682,0.972821301194874,-0.024333721434898602,0.12797239571491065,0.19144098797704556,20.86999999999989,4.0,-0.2715060237043468,-0.0750610015586931,0.9381366239185316,-2.160830013724061,-1.1853261558331338,2.404453345151857,-0.8464810053070067,-0.012210687467388884,-0.19781346429377544,0.49415649354238833,20.909000000000106,5.0,0.0855802343405074,0.3990050253169578,0.89108978967444,2.0085422238532,-0.6394446455923242,-1.260794973321862,0.34821003358538416,0.05778168180568893,-0.16290667266981548,-0.9213427515088081,20.909000000000106,6.0,0.107704769666627,-0.4974109821829199,0.8372711612105614,2.668112142497178,0.0412765728023052,-0.8479468209830634,-0.588304016528817,0.08685134545600488,0.2814965737212586,-0.7530703200310945,20.909000000000106,7.0,0.0006857590416149,-0.0304168344119315,0.9787560196079992,-2.223490997804092,0.5318810313576903,-2.026277576536572,0.9751779627951361,-0.19497562778305488,-0.05886371690180485,-0.08687639657487929,20.909000000000106,8.0,-0.0300105100850919,-0.1007992047260594,0.9731756725334982,-0.5776610967973765,-0.300286576228797,-0.634289523048854,-0.7069713723872924,0.1073959149200506,-0.18236148385715223,0.6748347096057902
314,20.93100000000004,0.0,0.0278187825846309,-0.134495638238304,0.9701087767000052,-0.1333344039982845,-0.1825162995060469,0.3593025787997911,-0.8186951088124391,0.0682614622676486,-0.026497744975043112,0.5695406579752743,20.93199999999979,1.0,0.1710217340487379,0.0261094629722523,0.9650035556547258,1.9235853056981624,-1.1906850364607455,3.1671737790291004,-0.44258128336534674,0.11270328919468112,0.08569891919690648,0.8854803619888274,20.93199999999979,2.0,0.2472097431880006,0.0080539878098574,0.9469273869485884,2.5650685749187843,-0.3911980900636225,2.1727774931583586,0.2222283732432274,-0.1349727954368737,-0.06134861483832468,-0.9636561845778003,20.93199999999979,3.0,-0.1462480417744712,-0.0463594940529145,0.968446336968802,-1.5131682731822012,-0.4241149171886403,3.247262171961845,0.9294626613591614,-0.07105519667860369,0.097989963361635,0.3484943145081352,20.93199999999979,4.0,-0.225394902115138,-0.1173727320617364,0.9462287143544478,-1.4181502278307634,-1.1283718837563566,3.760462436124812,-0.9376476192309438,0.045565237797013144,-0.17767566209540486,0.29524923429876043,20.98700000000008,5.0,0.1000905981157355,0.4130702244703835,0.8832399797477587,-0.3041838314421785,-0.2050377199522579,0.1037034473746441,0.3527236334563198,0.039318654093883514,-0.1585030481116634,-0.9213668463651864,20.98700000000008,6.0,0.1670191577050842,-0.2270856591337224,0.9385876114541928,5.413000671675513,0.1038664613377571,-3.653556572165901,-0.7587965018340492,-0.1763385490865572,0.02781231322280785,-0.6263857119568214,20.98700000000008,7.0,-0.0132987303066113,-0.1251218749863275,0.9720188579303066,-1.163343895900224,-0.0422335077726883,-0.4913091447731009,0.963382142968605,-0.2368465508913416,-0.054693581815433025,-0.11316876798963624,20.98700000000008,8.0,-0.0086425844667988,-0.1419348858585957,0.9686737293382336,-0.6552286474952403,-0.2195291040652727,-0.2309539958633565,-0.6995925498077679,0.1342893444925002,-0.1826988132407959,0.6776118209193559
315,21.00500000000011,0.0,0.0313461977640988,-0.1483229006417273,0.9677927118091756,-0.2460485836800713,0.0231526948707357,-0.1050519668695793,-0.8147935737374099,0.07808593123725378,-0.03440464688424751,0.5734373024244248,21.00500000000011,1.0,0.2436777039680728,0.1377972557647301,0.9385281524240804,2.1479597777450503,-0.8325694909155563,1.065381827685591,-0.49983667746218463,0.09774196715185467,0.20045025292510957,0.8369166624121599,21.00500000000011,2.0,0.3055602635760112,0.1101652656638404,0.9236571547736604,2.3613974887269324,-1.2692992049503349,2.4313856479083538,0.3559583300246295,-0.1647807933837391,-0.18332660157509054,-0.9014057435876645,21.00500000000011,3.0,-0.1421454503168099,-0.1181674716608275,0.9612502897765592,-1.4953480304632705,-0.3252945156664403,2.111647850316488,0.884089462573463,-0.12181006034123726,0.0650930027805631,0.4464426417304235,21.00599999999985,4.0,-0.2140416462422849,-0.1637322481759571,0.9426372179057748,-1.589645911537965,-0.3323909264165459,2.247444688549964,-0.9613841389375192,0.10672279801501958,-0.19037211172283666,0.16765810705539338,21.059999999999945,5.0,0.1110450956187928,0.3753070562261452,0.8985024208569936,-0.9948443793897606,-0.8390435586037217,-0.5497627624243051,0.3235415773511828,-0.013393998341853224,-0.13114642709331778,-0.9369856259271986,21.059999999999945,6.0,0.0799159146062563,0.1192475501113489,0.9681567375095248,1.0024915130838503,3.935092035807579,-0.650758239686445,-0.7734711293344243,-0.08228687274727467,-0.16197104004366442,-0.607236909983886,21.059999999999945,7.0,0.008847779793108,-0.2139722810780847,0.9562664794517132,-1.2612158104022722,-0.2180923402546959,-0.8751968981752223,0.9444271332025196,-0.28265792377045806,-0.0641044045888419,-0.15508872787199596,21.059999999999945,8.0,0.0151628892441312,-0.1925502639932247,0.9604043328858476,-0.8626243575181118,-0.3946128241110292,-0.2354430573827215,-0.6911938800489297,0.1740746906566985,-0.184592575662692,0.6766643209641644
316,21.096000000000004,0.0,0.0339137553533114,-0.164389733627904,0.9657276389725948,-0.2558657933909165,-0.0233281576944111,-0.2736263863570581,-0.8059477298110479,0.08960581744414928,-0.03955733407345208,0.5838272617937479,21.096000000000004,1.0,0.2779430715348397,0.2450156456894487,0.907237555634224,1.0029041686709768,-0.6302606938105692,-0.6749484368178202,-0.4705284177982566,0.09010951518579706,0.2589381364089775,0.8387099169738579,21.096000000000004,2.0,0.4222394806173372,0.180663792968659,0.8659863826401537,1.7591728492487464,-1.6014799231890524,2.474700464123692,0.47145962463279184,-0.2210517271934869,-0.27381058878829967,-0.8086344771980033,21.096000000000004,3.0,-0.1581620083862131,-0.177572295734964,0.9508321928135658,-1.1894240503025917,0.4036333128295346,1.744169248561532,0.8345574077150762,-0.1739851746809332,0.06724518453933924,0.5183832340801614,21.09699999999976,4.0,-0.2034899132164198,-0.2362804124515842,0.929020140745551,-1.1625982113527793,-0.2131419269591554,-0.0068237689337211,-0.9568083297462432,0.1635280302831035,-0.18305155434562728,0.1557836059782364,21.12100000000009,5.0,0.1006442534890962,0.3136787866422993,0.9233776871087136,-0.5529412947970743,-0.4013399400965319,-2.452316388939604,0.20664479998309576,-0.020773649461092725,-0.11666082156321823,-0.9712140005375792,21.12100000000009,6.0,-0.0713329650397483,0.3245682036743121,0.9205520567910694,1.7456636296120238,1.084953186905596,-0.0181330980630418,-0.7570307919824302,-0.11785728171599023,-0.25313040307834667,-0.5907106230417444,21.12100000000009,7.0,0.0302135233565068,-0.2834450568678433,0.93721291217288,-0.7983219889989405,-0.0664005941542569,-1.0219137825098656,0.928121268586671,-0.30368663386607575,-0.06961880135494247,-0.20376104069733572,21.12100000000009,8.0,0.0784728094531657,-0.2736728062730527,0.9379324140273432,-1.359631395923369,-0.645608684121214,-1.9538090229086085,-0.6214089614393503,0.25290207059719333,-0.17519579636259808,0.7205538690947371
317,21.13999999999988,0.0,0.0382704453882779,-0.1612794484453913,0.9663153276849816,0.1862201198207175,-0.1281658301326882,-0.0010189434620053,-0.8070811200025747,0.08470461238123177,-0.028246908068068205,0.5836499863456943,21.13999999999988,1.0,0.2933031194217929,0.2926448466167697,0.8882236620841016,0.5360752920288048,-0.1795966795311635,-0.3962115644674986,-0.45462127656917944,0.07726845267353714,0.2821569280861889,0.8412707941233978,21.13999999999988,2.0,0.4767657734532097,0.2170400894191442,0.8265827223263817,0.9166039744294472,-0.3182408903409968,0.1319844337728379,0.4835916042921662,-0.20788191386860932,-0.31256313004195263,-0.7907139557911131,21.13999999999988,3.0,-0.2019822829925124,-0.2308992107184916,0.9310326051469464,-0.8258298162248767,0.4031535551441554,0.7914497177360393,0.8058362434241494,-0.21316953768720023,0.06652110091245894,0.5484173958944725,21.14100000000008,4.0,-0.2001175244436366,-0.2954400684131314,0.9131216470912268,-0.7107453576367833,0.29430820563449,-0.9840631989865684,-0.9409341829458635,0.20063740435894364,-0.18689500709700235,0.19863975346923232,21.201000000000025,5.0,0.0784798299690645,0.325111737996279,0.9207270356110248,0.5037868382658487,-0.2640115414340038,-2.2192256418804206,0.09806408093147272,-0.017402725729800096,-0.15099515623354215,-0.9835044707383119,21.20199999999977,6.0,0.0194275545666757,0.2991594655142079,0.9333162295368126,-1.7628910314299804,-2.028879157705892,0.4023023120148071,-0.7810271880516573,-0.11425957389783778,-0.10300460006431764,-0.605253115367774,21.20199999999977,7.0,0.0663095550950917,-0.3115206818118298,0.92654352715163,-0.1851601422302419,-0.3255323967205158,-0.9211563504324344,0.918874993411579,-0.29882287153209564,-0.08979078498898806,-0.241477230527528,21.20199999999977,8.0,0.1812296893437793,-0.3178934967288043,0.9094446241733968,-0.8154181695432234,-0.8889441904003468,-1.660551424589359,-0.5611427218022498,0.3163477415274638,-0.1428466523510979,0.7514238391952444
318,21.20299999999997,0.0,0.0540803283867345,-0.1487980099011249,0.9668264944296094,0.3112229145388964,-0.38348816834837,0.3843696207984116,-0.820075300849902,0.08189126290188695,-0.004409034768930928,0.5663487286192872,21.20299999999997,1.0,0.2739743503184545,0.3030035170933846,0.8902476756479736,-0.3149384466291796,0.1904811666771337,-0.5698398766138774,-0.43327267829357957,0.06535318499240057,0.2594991273921367,0.8606183534752074,21.20299999999997,2.0,0.4454516098786639,0.2744608867999422,0.8283924703143407,0.1105239951315999,0.2194870719969882,-0.2842772244643861,0.4780470436017927,-0.18440556853544623,-0.30796692806383363,-0.8016370635241549,21.20299999999997,3.0,-0.2200135382025793,-0.2456527589135773,0.9228958581799628,-0.1312603172572989,-0.1616321416269661,0.8805364916217234,0.7819451476163094,-0.2065490094448749,0.061564591581508,0.584900926550857,21.203999999999724,4.0,-0.2044980248329237,-0.3126526690109774,0.9056692919602304,0.0447050408568994,-0.0209150479350946,0.6146684516997944,-0.9495415917639531,0.1866093755632966,-0.18621597003489324,0.1699156230786869,21.315999999999804,5.0,0.0649732530528099,0.3160865562015357,0.9253225196526824,-0.5674960395265427,-0.2469244037753714,0.9147149221032844,0.14083700492812265,-0.04042211000801398,-0.12467544121135606,-0.9813190232662005,21.317000000000007,6.0,0.0825355936868948,0.1354198161865574,0.967385315765518,-2.935115797605337,-0.951205983190951,1.2812288092266533,-0.7618202434252026,-0.03416539283424095,0.033297627965630155,-0.6460293419125089,21.317000000000007,7.0,0.0743722915311076,-0.2860309151313194,0.9337034207078562,1.2643681869749548,0.2786564081346642,0.3533760762772623,0.9462357750736009,-0.22219923110896533,-0.07901791781904015,-0.22140805841023484,21.31799999999976,8.0,0.2666509729197527,-0.3625414662196812,0.8705503683947491,-0.8807896587377169,-1.707791181677439,1.7339956660569886,-0.625678598238838,0.38587456505484263,-0.14893118183473208,0.6613974711373855
319,21.315999999999804,0.0,0.0787804889633451,-0.1086429725473031,0.9693711049308112,0.8564109284881277,-0.5559150864809675,0.2138349549583017,-0.8293997171167488,0.060690484814084615,0.04282821393915924,0.5536953299337732,21.315999999999804,1.0,0.2762192240347715,0.2671504154776609,0.9000208863041689,-0.6290707917233994,0.0324188140785469,0.7403835998461163,-0.4651367543509764,0.08844509011359215,0.22154789329100774,0.8524915229871523,21.315999999999804,2.0,0.415778542603176,0.2208775008492717,0.8591224203391266,-1.7687129465846536,0.3088190006283264,0.3120262300547193,0.48195937200803274,-0.21432106036377416,-0.21732678964066457,-0.8213103635792334,21.317000000000007,3.0,-0.2080335018842266,-0.2264120518119578,0.9299153966292228,0.1263591654909049,-0.6744896399486109,1.3160483250142667,0.7476956910525561,-0.17317350432348,0.04722172838481657,0.6393216712658165,21.317000000000007,4.0,-0.2118257983955793,-0.2705419451343211,0.9172447258267626,0.5166539992330214,-0.5125636798345858,1.7419980319518618,-0.9725668401430825,0.14213643735732565,-0.16320900440559133,0.0852865494108086,21.34799999999996,5.0,0.1209150022603575,0.3198341324189773,0.9188823047421132,0.5214000334927208,-0.0516637288217716,1.0238067585446649,0.1918227858394033,-0.044024190669415555,-0.15361830594383202,-0.9683322289109562,21.34799999999996,6.0,0.1531629518283432,-0.0304043533681525,0.967733271869627,-0.4969480078535753,-0.600612008801019,-1.9850768234685872,-0.8242579724182277,-0.03664486956520633,0.07422569011950837,-0.560130784161899,21.34799999999996,7.0,0.0046646114658301,-0.0460427038284236,0.9787866523528204,4.154895048114295,0.911702113465768,0.6530227443900729,0.9834165366073883,0.014344972084992942,-0.06933626626994001,-0.1669689177145076,21.34799999999996,8.0,0.2427662843912947,-0.5307433115380595,0.7867490504731858,-1.8551798474301768,-1.1724342972060304,0.8733335644456599,-0.6294815566118593,0.4665181027675831,-0.19032421645340597,0.5915154455354844
320,21.36400000000004,0.0,0.1253947897148462,-0.0814293671155652,0.9681355302247344,0.182450349917119,-0.710739027512476,-0.1979424998359442,-0.8228002169210797,0.07336586747435096,0.07658384747698643,0.5583477114039078,21.36400000000004,1.0,0.2750578861380992,0.1834003143475067,0.9218055564870914,-1.1339133332934863,0.4197794544138574,1.326728982829239,-0.5235620540701548,0.11450649475464607,0.14782785083487476,0.8312147524643596,21.36400000000004,2.0,0.3936702450497261,0.0838810021569036,0.893461647548255,-2.247165026301425,0.7295916067110827,-0.2445611859977003,0.45924520540238584,-0.2280267989687174,-0.10436943000729883,-0.8521764150379616,21.36400000000004,3.0,-0.1670442334315985,-0.1967074631884808,0.9453594014993464,0.6443907285332241,-0.5055363843930029,-1.2912912255330151,0.7964187835052745,-0.13031578824266213,0.03432901813827482,0.5895391718353702,21.36499999999978,4.0,-0.2048123541665049,-0.2085622070522084,0.9354195344177316,1.2507451365710378,-0.3044203197050006,0.2206966324161088,-0.9840786256419073,0.0753440309976298,-0.13850787943798568,0.08202501375407156,21.41899999999987,5.0,0.1599220225364381,0.2385096360807213,0.9364828349758988,-3.3473598721948625,0.0503245899653269,0.96464269228165,0.2350145801022053,-0.09035787395497624,0.015189145719797811,-0.967663625236592,21.41899999999987,6.0,0.1864261742946397,-0.0691478446410959,0.9593966109588652,-0.4498760690908872,-0.2159634956293171,-0.1617038583314756,-0.8284516524981326,-0.02343772218843525,0.098046125703643,-0.5509133233878416,21.41899999999987,7.0,-0.0437938985429871,0.220466061459789,0.9539904665114924,3.464637488691247,0.3593424327290634,-1.105595810213429,0.9574345157993165,0.19648468948962072,-0.06146561561816868,-0.2023237327872715,21.41899999999987,8.0,0.2906822590469601,-0.564340442045809,0.7467453982093877,-0.7394600068701461,0.5564965040155696,-0.852097618366265,-0.5870219160559097,0.46799507421964925,-0.19998032820391942,0.629598085215994
321,21.416000000000167,0.0,0.1515629976785069,-0.0769437429136682,0.96480325360207,-0.1824112484944836,-0.134373118050812,-0.8006748030419669,-0.7993882432164292,0.08155003150924148,0.07674589222565414,0.5902864533382762,21.41699999999992,1.0,0.2600128391688576,0.1343303055540949,0.9334150697717992,-0.972684450840704,-0.0964975544653826,-0.5429456941430146,-0.49515690257232636,0.13496330306606386,0.11191405195970437,0.8509287829392294,21.41699999999992,2.0,0.3570635736973174,0.0391621697001601,0.9114109549500028,-0.4306219890692047,1.0055646205618287,-0.3573656931628457,0.44492175271750034,-0.18585770005235144,-0.06715165536454419,-0.8734942498218515,21.41699999999992,3.0,-0.1212568954770452,-0.1640398853302032,0.9574568822250548,1.140426673785936,-0.1913332583659353,-3.297813110524859,0.895833372937543,-0.07583520267037931,0.04263177934841722,0.43579137366046566,21.41699999999992,4.0,-0.1856018539689156,-0.1204299147976855,0.9547238278293484,1.6869109074491813,-0.0260027585592785,-1.443677755732359,-0.9786019446840853,0.0001782575055985354,-0.12559543638111,0.1629846264069913,21.50300000000016,5.0,0.1718778197835858,0.0623759241589715,0.962996500072433,-2.039883577061365,-0.0914502502728988,1.1397802229881986,0.28178356800391957,-0.12160013528479664,0.11332783592378522,-0.9449699622244779,21.503999999999905,6.0,0.1943945612799078,-0.071117746507864,0.958122132442642,-0.1959624129243685,0.0078088571337988,0.1446275655868067,-0.824671755829838,-0.014573653966286002,0.1037425707777538,-0.5558251368506335,21.503999999999905,7.0,-0.0774651690857169,0.3724228805228892,0.9027520953404402,1.2966551961891517,0.3043384828433907,0.2465757609937323,0.946301921616115,0.2599599886399102,-0.05732895640643213,-0.18343082676948103,21.503999999999905,8.0,0.2678712658666152,-0.5086283660421551,0.793796680630692,2.00886457215824,0.8196937822277512,-0.0182222592551105,-0.6321125155854209,0.36185748488452374,-0.15407611221603654,0.6676477214202929
322,21.46900000000005,0.0,0.1542795995526813,-0.0849712222250641,0.9633268897707792,-0.2590422232317262,0.0645154690948634,-0.8572368496655631,-0.7735042066081151,0.08633822783087923,0.06650069937222422,0.6243513512098604,21.46900000000005,1.0,0.2636204232912854,0.0656875137102894,0.942198717344852,-1.7460454249448,0.035573549765269,-2.315246786183092,-0.38794477515008524,0.1518029763319833,0.053734945842361534,0.9075060679719005,21.46900000000005,2.0,0.3464868051607196,-0.0341398281691314,0.9163047342353414,-1.8055647707567983,0.3027680014564955,-2.13930518605379,0.3384871769104263,-0.1956289428149446,-0.004034703757233184,-0.9204017975677298,21.4699999999998,3.0,-0.0955327954932061,-0.0872206546811196,0.9718122464664924,1.868196469987975,0.4106429374807619,-3.790840308068871,0.9668429594595198,0.0006030785625211376,0.09981216088550196,0.23505714322090146,21.4699999999998,4.0,-0.1928568807301729,-0.0274982883789887,0.9601161740598132,2.1465892386522016,0.318987794707752,-3.0227013417076427,-0.9362250755717698,-0.08443073972894222,-0.13150739118972204,0.31473777040884565,21.55499999999984,5.0,0.1720081119260436,-0.1162909910991956,0.9567421882726842,-1.7274052967532507,-0.0582877362018627,0.818840639137401,0.31066181320556224,-0.1446414118622163,0.19239200383092403,-0.919539785247087,21.55499999999984,6.0,0.1947551885048788,-0.1010149877315203,0.9548017536661892,-0.3854580393094682,-0.0456958104973093,0.5892010217770561,-0.8081209203699026,0.002945463418414551,0.1170053283516332,-0.5772708683478484,21.55499999999984,7.0,-0.0669154791366804,0.4435239198295473,0.8714096919308056,1.245524388006165,0.5366209198118717,1.3507618977920306,0.9406777454232523,0.3160399056816032,-0.059990265799366574,-0.10791350838292549,21.55499999999984,8.0,0.1502111076107152,-0.3131203132533761,0.915852767959168,5.0677978205494085,2.976125352520331,0.6239825821729718,-0.7278371895022192,0.053516215819746554,-0.08746119308875538,0.6780409869066444
323,21.56199999999989,0.0,0.1531753398813408,-0.0930145340209731,0.9630340657074892,-0.2795631214001823,0.0806047359753791,-0.5327776141688475,-0.7562415284210247,0.09258091836442937,0.053727940747711284,0.6454772130983727,21.56199999999989,1.0,0.2312859378583248,0.0063131496514244,0.9521065901938048,-1.570241435258487,0.4721075132267164,-2.7396857934417653,-0.2559466887379874,0.14027860825655988,-0.004387760046806712,0.9564486144856054,21.56199999999989,2.0,0.3279159223609326,-0.0778491156346135,0.9186754938807756,-2.2401432467931106,0.6764464340563213,-4.199543380814584,0.126872894345389,-0.18086653501059338,0.06625446166593091,-0.9730369527942108,21.56199999999989,3.0,-0.1263092641866216,0.0058046827485452,0.9715031010958344,1.900416896750096,0.5758057863093858,-2.978148825178905,0.9826429538095298,0.07136080441317583,0.15538109001120423,0.07195260793686999,21.56199999999989,4.0,-0.2230079603498773,0.0682924007758259,0.950893578491758,2.283464853480396,0.445241359922889,-2.0435790934983653,-0.8838299874587638,-0.1767573290412842,-0.12922390360478947,0.4134036558086693,21.622,5.0,0.1884045983347763,-0.1396563873928605,0.9670965829671236,-2.162909139176772,-0.1211621260187161,0.5668638780976444,0.3226425894583935,-0.1768458499170109,0.2805419967724747,-0.8865232613313795,21.622,6.0,0.198035883087119,-0.0368724748699653,0.9624812775357604,-1.0040866779182214,-0.2695421421997961,0.7167911189466976,-0.7860063516853564,0.03434286139377063,0.15299698295957279,-0.598002095470269,21.622,7.0,-0.3424906811791525,0.5102748310776863,0.8555470355708554,-5.581878971905457,-2.972309672580664,-7.081542875138445,0.878089344278988,0.03904272175743131,-0.12948567032494238,-0.4589860896824317,21.622,8.0,0.0790608316715909,-0.218764380330146,1.108052133608416,10.696152099705008,5.999569678739827,3.9830671922330265,-0.7827852053590636,-0.5663289672974875,0.1311638743354389,0.22206949619442826
324,21.60399999999981,0.0,0.1538278244939194,-0.1113248957110311,0.9615158698671572,-0.3596219337846494,0.0681192955557737,-0.268188697165203,-0.7463811962764345,0.10325798474448676,0.037929919360063666,0.6563643954761751,21.60399999999981,1.0,0.2219750327757291,-0.0621836078429552,0.9513985935137004,-1.6327667370591532,0.333427861107264,-2.001259351373543,-0.15007369549127034,0.13602741707439786,-0.07156768711463883,0.9766537226093609,21.60500000000001,2.0,0.3251770631055182,-0.1375309236476328,0.9138195241242654,-1.7715877612544373,0.1628111376164821,-1.7639174246014322,0.024455634746662427,-0.18226250674340705,0.13619279098106332,-0.9734648551691714,21.60500000000001,3.0,-0.1998464660395097,0.0790643179154847,0.9560335891819272,1.455861201476102,1.0400781438779128,-1.9317119164533547,0.9685686494866684,0.11890756150526086,0.21613998147393185,-0.03192603102317124,21.60500000000001,4.0,-0.2805349691480244,0.1758473655165762,0.9224054613487478,2.062663357311036,0.8110761073943126,-1.976720083643522,-0.8158407779447201,-0.2607029790687493,-0.14165331123013888,0.49635886328821655,21.68899999999985,5.0,0.1577927798845697,-0.2070177740050888,0.9445941349925254,-1.191938957451184,0.1120137992244163,0.944039168283907,0.353222725069765,-0.17319204941230038,0.3243468353745447,-0.8602542361983314,21.69000000000005,6.0,0.1973026572886866,-0.1579665704685622,0.946553867479936,-0.805385275654742,-0.1349337472413805,0.5243189810687625,-0.7684423919077102,0.06227106450311038,0.17835319979392894,-0.6113990030806995,21.69000000000005,7.0,-0.0499002043343766,0.3757309586349087,0.903230987251146,-2.6451812477198664,-1.8033417684960689,-0.2162403375992863,0.8605832047647057,-0.10060910959616855,-0.14224394815399696,-0.4785822959081731,21.69000000000005,8.0,-0.0348579559614641,0.1859269392805012,0.961790567720423,5.751882847454151,2.420603527146302,1.649326809567786,-0.6624612792686385,-0.7305857105740646,0.161420626699439,0.03650964599538602
325,21.71000000000004,0.0,0.1471274974429399,-0.1318543207752679,0.9598885026861558,-0.3185740091848419,0.1891095981012732,0.1832949649762363,-0.7513397631760949,0.10910523992429523,0.016791824822656433,0.6506171235916534,21.71000000000004,1.0,0.2146803478873063,-0.1386070681637659,0.9452959477782766,-1.4056034854347417,0.1953894265526334,-0.975105432439263,-0.09248491567897799,0.13550131427345705,-0.1332065769072129,0.9774159514099824,21.71000000000004,2.0,0.3244920818608672,-0.2138667306581589,0.8993497152538554,-1.3063614663297245,0.0521878195902225,0.1149559620160715,0.017458194991039146,-0.1793502094827899,0.19837956409449337,-0.9634180101782471,21.71000000000004,3.0,-0.2140121433795831,0.1510564243191943,0.9432872092623628,0.7518273491148451,-0.11910902708129,2.165118113683826,0.9662636227997949,0.173966308279607,0.17854400676602358,0.06474853268850343,21.71000000000004,4.0,-0.3439098008649272,0.269006526775806,0.8769301781904095,1.925896368425304,0.7945020658175371,-0.6720202360050795,-0.7696002850022556,-0.3448103805062076,-0.13024672888155664,0.5213990721465329,21.704999999999927,5.0,0.1322762792027423,-0.2922162106999644,0.9255380446877546,-1.4385648033983545,0.2584081850281224,0.9742893794872796,0.3799209118494029,-0.16823408335445159,0.3800756954783647,-0.826377552722751,21.70600000000013,6.0,0.1877979633941922,-0.2312415756101828,0.9336917364174936,-0.9967947354396912,-0.0408879726683775,1.2585664437458737,-0.7273016301690415,0.10580049779606815,0.20091056046336134,-0.6476677698587889,21.70600000000013,7.0,0.1898845665727996,0.3075312942454743,0.9114814065230096,1.1977884357055155,0.0826048829248242,5.5006183771853845,0.9684813768553685,-0.05572660743986061,-0.14781252475288154,-0.19258718917350676,21.70600000000013,8.0,-0.0933564550342632,0.4030938278210477,0.8868674863112365,2.5341385512203614,0.9197607895493852,-0.4898753905689811,-0.610236253427433,-0.7850205038914344,0.10636542187372025,0.006396913514652339
326,21.769999999999985,0.0,0.127762346041756,-0.1439221716858603,0.9614240435058466,-0.0433512309832285,0.215713452411934,0.4822943256751034,-0.7671253803437778,0.10310409686030098,0.0030507640643869702,0.6331499734515191,21.769999999999985,1.0,0.2144305526301978,-0.2002937287381495,0.9335191269207485,-1.086615955873005,0.1090461618939759,-0.6093099373464425,-0.0544551784030136,0.13604278485509347,-0.17876206147612547,0.972918865893129,21.769999999999985,2.0,0.3053198264838854,-0.2719116229337855,0.8908517681799621,-0.8849944961676113,0.3022406710131881,0.4743655640400309,0.028726902570121168,-0.1596403490864393,0.23973681013435694,-0.9571917184550282,21.769999999999985,3.0,-0.1917835857678333,0.1907929765404856,0.9413129640735084,0.0620886738926133,-0.109999189775883,0.5969725404792047,0.9670563706757341,0.17449304067083893,0.16092998013981322,0.09195485949704402,21.769999999999985,4.0,-0.3512408808582193,0.336648029806836,0.8507408228368483,1.1246832652147225,-0.3581179586856475,-0.4908994689315228,-0.7437751562759808,-0.36496193434257534,-0.08963105227121412,0.5527816728658079,21.7829999999999,5.0,0.0883549196128126,-0.3986886919465498,0.8909038865636194,-1.3321726468252113,0.2479937674868347,0.4484986641844884,0.3845143133604867,-0.17125374415076894,0.4245296932853011,-0.8016205071318626,21.7829999999999,6.0,0.1608605901245098,-0.3228836219821109,0.9108419386482532,-1.4922047649133374,0.2122742789394472,0.6386788872220093,-0.7019472255251875,0.1680750173096635,0.23380019943657585,-0.6514279299180112,21.7829999999999,7.0,0.1675110497019911,0.3507026261006329,0.8987667752391924,1.185053854782785,0.6485822230745908,-2.111036908386085,0.9496972243189293,0.04305349203436676,-0.12040173082326898,-0.28587585095514606,21.7829999999999,8.0,-0.1049270169416158,0.2779094034934234,0.9342487273556562,-3.401194851146634,-0.5216635600106854,0.6612866513061518,-0.7795445493112443,-0.6102869821654866,0.13781523090758496,0.0294458344823342
327,21.799999999999727,0.0,0.1095246653312953,-0.1367686484924192,0.9634768728275862,0.1783812867676415,0.2776645393639977,-0.3824852342701101,-0.7560574954176785,0.08618628744596885,-0.0005707009589257469,0.6488055654658359,21.799999999999727,1.0,0.2142938586680007,-0.22622517352364,0.928565190496272,-0.2081429745959097,0.0714454410122189,-0.5636308149298612,-0.024495279034507187,0.13621558486798102,-0.17848350900345297,0.9741606298541888,21.799999999999727,2.0,0.2726871447044371,-0.3064761332896808,0.8896674102364024,0.1426088814689615,0.3350324690447588,0.6372586796146756,0.05543964529720649,-0.13411236024261985,0.23025409108051464,-0.962249122680899,21.799999999999727,3.0,-0.2007459569278068,0.1560567933768727,0.9461164505588447,-0.778274072940818,0.1050011972746486,-0.2071481224670649,0.9755668055385126,0.12394550001495556,0.15851050991859883,0.08821189943976097,21.799999999999727,4.0,-0.304388062415765,0.3510741349334546,0.8624754252959923,-0.4384360882496264,-1.0157273060004308,0.8955283630824683,-0.7853423396007878,-0.31144424142334853,-0.040852048858370314,0.5334519699266931,21.840000000000146,5.0,0.0657472087116277,-0.4666719609387518,0.8591522481028665,-0.6204792038484344,0.3133693954073458,0.2404642382684536,0.3845622872322262,-0.16222417916089205,0.4376802230690393,-0.796386329157231,21.84099999999989,6.0,0.1005676655828806,-0.4035136800887535,0.8876135728009352,-0.9011432358188424,0.7357368523241301,1.6334495196945045,-0.651900710995542,0.2361877934335517,0.21497039973669113,-0.687770685965565,21.84099999999989,7.0,0.105641335954696,0.3345962079574153,0.9148826622896647,-1.0389011585368153,0.3059893064759335,0.1657542475741462,0.9546363542761459,0.007406190407097972,-0.08948526398367831,-0.28391366111508953,21.84099999999989,8.0,-0.0463663114023536,0.160772926683944,0.9650819816017802,-2.106532088404723,-0.6279934237227043,-2.8603756920871124,-0.8495708475805311,-0.49105044102218204,0.0777977647122666,0.1761997364328137
328,21.875,0.0,0.0894042998060354,-0.1024144859400213,0.9699547124715842,0.6284238347526561,0.5145139210053625,-0.6110909517839793,-0.7388658429907167,0.04464395858052077,0.002298973123485204,0.6723681266586449,21.875,1.0,0.2087502175777041,-0.1986016369264855,0.9363245892698652,0.592386100688052,0.4474483993887751,-0.7441932202805972,0.012287128432559195,0.11928980837134523,-0.13732918043484155,0.9832393728358849,21.875,2.0,0.2546167239298616,-0.2716653351521893,0.9069494305482932,0.5601784627098241,0.473437055064393,-1.0903397686559897,-3.6902236742332765e-07,-0.12515323699203848,0.18761182574555998,-0.9742373787279444,21.875,3.0,-0.2021553489305358,0.0944950155180745,0.9544327671140656,-1.0126898624809244,-0.1639695962583212,-1.9027382321214503,0.9881725481704535,0.05054369572363684,0.14477658703059776,0.0002995207516238276,21.87599999999975,4.0,-0.2343179819236195,0.260972644836886,0.913592010688624,-2.367903267316912,-1.0047831133495082,0.6742401557192623,-0.8430817327521365,-0.17206224232405737,-0.05340542286590573,0.5067106052517415,21.899,5.0,0.0799464698155077,-0.3717779316877799,0.8969544199534301,1.952424902664744,0.1125067109355477,-0.5979428939584617,0.37816642802137695,-0.1309569992100927,0.3345528895729257,-0.8531792198324138,21.9,6.0,0.1163590881979237,-0.4581506174667237,0.8561980345157352,-1.772742114825618,0.1018854818601053,-0.3444661743754018,-0.6471852374666272,0.2826134065847017,0.2776624828875331,-0.6512944621448781,21.9,7.0,0.1193420717739709,0.300920293964304,0.9237411415462304,-1.265054667182329,0.0739789610651278,0.2503770674342798,0.9573753071124068,-0.040961302064288566,-0.06911497264867555,-0.2774487585490259,21.9,8.0,-0.0544522330082705,0.0845563896170672,0.971399207996043,-2.497797676023408,-0.5457517226713917,-2.5663132791003584,-0.8896291497887965,-0.34019628267404484,0.02818312431699892,0.3033680546869708
329,21.934999999999945,0.0,0.0578447751942165,-0.0845195201959666,0.9730798696348486,-0.1274088841574974,0.6323280292294617,-0.9337404140537884,-0.7072262261832121,0.02847264382529991,-0.023955891109467817,0.7060074283131879,21.934999999999945,1.0,0.1568826124862832,-0.1109844764866728,0.960961649535744,1.7264005201377093,1.2031438201189768,-0.0734813748171437,0.014375113729186378,0.05834057107234611,-0.04387321504585982,0.9972285970998651,21.934999999999945,2.0,0.2536535716448346,-0.2020366513836957,0.9244685268247274,1.121495850864006,0.4362478567935315,-1.6601118236750605,-0.07947792256437498,-0.1257067422716084,0.11339506722207726,-0.9823556553010784,21.934999999999945,3.0,-0.1786710945897519,0.0122974705539492,0.9634357332879422,-0.405677816576071,-0.7430320625832005,-1.7673082008854757,0.9908582840767213,0.013102108184516122,0.1031080150464644,-0.08600542349663068,21.934999999999945,4.0,-0.220489773563773,0.0693987013732748,0.95209142418231,-2.7427615658950697,0.6653826175827579,-2.892061043193225,-0.7865878138376351,-0.06434711330062654,-0.15986849612502327,0.592942766275742,21.95899999999984,5.0,0.0941457309193878,-0.2768839024368081,0.9347565918039936,4.525329009177923,-0.0883559735362504,-1.436350026185377,0.3558655619398149,-0.07910067312608558,0.1161552525030324,-0.9239105707005504,21.95899999999984,6.0,0.1321505108129668,-0.5127875548446938,0.824782496230535,-2.6443409938323934,-0.5319658886039192,-2.322381868445308,-0.678559453234769,0.30781398218539924,0.411667503079117,-0.5247261073221947,21.95899999999984,7.0,0.1330428075932458,0.2672443799711926,0.932599620802796,-1.491208175827843,-0.1580313843456777,0.3349998872944135,0.9569592919745284,-0.10052508278495348,-0.05808208694022734,-0.2659888952782718,21.96000000000004,8.0,-0.0625381546141874,0.0083398525501905,0.9777164343903058,-2.8890632636420928,-0.4635100216200791,-2.2722508661136045,-0.8983592901916855,-0.17191929591597196,-0.018787960808369912,0.40378379604277176
330,22.00900000000001,0.0,0.0300411212736403,-0.0979072964301471,0.9743929866015876,-0.2162217605852574,0.3351121016151606,0.0437812688963946,-0.7079955995999685,0.026023251520327657,-0.043562729382645174,0.7043914465239658,22.00900000000001,1.0,0.0919008425594271,-0.0245932989744184,0.975825499145427,1.8623401981666208,0.9462811160947564,1.9205045144724329,-0.08553505991641319,-0.002418419564586447,0.04865668300427668,0.9951434228144839,22.00900000000001,2.0,0.234288530220304,-0.1086593545056413,0.945908573428546,1.4502176155765767,0.5742926097939894,0.3391907775876469,-0.05770207820704066,-0.0989759479607196,0.03765979694103869,-0.9927013506539745,22.009999999999764,3.0,-0.1626691013497824,-0.0094876712959367,0.9664924974149744,-0.6268795880990687,0.0570357771431162,2.422205672860907,0.9935427220397649,-0.006581714274895116,0.10660379976402334,0.03827754426409992,22.009999999999764,4.0,-0.2534270495035263,-0.1138653660934364,0.9393079415103148,-2.1750409265628035,-0.3143814286965613,-0.4642823359490765,-0.7812857123555874,0.03691704024945506,-0.20878488244726778,0.5870593161425199,22.04899999999997,5.0,0.085362475632303,0.0567994935292297,0.9749964437313334,4.415201281059046,0.2408561013191573,-0.7139751894488782,0.3463859368141055,0.007297788826649699,-0.10095006601856782,-0.9326160030937185,22.04899999999997,6.0,0.1663219263324701,-0.5603496536835939,0.7863226325356105,0.9799946875839216,0.2146079878987297,1.7586319742791974,-0.6588780829589526,0.3054393888684794,0.3366952070619609,-0.5993519742734551,22.04899999999997,7.0,0.0768689724350346,0.2113848430922741,0.953935327570814,-1.235124536904338,1.0021666468392358,-1.2481758109848078,0.9351113463766685,-0.12260502176731154,-0.0035345364581170343,-0.332448921741488,22.04899999999997,8.0,-0.0609954715163033,-0.0435069229564632,0.9769870521707872,0.540910707396014,0.1019383089415924,1.7930523744256173,-0.9295013359227484,-0.18241737900798222,0.0020784419672648133,0.32054148940920707
331,22.07099999999992,0.0,0.0235037651192523,-0.1036905304347285,0.9734890070891318,-0.0835092272089302,-0.1442028017018468,1.0704239688470776,-0.7457464280141525,0.03389638826505638,-0.041381337236731125,0.6640789748932103,22.07200000000012,1.0,0.1066789536745598,0.0496634536399822,0.973079206547674,1.4632519415118976,-0.6941580099193279,2.9854661372493783,-0.23562666391019363,0.028532889975311733,0.1259179928102622,0.9632292606284572,22.07200000000012,2.0,0.2293781470544793,-0.0311264587931246,0.9521164893104486,2.024003318561116,-0.4307507054785181,2.591851398770978,0.08280043352560877,-0.11042915043266893,-0.05294670543578887,-0.9890127083744606,22.07200000000012,3.0,-0.214968491460423,-0.025148513082309,0.955932581288544,-0.9464918516444109,0.3289537597645696,2.681556180654149,0.9759146595141794,-0.040203652374182094,0.12543554301863724,0.173897004657122,22.07200000000012,4.0,-0.2140416462422849,-0.1637322481759571,0.9426372179057748,-0.8538656464855955,-0.8362946865641459,3.0309210636848003,-0.8734783375679427,0.06279368753007493,-0.19817407951436822,0.44024945294066137,22.11299999999983,5.0,0.0448119827217176,0.2818926671925744,0.9377443203707528,3.0427954683978826,0.3237396473906512,-0.3310838390923339,0.3341759704074563,0.07720923873523473,-0.24274889028457047,-0.9074349180639734,22.11299999999983,6.0,0.1516281732103488,-0.5568992384126213,0.7919072769866021,0.4250667269873666,-1.4391634619111888,0.1818688222316115,-0.6420757245602886,0.23914644722749634,0.3601179965091207,-0.6331372436518827,22.11299999999983,7.0,0.0439710946101806,0.0365352753646945,0.9774163475678156,-2.133523270117136,0.5181913236511477,-1.2436669946254146,0.8989772951700005,-0.1966355128637624,0.04037290805631532,-0.3892869457671441,22.11299999999983,8.0,-0.0449958450629532,-0.051837086430698,0.9777746623826205,-0.6333832780425983,-0.5122368508929511,-0.6234127576985937,-0.9267686862859522,-0.12546964034039304,0.00864981853332432,0.35395247154385434
332,22.15099999999984,0.0,0.0316581056803507,-0.1117424750758272,0.9726686915947588,-0.1372708772136689,-0.2438488292633183,0.9102771128483904,-0.7759939677156513,0.04739125865840881,-0.03700986006948027,0.6278675823207707,22.152000000000044,1.0,0.2051899223299728,0.1175792512999391,0.95014378671755,1.7225362580438015,-1.2473831787737932,3.180260669192418,-0.38962406955270534,0.08333771325420727,0.2192637737130452,0.8906016547884147,22.152000000000044,2.0,0.2549984069817002,0.0670323732948348,0.9437830647809152,2.3925578744572964,-0.6550512838257004,2.8424166116360894,0.23917058677499223,-0.12631676006156342,-0.16368987096172177,-0.948708138836065,22.152000000000044,3.0,-0.2061372197315805,-0.0699463134235525,0.9555254888697572,-1.1665630381758212,-0.5039171253675129,2.011261825679992,0.9530245019261357,-0.07994536928567289,0.0958368617410319,0.2759861094146738,22.152000000000044,4.0,-0.2401505409220409,-0.1351236213736278,0.9402139781144117,-0.0137391321296452,-0.0671830691272179,3.2297237245639354,-0.9387971379095129,0.026668825974399093,-0.192184860096525,0.2846290342247841,22.139000000000124,5.0,0.0526164130692769,0.4042333201322544,0.8908630287370654,0.6600935378034134,-0.1149427274960285,0.1491028314261552,0.3378948923703435,0.07844274995821159,-0.27180334570414305,-0.8976618060010472,22.139000000000124,6.0,0.159122907024142,-0.3965461725897197,0.8812309762284976,3.817071854476148,0.2084196076630044,-0.9902556125143906,-0.7313155199262329,0.07297473301803428,0.22046053386918288,-0.6412873393901404,22.139000000000124,7.0,0.0085870425325562,-0.0597660693962348,0.9772754369416374,-1.0852639375613016,0.1347394931117644,-1.2187302105185216,0.8662451338525342,-0.2275914340539839,0.05015111021707693,-0.44193480669217583,22.139000000000124,8.0,-0.0178404675046708,-0.0992440874459569,0.9747478283259902,-0.5984769662449734,-0.339364625334257,-0.3778818815548241,-0.9245341862147897,-0.07535681385672667,0.008881266871531535,0.3734688905709226
333,22.2199999999998,0.0,0.0423939304422915,-0.1291544153182278,0.96991798192706,-0.2827389953958838,-0.2168014406773262,0.4298117924683336,-0.7890198797969978,0.06631933652425048,-0.03750058992562397,0.6096253608925274,22.2199999999998,1.0,0.2842415671975914,0.1689226078562871,0.922042235492544,1.3312123797709596,-1.0534469770736774,2.4960424408687114,-0.49913949252445144,0.12763317837007107,0.2823085248511072,0.809241271548837,22.2199999999998,2.0,0.370127760688216,0.1196199775486936,0.899333365187335,1.7915051390392642,-1.587937086504052,3.700594551348684,0.4218365724215215,-0.20379521248150845,-0.2437332083780981,-0.8491852216513179,22.2199999999998,3.0,-0.1638552724093893,-0.1083841916928225,0.9588067149820856,-0.5824845105521833,-0.9316235960223236,1.434851880853451,0.9325386153794558,-0.0868425225100849,0.04732287213849577,0.34726164902392603,22.2199999999998,4.0,-0.2341717594081453,-0.102804002621067,0.9453808355053436,-0.7977647580086906,-0.6594571616470575,3.314560415697906,-0.9784918115615714,0.04195411331771779,-0.1690684530877333,0.11049653955305219,22.23700000000008,5.0,0.0664376100182565,0.3810297274414604,0.9000591040486998,-0.8097083247127765,-0.1906572724355685,0.101067816474309,0.34463683729651856,0.05061957020605571,-0.23190460251036385,-0.908230898409054,22.23700000000008,6.0,0.1672522048175556,-0.0435866344291111,0.9647802367807966,5.54885394942152,1.1106617228700226,-2.1609912761325414,-0.8258437950699318,-0.15797764778887194,-0.0352909720767729,-0.5401663042373747,22.23700000000008,7.0,0.0165174623395147,-0.1404453081003192,0.9695314790508192,-1.3018216505017617,-0.1829622431909574,-0.2092504247436298,0.8502282781954521,-0.27216391785859584,0.06577446456628067,-0.4457716866106185,22.23700000000008,8.0,0.0087005136133749,-0.1441912758911634,0.9683192536657224,-0.5591062132621875,-0.3087090319906337,-0.0135791525712078,-0.9265307417551857,-0.029313415010197238,0.00953994972950399,0.3749539940341799
334,22.29500000000008,0.0,0.0512286088392281,-0.1421030468796351,0.9678488279188652,-0.17673685192566,-0.1782810755450179,0.3667085277060023,-0.7998116082696821,0.07885166193396721,-0.03581317364140691,0.5939707259461919,22.29500000000008,1.0,0.3285718994050254,0.2152064019404403,0.8965543550087876,0.4029054781268959,-0.4334413014282751,-0.4806403454724165,-0.47807171105492996,0.12467147451231637,0.3027778161057384,0.8150031022064739,22.29500000000008,2.0,0.4549264678184003,0.1434213371765284,0.8555192744297294,1.0233197898429471,-0.6169421705003972,0.8515682309523094,0.4631614513305129,-0.21478881510913703,-0.28571707995445866,-0.8109950586333577,22.29500000000008,3.0,-0.1528566221217225,-0.1373945916995473,0.9581537346612242,-0.6148784468684761,-0.182197372017108,0.5910202804505753,0.9193377018471933,-0.1111378550481682,0.031683626578948715,0.3761152947493878,22.29599999999982,4.0,-0.2182681846679476,-0.1561095468869773,0.9428127114822444,-0.68110543049897,-0.2540032249388673,-0.3085866480663136,-0.9773505048137201,0.08166854191695207,-0.1542153049224353,0.11972418188990105,22.335999999999785,5.0,0.0840185258892129,0.3138928190508983,0.924112106541021,-1.844731972301365,0.0840927973268005,-3.0060848325530065,0.21740024709944916,0.06798361992413841,-0.1322817654894484,-0.9646848679761195,22.335999999999785,6.0,-0.0415098739692638,0.2427576168665274,0.947857937570995,0.9470405442134364,2.2673277139105226,-6.241531034637717,-0.9436694652413155,-0.12038251010342904,-0.20876968988717087,-0.22674039829016376,22.33699999999999,7.0,0.0228757507092715,-0.2095021773291345,0.9573774269972316,-0.8519487895593368,-0.0555579565394733,0.1020810280893368,0.8454044163923738,-0.29265708616955066,0.08135846875392251,-0.43934496949553764,22.33699999999999,8.0,0.0449158699175144,-0.1997983656825436,0.9586084590176208,-0.9527764998117446,-0.5767291404386317,-0.4884547518293553,-0.9171588229689669,0.03801529709426654,0.016424221243922305,0.39636444794348613
335,22.338999999999945,0.0,0.0602030471133731,-0.1514835496895115,0.9662785971404572,-0.0606817525167194,-0.1854342256367511,0.5165379133717418,-0.815100248250913,0.08606343482198035,-0.030833933906108744,0.572061132229604,22.338999999999945,1.0,0.3214581606592107,0.2415911228531594,0.8936836018995462,-0.0347900093099243,-0.0064881990364341,-1.2068701620142823,-0.43105837629181654,0.10291178509983902,0.2978609996512914,0.8455037939613048,22.340000000000146,2.0,0.447565026483718,0.1851017254646869,0.8500828773117505,0.3656343241810278,0.4446261389962794,-1.369902448021364,0.42054062156877015,-0.16391827574528395,-0.2952003891985804,-0.8421004184206609,22.340000000000146,3.0,-0.1560963579290062,-0.1582906038192546,0.9544307265505628,-0.4084583572492394,-0.0474884207760937,0.3855139888177101,0.9096268538672286,-0.12764534647434403,0.025450981615363598,0.3945096954218823,22.340000000000146,4.0,-0.1945868362008048,-0.1886192723176113,0.9422546010966124,-0.4390717858910049,-0.3219786089872731,-0.3483972201458536,-0.9760398719282567,0.10788571932083248,-0.13491278662000564,0.1323078984011295,22.4029999999998,5.0,0.0739629116440155,0.3166846713112513,0.9244124115661928,0.2596633359915922,-0.1760769880357755,-0.942737932492406,0.1711979731031494,0.06123342257460267,-0.14689510316637025,-0.9722980770478337,22.4029999999998,6.0,-0.111272840491059,0.3351721001992326,0.9125919231601202,0.1455594990442707,-0.8829954105238452,-1.3633242744785956,-0.9657168541705778,-0.12621415583519802,-0.16481106947538307,-0.15587897810824783,22.404,7.0,0.0335553554287071,-0.2550593552766096,0.945524596934386,-0.6115949788282106,-0.0553156814357057,-0.4887018727044087,0.8306197066031541,-0.30537032514958,0.08149291833050137,-0.4584525840067958,22.40700000000016,8.0,0.1058455814070872,-0.265944511669393,0.9359312098704284,-1.0511069806930124,-0.7253468006511803,-1.2361726860731528,-0.8871438064648023,0.10845035274812959,0.03237379202640391,0.44739951411437523
336,22.42999999999984,0.0,0.0663257658400118,-0.1541690894778981,0.965730699851305,0.0319174483707551,-0.2841755007030325,0.6849771741581263,-0.8350383488158072,0.09156490389761776,-0.0198453704752599,0.5421558684104507,22.42999999999984,1.0,0.3015418824427974,0.2449211895865875,0.89840085931857,-0.4205915221759122,0.2242527967393483,-0.3355496443167293,-0.42033003769870153,0.09511190367662446,0.2662187366975457,0.8622087736844131,22.42999999999984,2.0,0.420897045048506,0.2183418511217346,0.8579513468246146,-0.2967642365313947,-0.0186690531175712,0.0474033473437989,0.42216964235857246,-0.1698817773827816,-0.27371875937312756,-0.847343505050542,22.42999999999984,3.0,-0.1503860499564929,-0.1623809762062388,0.9536175619947402,-0.0086061014492826,-0.3864633082098413,1.2737733179067237,0.8837957786071973,-0.1166535138775164,0.0167883268143117,0.4527859665436879,22.43100000000004,4.0,-0.1816036385082766,-0.2060567203182765,0.9410832835048292,-0.1687684681471719,-0.185041929146827,0.2692538591243599,-0.9785112888174969,0.11399707238884543,-0.12570219987970765,0.11712933914649802,22.442000000000007,5.0,0.0545460692902993,0.3372730170234151,0.9186586081417302,-0.4780815404240022,-0.3886225701692194,-1.528479623879241,0.09679417612131519,0.0455873380574057,-0.12500511831640676,-0.9863703171084057,22.442000000000007,6.0,-0.015851616050008,0.2300854842161103,0.9521089203560912,-1.7189874648803447,-1.1907263837540152,1.5829638245736712,-0.9668694088689455,-0.0630101444688467,-0.07428355905083474,-0.23595597204176114,22.442000000000007,7.0,0.0586333827624258,-0.2712120519474168,0.9395930764454932,0.2963016290423146,-0.145150833158265,0.2841240430646098,0.8469869498999169,-0.27857736121786814,0.06870027638437595,-0.4475355098099322,22.442000000000007,8.0,0.1760566338440266,-0.3140819894161343,0.9113712556383998,-0.6468985727894699,-0.9499640501404574,-1.0606307327757851,-0.856317407893214,0.1630414036864099,0.06479008049185768,0.48573680434250655
337,22.48299999999972,0.0,0.0844653592428517,-0.1309753484367823,0.9671468664012924,0.6266140026343076,-0.4866527046486644,0.7228296238262782,-0.8574823451975692,0.07588861528638059,0.017227363318015696,0.5085943016761999,22.48299999999972,1.0,0.2992493809931943,0.1835096913686299,0.9151152939105436,-0.9024232420879766,0.2357792647405969,1.5857749819392712,-0.4911822615375743,0.12934449013920468,0.20050493479282722,0.8377396731355076,22.48299999999972,2.0,0.4039209509122899,0.1293761768694158,0.8833072343600301,-2.045859788326995,0.4057474063325996,0.5077051775850296,0.4363439632704802,-0.20368895396789333,-0.16207394275081247,-0.8613052843388815,22.48299999999972,3.0,-0.133256696535285,-0.1529344330561165,0.9587505994857616,-0.1289063653273174,-0.6016552861930524,1.6406518144652311,0.844821911211884,-0.10540663459304964,-0.002113575672384788,0.5245578257141382,22.483999999999924,4.0,-0.1747568100540935,-0.1967988863528385,0.9431841048650046,-0.0948170561111979,-0.4658826567427189,1.7197779996899831,-0.9876990372379979,0.10777282819419333,-0.10959200184674615,0.028726685736081194,22.50199999999996,5.0,0.1331871078736908,0.3328532327809509,0.9124094035703008,1.3331861571884054,-0.6054185667057597,1.9987619985171143,0.19138829750944478,0.0069664259296141,-0.2050071943453403,-0.9598406319555635,22.50199999999996,6.0,0.0658217711915656,0.0901577318230157,0.9728617979084874,-2.3293822974924216,-0.7692703228725558,2.335785344189505,-0.9379357521818734,0.030427147793458703,-0.0045473669334588195,-0.34544179670409125,22.50199999999996,7.0,0.0393870406152007,-0.1645827473293461,0.9642054658178936,2.874315696310904,0.6067072147822851,0.2739663748418308,0.8897224844822657,-0.11501904699773575,0.028701087550153572,-0.4408409770063074,22.50199999999996,8.0,0.2506137583586796,-0.3778038624369247,0.8685838967244781,-1.3944099032979569,-1.5893029689286802,2.59831241787977,-0.8941818179711264,0.2782116341345607,0.06083315623920248,0.3454511400241802
338,22.565999999999804,0.0,0.115959291974186,-0.1028737627149056,0.9678049553240172,0.325022332477899,-0.5096638234648643,0.2243164320945538,-0.8637147823339435,0.07494770752908245,0.04735033128014024,0.496122527246672,22.565999999999804,1.0,0.2656498017699716,0.0991549552560953,0.937528387659668,-0.9831134006568388,0.9836821242994082,0.3101817315394713,-0.5098199644445545,0.11286270539097801,0.12403732327256567,0.8437774327516466,22.567000000000007,2.0,0.3844791853416863,0.0140958476926908,0.9019207632141626,-1.892920157025643,0.4547491397445007,0.1137016155047092,0.42839794570528944,-0.22319117919336035,-0.06348296811156116,-0.8732873584367928,22.567000000000007,3.0,-0.1145106187431817,-0.1457646478027368,0.9620940627849224,-0.0098882321366317,-0.2295381885141643,0.7930651938019679,0.8236831592282441,-0.09878220595200757,-0.006675835808086088,0.5583400059169126,22.567000000000007,4.0,-0.1610219890087606,-0.1715039445986258,0.9502211932191232,0.3377871085424769,-0.6676444102481907,1.6322405783791076,-0.9921176704622167,0.0804376836051293,-0.07970330802352305,-0.05366274036026553,22.621999999999844,5.0,0.155589767952936,0.3322286438174917,0.9091336273263362,-0.270375254129006,0.115646669882226,1.487593829054913,0.26591089579817556,-0.011602420812477858,-0.18852845462353168,-0.9453114836520103,22.623000000000047,6.0,0.1294362533416043,-0.0346833563434501,0.9711587517567052,0.0943353605085451,-0.733100931154867,-0.7856205964399143,-0.9506819812858349,0.00979700498594485,0.03641112860640838,-0.3078668849768554,22.623000000000047,7.0,0.0016110349270922,0.0728484737412735,0.976427931001582,4.277774265811218,0.3377418901521045,0.1758735997685748,0.9040664651019987,0.10250783025009251,-0.0544588374091409,-0.4113273713764246,22.623000000000047,8.0,0.2284875874667147,-0.5751132203180037,0.7598896013165962,-1.9655148111085003,-0.918878341605162,-0.8173871777151811,-0.8460927590105856,0.37905028488270537,0.07581749918357149,0.36701448404353765
339,22.61099999999988,0.0,0.1379105697800889,-0.0979302949439903,0.9643839132187524,-0.0759957174751151,-0.2333419977433677,-0.3735129402587261,-0.8535822365074027,0.08345313750777741,0.055886182713505844,0.5111845791305143,22.61099999999988,1.0,0.2318922623118149,0.0508236790598802,0.9514394002387788,-1.0610372611832264,-0.043504230642638,0.1243201149636925,-0.5096879668756051,0.1401481873629112,0.07557994168829667,0.8454965017168883,22.61099999999988,2.0,0.3225370690347349,-0.0616759676699214,0.922483015621676,-0.6244349101314186,0.7821008394415397,2.357874664367663,0.5291726407625073,-0.2076862069115173,0.011306883420399956,-0.8226268352749371,22.61099999999988,3.0,-0.1149193483967943,-0.1430383335623933,0.9627266374707568,0.2586401371090968,0.1948463498738536,-1.5312736497382158,0.8666028335156883,-0.09181031546230581,0.0034080838115016225,0.4904679193199345,22.61099999999988,4.0,-0.1467199761269723,-0.1328093953931771,0.9587173270055148,0.6176669229475391,0.0089749943863909,-0.6786502561301186,-0.9953806411192109,0.05150051744033575,-0.07914773094161208,-0.017341069035112917,22.666000000000167,5.0,0.1837442170508624,0.2407864741747578,0.9304563055591888,-1.0354437262887928,-0.4576809567196497,1.255146123165746,0.3224905406530684,-0.06669836021016086,-0.1391163200150062,-0.9339153224142164,22.66699999999992,6.0,0.1758810238815099,-0.0917238942991884,0.959745587462106,-0.5111851700202048,-0.4221244815940095,-0.3334623270201095,-0.9538455040767869,0.027800110052539483,0.07124381092512586,-0.2903966729121256,22.66699999999992,7.0,0.0049168272756362,0.2922209150895613,0.9350298185586174,2.3892432151202367,-0.1568180076011439,-0.1127188050580531,0.8846058864343825,0.2081173346286305,-0.10991808897483879,-0.40258864170370506,22.66699999999992,8.0,0.272234749424236,-0.5909026707292451,0.7326337931947782,-0.004919124806567,0.5236953844067315,-1.0084834135985126,-0.8307984364551632,0.36311016836304405,0.0664478373985355,0.4165448937630563
340,22.67000000000008,0.0,0.1448441018120211,-0.1064156178244045,0.9629963148700618,-0.3413532137588966,0.0886777309352948,-0.9828423770608532,-0.8269784696888958,0.09262369566675537,0.04605465305736598,0.5526358933364808,22.67000000000008,1.0,0.229999180288134,0.0028067562500958,0.9523289868454804,-1.069575995378099,0.0381712968659285,-1.348777632934054,-0.44656707773996607,0.15372431578439064,0.038876575474561643,0.8805880374470112,22.67000000000008,2.0,0.2965910439283616,-0.1142713410148314,0.9272296443083324,-0.919146693577611,0.2678483219296268,-1.0697913505394556,0.47601040835416586,-0.2151665655691246,0.039630766780456184,-0.8517903747543059,22.67000000000008,3.0,-0.1192875946795339,-0.1214397999623206,0.9648294381602808,0.7858940738938501,0.450101513426396,-2.1731748375734723,0.9194906045685374,-0.06581447417175265,0.03807890723172569,0.38568831966202827,22.67099999999982,4.0,-0.1634044526303574,-0.1174161517569366,0.959539698067342,0.6135835197010223,0.6738335922290112,-2.3439759366829795,-0.9881837341817876,0.03155053247698527,-0.10899210182700059,0.10304461722132652,22.753999999999905,5.0,0.1913547432081483,0.1322875994680238,0.9519056430543582,-1.6943110607666656,0.2187500889598157,0.5428768558005604,0.3453275562106113,-0.0901788436706854,-0.049679794286964854,-0.9328175454586123,22.753999999999905,6.0,0.1871045130918048,-0.1205686416387565,0.954452777162948,-0.3573804647770023,-0.0880770393558927,0.227289367359212,-0.9492840785567257,0.04463707786616178,0.08394699684805673,-0.2997001354662201,22.753999999999905,7.0,-0.003642785660546,0.3825157094338361,0.902127187346086,0.5151240030840613,0.3195341003435982,0.8000294048274977,0.8969136988420097,0.23039345235043188,-0.11218354718449977,-0.3603880210061058,22.75500000000011,8.0,0.2209712107067635,-0.5119198683284171,0.8051787208125928,2.253356336957515,1.9079372043116187,-0.2433214691079457,-0.871229917006468,0.21598574371844148,0.025000110303121575,0.4400949723731528
341,22.76600000000008,0.0,0.1404781273693016,-0.113997127930167,0.9623188403821714,-0.2134684046486577,0.166236206285138,-1.036714961414847,-0.7975354915530581,0.0936943782913263,0.03656739398133006,0.5948288231812895,22.76600000000008,1.0,0.2083623852330051,-0.0277717596336391,0.9565484022185516,-0.9000807092286089,0.3408834190166705,-2.124024352069393,-0.3487670864573354,0.14598302815050365,0.00894948107190838,0.9257269476927925,22.76600000000008,2.0,0.2918478496445494,-0.1292870637592199,0.927055924851555,-1.1614712206440343,0.4740525429554857,-2.981692770529151,0.338485118869631,-0.2183395385929878,0.05974367223209129,-0.9133380337087893,22.76600000000008,3.0,-0.1295208892707364,-0.0880887655112546,0.9662394675406404,0.8767954102426851,0.4281793605208875,-2.362085460396783,0.9606920310618571,-0.036079793163640156,0.0715173143476064,0.2658088480995665,22.766999999999825,4.0,-0.1920315340962179,-0.089913825552056,0.9559186125854268,1.074034912695615,0.5649215372440107,-1.6307621752452124,-0.9731797931986781,-0.014532594244317038,-0.13098457484276094,0.1885548593051091,22.786999999999807,5.0,0.1805438629740035,-0.0049846166123074,0.9636726971019012,-2.378542587470834,0.0967825172176739,-0.3089066737284342,0.32254575440654293,-0.12345751189601042,0.06325703713908397,-0.9363338220544771,22.786999999999807,6.0,0.1962056854013585,-0.1455059959813947,0.9486824200698808,-0.4182102351649333,-0.2446533086921276,0.262486469732988,-0.9428811634243207,0.06143195486823252,0.10437763267202593,-0.3103329443975465,22.786999999999807,7.0,-0.0448926831309055,0.3952936779958651,0.8954063631322983,-0.1860685916012546,0.0552087805438357,-1.397877424820918,0.8733636162380786,0.2277181605616193,-0.0849101996276548,-0.4221027021723158,22.786999999999807,8.0,0.0056256384215374,-0.2325790886210511,0.9517018018941392,5.418484281527687,4.253264424813047,0.1902901731647261,-0.905225056919789,-0.1378911904850851,-0.05954579480715227,0.39750209336801606
342,22.804000000000087,0.0,0.1415638182251357,-0.1148962659807575,0.9624320928944544,-0.1353037869900805,0.0911310515076774,-0.9552600298541198,-0.7685774915443635,0.09408670085955537,0.0322129661238302,0.6319799498609456,22.80499999999984,1.0,0.1962600586632009,-0.0485235203303191,0.959531373821758,-0.718448780030907,0.2871459468901141,-1.6511919835689737,-0.2683379583141818,0.13791694676661936,-0.01622096933392886,0.953263099084517,22.80499999999984,2.0,0.2864203173677307,-0.1375641792238334,0.9272327099458052,-0.684265063116428,0.3370921488382045,-1.7736391897070554,0.2499329228980676,-0.21272591862758594,0.07203306910612439,-0.941855856567676,22.80499999999984,3.0,-0.1446652267707818,-0.04747148808926,0.9679382366566316,0.8849322677097512,0.4399860236908814,-2.014267159626716,0.981601418625784,-0.006124841761783877,0.10309330618705113,0.1606017169418319,22.80499999999984,4.0,-0.2153064288207216,-0.0199119703168751,0.9560583952597076,1.3247251220204015,0.3869562057620754,-0.6288808528219603,-0.9613056620923353,-0.0773439067358161,-0.1371680169979724,0.22604043716313732,22.85,5.0,0.1780302657635336,-0.0811845568356921,0.9568902978939424,-2.158277958448067,0.1441081908576487,-0.4481632380793082,0.28887862232951333,-0.1477522986088432,0.15849867651272437,-0.9325216187094648,22.85,6.0,0.2047102050420723,-0.162732482206074,0.9437406270722284,-0.5808946783991455,-0.2577586179221006,-0.0398218277710639,-0.9399291049659078,0.08306582633047976,0.12781992246660723,-0.3054429792197762,22.85,7.0,-0.0234490504404545,0.3427489776341441,0.915721999497768,-1.308439064149486,-0.8043893660187897,-0.3362299209115096,0.8771955822150568,0.14812677551375214,-0.08811204752398859,-0.4481323866888182,22.85,8.0,-0.1224722267971631,-0.0430478044077571,0.9438864816274336,3.1064300461337946,4.202563629115854,0.5577457466704527,-0.8664875475346648,-0.3408734954024471,-0.17175841666780695,0.3217198103991233
343,22.86499999999978,0.0,0.1434649645901401,-0.1193595746617507,0.9617505372349504,-0.1419273546802497,0.1487631244779376,-0.4927706386449105,-0.7526573909733607,0.09390328761629468,0.023045866224918138,0.651274068605505,22.86499999999978,1.0,0.1887705778733973,-0.0829255199664104,0.9583438981219862,-0.8288616368267662,0.1246734381112018,-0.9959970946218843,-0.2156562140403326,0.13873890358343893,-0.049956025446594,0.965271106736255,22.86499999999978,2.0,0.276781055688742,-0.1579551406554862,0.9266911139923222,-0.6565789642793193,0.3233593033712942,-0.7136216829283226,0.20856646920924776,-0.20204919874857705,0.09614447245720018,-0.9520674291364937,22.86499999999978,3.0,-0.1767188377415778,-0.0102001757333252,0.9636469316104708,0.9908899020216544,0.5445793125693646,-2.196829488606293,0.9890228511306359,0.025986426524734048,0.13850776410647697,0.04443089983476784,22.86499999999978,4.0,-0.248442319989936,0.0445725668836151,0.9469612980050576,1.2437871928821016,0.6376847291808838,-0.7050109568657799,-0.9420228276573177,-0.1355825523634399,-0.15586553480848914,0.26441690325315953,22.91399999999976,5.0,0.1755166685530638,-0.1573844970590769,0.9501078986859834,-1.9380133294253,0.1914338644976236,-0.5874198024301823,0.24633172975846007,-0.16470340640982942,0.23673982949816189,-0.9252825081889232,22.91399999999976,6.0,0.2132147246827861,-0.1799589684307534,0.938798834074576,-0.7435791216333579,-0.2708639271520737,-0.3421301252751159,-0.9398769954841754,0.10880926288449899,0.15420861275645092,-0.2846251595026387,22.91399999999976,7.0,-0.0020054177500036,0.2902042772724231,0.9360376358632374,-2.430809536697718,-1.6639875125814152,0.7254175829978987,0.8985772663493296,-0.0037481416018164643,-0.10602858976086399,-0.4257966486340883,22.91399999999976,8.0,-0.2505700920158636,0.1464834798055369,0.9360711613607282,0.794375810739902,4.151862833418662,0.9252013201761794,-0.8287292339275889,-0.42291430036003314,-0.30290093276210933,0.20640343097104596
344,22.940999999999804,0.0,0.1311916739136031,-0.1274021698547267,0.962576974486744,0.018387614269201,0.3138064429241358,0.159117762278497,-0.7583859757808403,0.08312143835213054,0.009600660378385558,0.6464126898085419,22.940999999999804,1.0,0.1823839753570155,-0.1201050289798583,0.9557179853632132,-0.5110802964657652,0.2832853548285546,-0.5020508538854583,-0.1874570364847794,0.12787248446935837,-0.0730155622779786,0.9711731127112243,22.942000000000007,2.0,0.2612681818441198,-0.1840673959544403,0.9248200532549125,-0.5583026666415802,0.3438007049333451,-0.2569496636069335,0.1892769556321495,-0.1874881271948754,0.12041538924113775,-0.9563067344014099,22.942000000000007,3.0,-0.2100752225930198,0.0282223134201067,0.956714117110075,0.7767644785515995,0.6575602415157822,-0.8179152472632031,0.9836143232560274,0.055414626055166505,0.17155551779791559,-0.0008869147887172894,22.942000000000007,4.0,-0.2921267414818493,0.1047247354935222,0.9289783079744158,0.9685973695631964,0.5081410471453373,-0.3373067035503468,-0.9268120524850585,-0.18025027095656515,-0.16705214156100787,0.2839416158093055,22.98000000000001,5.0,0.1800116657743065,-0.2354966886101736,0.9343827426910248,-0.85961409253796,-0.238750871024278,1.0623599914980515,0.29131569917403455,-0.1709444327005422,0.2686971949441295,-0.9020615177317951,22.98000000000001,6.0,0.2193080888970371,-0.2632226398330134,0.9172806571729664,-1.1060103091436984,-0.1942766716443208,1.1781747965729457,-0.9141239421394418,0.16440716354343513,0.16826615587618604,-0.3302032764369543,22.98000000000001,7.0,-0.0465733522194441,0.2999633228159489,0.9302531525494864,-0.2433733711099467,1.8765639026254,-1.775923676933388,0.8657905617277699,0.0495832194239261,-0.00917140352868185,-0.497859511239853,22.98000000000001,8.0,-0.3373821575185598,0.2228169709239003,0.8914184636052921,0.0901003222419895,1.11529614031171,-1.405017062280405,-0.8090751227167569,-0.3935320388566159,-0.36076544651348574,0.24571990720359863
345,23.01499999999988,0.0,0.1021856730140657,-0.1184859936502592,0.9670662632619198,0.2364455731385799,0.5175088870016591,0.0034202808589192,-0.7597490321954283,0.05711050032930063,-0.003332067442440694,0.647694909781454,23.01499999999988,1.0,0.1641811949725455,-0.1252601907962373,0.957972556923776,-0.0127919761301174,0.479109598155687,-0.6756378577526823,-0.15297584788030072,0.10408172986595769,-0.07118288796967674,0.9801522228377127,23.01499999999988,2.0,0.2443782884705939,-0.2003473994809228,0.92809006655896,-0.1162250894894095,0.3328043995631337,-0.0822036601534155,0.1822709691569229,-0.16887324710529195,0.12405846908688149,-0.9606605105147865,23.01499999999988,3.0,-0.2357715217436777,0.0561490181681452,0.9493793115996492,0.4028214394691316,0.1710271188805737,-0.3388724595967814,0.9816916167779778,0.0696662765911023,0.17606670375412975,-0.020704957931069152,23.01499999999988,4.0,-0.3188234490818615,0.1316574073128791,0.9168161950005008,0.3141479087168113,0.3418733121023217,-0.1131525096734189,-0.9208762851358566,-0.1921327337001425,-0.17653917261031307,0.2896649800189188,23.01299999999992,5.0,0.1719829049259317,-0.2682697846384468,0.9269353823559005,0.2511094367234325,0.0847670321291796,0.3536984935139591,0.3084800641472029,-0.15406549309971057,0.24602163137455116,-0.9058571801092516,23.01299999999992,6.0,0.1653181951152578,-0.3747736097819009,0.8894513116381791,-1.4442637812211732,0.3875248855384237,1.910725208714368,-0.8711008177270919,0.24818008014367285,0.1488285950218201,-0.396787175295401,23.01299999999992,7.0,-0.0913501569824259,0.2945777197301893,0.930434906835426,-0.0458757253951528,0.0336836056760693,1.0456027115911275,0.8907820785705806,0.0586754383699036,-0.012074395787833215,-0.45046497133066243,23.014000000000124,8.0,-0.3420934295144576,0.1182152829180986,0.9092311215349104,-1.343075063891847,-1.235932261657554,0.0279670422562388,-0.8721809970059862,-0.2945014748466077,-0.30237717282523396,0.24725944901870897
346,23.08199999999988,0.0,0.0624763427797235,-0.0765085899720169,0.9746205119190566,0.9953793180312144,0.805403817000972,-0.0271590636329508,-0.7613451928652826,-0.0075344861443121525,-0.0015525495338220867,0.6483011016567934,23.083000000000084,1.0,0.1416857445598489,-0.1250306921584984,0.9618328731161604,-0.2139748157088335,0.3919349016177464,-0.9162436273844276,-0.10572089515153305,0.08724164105570567,-0.07785722006107877,0.9874969578072769,23.083000000000084,2.0,0.2250884354558467,-0.2014977365378769,0.9325148033109992,-0.1969816046783566,0.4597506463194269,-1.3912876916506682,0.11114371026517401,-0.1537422946229303,0.1212419456599868,-0.9743258044027922,23.083000000000084,3.0,-0.2406329401616641,0.0697142324829112,0.9478458281273764,0.2226112995810444,-0.1000552445288885,-0.4011030123229551,0.9822379351932484,0.07386302114084362,0.16707568583043686,-0.04287899228690403,23.083000000000084,4.0,-0.3476764712280618,0.0997907683701971,0.9108983883521192,-0.3358492749925564,0.4649546668728425,-1.7303271593200542,-0.8939916584453607,-0.15970643099013776,-0.21351325810185434,0.36011784063725144,23.09900000000016,5.0,0.1380416384285418,-0.23836580572648,0.9409618742118776,1.2020125764913476,0.8053323419631837,-0.6520556908809673,0.27934749340416487,-0.10504302587532102,0.18534228168550035,-0.9362580730030472,23.09900000000016,6.0,0.1230009277094353,-0.4794029330337838,0.8454404766636289,-2.2192935621321377,0.8066316668336867,-0.2341970700696483,-0.8516948712499699,0.35163008397210077,0.16328360926902033,-0.35257707423533974,23.09900000000016,7.0,-0.0307510544044753,0.2611403203965367,0.9433843891628728,-1.1021208290973925,-1.0500878239586844,0.9983717018349328,0.9134810988249795,-0.00896110512203688,-0.038198283345020116,-0.40498502667875685,23.09900000000016,8.0,-0.247476937651705,0.0578425668470116,0.9463775160003975,-1.7600787667440347,-1.806719527826151,1.155563026645329,-0.9417937985291791,-0.18241320969776562,-0.2067280805789929,0.19238857211348181
347,23.16399999999976,0.0,0.0067287813004514,-0.0433520260946935,0.977595686025514,0.2728908628077496,1.0095128856849385,-1.073900699387482,-0.7261353106993765,-0.04750294927341016,-0.03296491533994735,0.6851162636534603,23.16399999999976,1.0,0.1160603637895935,-0.1033599919908012,0.966384863298618,0.3048780516932578,0.4705222445978507,-0.9593164110498436,-0.05788952035461258,0.06488071099752,-0.057919724454747384,0.9945273260663354,23.16399999999976,2.0,0.2252299789104412,-0.1715066347886499,0.9382168890099318,0.2183187884590949,0.3098935832880985,-1.814908135194135,0.02236578502037932,-0.14759477155869694,0.09319070230492553,-0.9843937464616854,23.16399999999976,3.0,-0.2269894543035775,0.0570608168917777,0.9511239933944508,-0.1534066120732771,-0.0932024866995691,-1.497460125900594,0.9789459625078057,0.04960744207757189,0.1609841789790021,-0.11527358022826714,23.16399999999976,4.0,-0.3492465870539945,0.0403195127883862,0.9148612781835528,-0.7827747903994603,0.0485570587544051,-2.962312437979496,-0.8434077037447284,-0.08839340581356414,-0.23645909918307073,0.47427538992262075,23.14699999999993,5.0,0.0846549186792173,0.0269370016100957,0.9758513937519752,4.760827756776467,1.014437850424811,-1.1709307274847731,0.24777149427873935,-0.005852692084284441,-0.04696443521531631,-0.9676618078870084,23.14699999999993,6.0,0.1501214633030375,-0.5718194518430632,0.7812247184707187,-1.9754031745952685,1.1381734524497678,-1.734572645381276,-0.8525122080227177,0.4293063227834137,0.18765898402677575,-0.23173934086479991,23.14699999999993,7.0,-0.0080975832780424,0.2638353354742472,0.942637971280728,0.2751793214255884,0.0107898500757243,0.7219331412011063,0.9274282206473693,0.016163383581650325,-0.045135688738454305,-0.3709156375513876,23.14699999999993,8.0,-0.1619219843918397,-0.0267260931229196,0.9650186458908416,1.0457456991229854,-0.7412056897782395,2.814258420953625,-0.9622917663052915,-0.2353994422216275,-0.11417444351621624,0.07447050121055833
348,23.20899999999984,0.0,-0.0352074225614753,-0.053993457517697,0.9772569487815688,-0.1032189307318904,0.2409867717610208,-0.3813199134005955,-0.7129839729791765,-0.04600021580159865,-0.04592931010767621,0.698160678421571,23.20899999999984,1.0,0.0979886203114188,-0.0786714903147218,0.9722916367536673,0.4825098532385836,0.4022970229276359,-0.3244676301158467,-0.04213361920917286,0.043607417216285645,-0.03200844210615093,0.9976465360687613,23.20899999999984,2.0,0.1975161005544906,-0.1270762047216719,0.9514410271873311,0.4608363891523757,0.8816439604400222,-1.4618738879825113,-0.05049232941557772,-0.10837110355189548,0.0572958567928729,-0.9911727464874646,23.21000000000004,3.0,-0.2539516504263156,0.0224985559415476,0.946709234256377,-0.1054760157808231,0.7362858567994801,-1.3862369493218276,0.9633990020516383,0.035279564546748146,0.19588404910558121,-0.1795749271955898,23.21000000000004,4.0,-0.3407835837031102,0.0110686643356428,0.9190761849532878,0.3397094815610303,-0.0482148378788426,-1.4557108389127504,-0.809054972729666,-0.08377872670736448,-0.22417979545974517,0.5368003309987047,23.22600000000012,5.0,0.0161651574934102,0.2774741092933912,0.9386585142398975,2.566382237357627,0.6501128877056253,-2.4227618102966413,0.13469970031223016,0.05126507949167133,-0.17295172295747793,-0.9743282731639002,23.22699999999986,6.0,0.064490787627603,-0.6073022350938784,0.7667554587749287,-0.4621480217389804,0.9647805788514576,-0.2796122723998861,-0.8603607503066057,0.44543637721032114,0.15114514368305523,-0.19626756922789698,23.22699999999986,7.0,-0.0337379890075044,0.1721050691976607,0.9639951209701207,-2.0540680057006444,0.2799250067364003,-0.0201089645347212,0.925934667827075,-0.0665973352049115,0.008603695119588908,-0.37166619740011075,23.22699999999986,8.0,-0.1415243948704457,-0.0116025416226512,0.9696247865460376,-0.314500681170997,0.0134487489924854,-0.0016593730860564,-0.9709704308238725,-0.1977285942960791,-0.11204891974805946,0.07459802307496587
349,23.28499999999985,0.0,-0.037103926722603,-0.0472945363750788,0.9779833973288248,0.1412477763112703,-0.0827328319348342,-0.3927514190880181,-0.6992430333143156,-0.04220052687529779,-0.03745566630007002,0.7126537510985683,23.28499999999985,1.0,0.0777365571263963,-0.0090331591011585,0.9773271866283,1.6253267398053624,-0.009200299384739,1.250952505778011,-0.10859168001887742,0.03290632533802307,0.05023211538696536,0.9922710090329036,23.28600000000005,2.0,0.2031421987794155,-0.0607127612914475,0.956156999499262,1.636670770587975,-1.0668977625896328,2.341145823229279,0.07823031203077627,-0.14923870391205674,-0.012831832158591058,-0.985618167252243,23.28600000000005,3.0,-0.2969299844163421,-0.0194599586741057,0.9322059291609944,-0.5205538331565447,0.1508801381884566,-0.4623958339023937,0.959121150489381,0.005460997254839929,0.203551990969713,-0.19652832662284253,23.28600000000005,4.0,-0.3490771136029612,-0.007096024981733,0.915720380459059,-0.513789574636223,0.0551239965313372,0.1376366249808709,-0.8159139721895844,-0.06706981619427915,-0.23275774391246615,0.5249855830308662,23.29500000000008,5.0,-0.0438561499792691,0.3721527739140168,0.9057587708529784,0.9282731155329806,-0.6161507480140763,-2.579328518813187,0.0014288804067672165,0.043656882644214,-0.2163167548075792,-0.9753456292453923,23.29500000000008,6.0,0.0525822763403041,-0.5787550321597745,0.7894103603099026,1.7213946527287516,1.909576924134596,-1.574138235703215,-0.9283031101498848,0.3533534055145688,0.0671127188183918,-0.09428992242074939,23.29599999999982,7.0,-0.0603527946905538,0.0986625764712186,0.9735790857332036,-0.6381913977445934,0.2387588898041716,-2.0002050340637334,0.8843443273531277,-0.07917220336954588,0.022990385849979828,-0.4594978945005347,23.29599999999982,8.0,-0.1322766742249319,-0.0461129716767111,0.970338845609684,-0.3270288921792774,-0.3287025859767829,0.176320737184753,-0.9803238289901743,-0.16060162591391977,-0.09158842640888096,0.06916551319692335
350,23.3449999999998,0.0,-0.0327565210953897,-0.048655476115816,0.978481300265708,-0.0460246798394885,0.1486059056496323,-1.9527695299922312,-0.629875833938027,-0.03785064022742242,-0.04697024698621539,0.7743497651276864,23.3449999999998,1.0,0.1186166985098496,0.1045257891354805,0.9673683053729992,1.8459364563939589,-0.9024458563125848,0.9339171609573644,-0.15673306044966953,0.06819571160188433,0.14765600615761315,0.9741569670883516,23.3449999999998,2.0,0.2699974153240888,0.0374283507230579,0.9402289690710786,2.261834019558952,-1.0917532613106822,2.544756777975049,0.2232045512533432,-0.18138443653247077,-0.11706683314361992,-0.9505655006685839,23.3449999999998,3.0,-0.2611227921395574,-0.052522672958523,0.9429158267048728,-0.6274189789712123,-0.9996305888197454,0.7608293946054536,0.9756818677816862,-0.02770238938556164,0.15476369903375375,-0.1527274302990809,23.346000000000004,4.0,-0.3452779950307623,-0.0637441126275803,0.9149714718245914,-1.6100334805588252,-0.2334852116040247,0.0461563797977255,-0.8255459861251309,0.004894544176982267,-0.25868039192046605,0.501531976115042,23.369000000000145,5.0,-0.0423212733221162,0.3705372330085566,0.9055738891878218,-1.101209372478993,-1.0094677157753114,-3.6724899505963102,-0.1894021207564537,0.043597668138972985,-0.14540822365726644,-0.9700940822820435,23.369000000000145,6.0,-0.0151877680727374,-0.3860137774822452,0.900279787229979,4.001123369716771,3.116311962498891,-3.365499652347531,-0.9811311329922277,0.12776944004405963,-0.09029838787687268,0.11359080601462868,23.369000000000145,7.0,-0.0673911154805175,-0.0137083204796899,0.977218255817971,-1.2796106823694071,0.1056807088651205,-3.241783003180658,0.8006152988927744,-0.12303849441507855,0.037077457122161345,-0.585236648070042,23.369000000000145,8.0,-0.1041293033649599,-0.0641116085752324,0.9725239276370654,-0.1139969777160353,-0.4326942254281902,-1.331259381693264,-0.97910102119675,-0.1287857566293919,-0.07569739554516514,0.13800479516507788
351,23.43399999999974,0.0,-0.042439043163331,-0.0615868419868441,0.9774671291196796,-0.1958083079745695,0.3314165771025463,-2.437414797922734,-0.5363882614573369,-0.03590723450789515,-0.06741211813810538,0.8405081259624471,23.43399999999974,1.0,0.1767981594053125,0.1859088329986372,0.9459039679819398,1.467038413829754,-0.6873977895934029,-0.5486198848331453,-0.13075340085103995,0.08882923583528801,0.22282484898138483,0.9619573803985441,23.43399999999974,2.0,0.3494038656510533,0.1002066660478273,0.9097085042735834,1.3419645223730636,-1.3886567804315082,0.5158594108424566,0.2531083590310978,-0.23276010498535826,-0.19057079702805785,-0.9194790173983748,23.43399999999974,3.0,-0.1967499153728869,-0.0768558536625523,0.9565916832999136,-0.6591803600665589,-1.022603503125832,-0.1671978552229142,0.9802538270383383,-0.06859766901424419,0.10390685033785026,-0.15362343843102558,23.434999999999945,4.0,-0.3073218225007549,-0.1691638808956554,0.9150092233497622,-1.343818926553948,-0.8149520873171363,-0.673669950126064,-0.8197880357017333,0.08790295930310488,-0.2481814619778412,0.5085534467453656,23.428,5.0,0.0263999710890608,0.3705864592495144,0.918550334901362,-4.133177068405221,-2.939350085899363,-1.940219045488458,-0.3035714351530309,-0.0346586758175695,0.09497004006219989,-0.9474301301100182,23.428,6.0,-0.0174673312895164,-0.2646865878112758,0.9691965242253224,8.104313490696228,6.272212446171313,-8.731200340845175,-0.7588626977647409,-0.20273379244688639,-0.3571567970697073,0.5054358887616016,23.428,7.0,-0.1334114156089892,-0.024631626742028,0.9771814965241856,-2.5847266051098865,-0.5725777247451912,-2.7592776342239205,0.7061771660280852,-0.22211824636178507,0.06343150884876968,-0.6692934621665415,23.428,8.0,-0.1273714916974685,-0.0387961369217253,0.9747437421510912,0.4994201126405525,-0.1058301588975604,-0.4998123734397526,-0.9740796637133545,-0.13689084101999252,-0.06973625122797134,0.1660318091498928
352,23.490999999999985,0.0,-0.0396151768390841,-0.0816954797780833,0.9761754383039132,-0.2049385173504235,0.1011088548834533,-2.587944551403236,-0.429571587101364,-0.023085921349015954,-0.07988862395828104,0.8991958071258643,23.490999999999985,1.0,0.1989055493954132,0.2408915373298069,0.9289875401008298,0.1132088848044526,-0.4627037037721853,-1.5586931316829375,-0.05221874760899521,0.09262204070004082,0.2291331552619728,0.9675703370475971,23.49199999999973,2.0,0.4404135772776748,0.1179045568933916,0.8669765835437857,-0.0536838785241248,-1.1596268049242395,0.3415792616599011,0.2590238733572099,-0.28774096903220897,-0.19165637385537154,-0.9018756023599062,23.49199999999973,3.0,-0.1729393831616775,-0.1422484362950331,0.9534502357875194,-0.7587801119105312,0.3484108856445882,-1.1641545768828532,0.9650868929485407,-0.10744991430248522,0.11960213222539114,-0.20677798466582623,23.49199999999973,4.0,-0.2218257207079637,-0.2543728237419397,0.9199944652952778,-0.2230882261929807,-1.047336688398748,-3.250193250585608,-0.7483674244523865,0.15957009888584942,-0.18018336151896228,0.6180756731920363,23.48700000000008,5.0,-0.0753544161129195,0.2691024854390988,0.9389475833627672,-0.8155235202929448,-1.0811612620960995,-4.284219098150132,-0.5120579571807227,-0.0886115043534682,0.11910201384270368,-0.846025626138318,23.48799999999983,6.0,-0.1905757580697199,-0.0858614325129875,0.9569068370760916,4.395159218320903,2.8464697666844736,-6.584857056055886,-0.5057629064576528,-0.25170795927729633,-0.3862465692856563,0.729150583489465,23.48799999999983,7.0,-0.046383775450041,-0.072742765803497,0.9755977836169256,-0.8014082935688721,-0.6233441549912944,-2.050875397453127,0.6348710809179944,-0.25605765734027275,0.04151665763743303,-0.7277702617378957,23.48799999999983,8.0,-0.0738901279517829,-0.084060455635967,0.9738029003805352,-0.2683773026939141,-0.3452819446014791,-0.5024256141534444,-0.9743495149685087,-0.10229077004494044,-0.05522670600417274,0.19269050829808249
353,23.539999999999964,0.0,-0.0287535188115645,-0.1022461286538276,0.9737889732027458,-0.3774416932144002,0.0416691243817118,-2.2537578070712345,-0.3299967269332998,-0.00646642747192147,-0.09649072522038861,0.9390153808514018,23.539999999999964,1.0,0.1847874848532754,0.2309790313717923,0.933827217695088,-1.184165204100041,-0.3856735992170109,-2.961447865661753,0.10136749661338292,0.07041839290197911,0.17264920733438982,0.9772195924040027,23.539999999999964,2.0,0.4542463257277803,0.1201493510951642,0.8593860651617653,-0.6755147735595755,0.2537529977137178,-2.022621889193051,0.16277940610615646,-0.2560072328333977,-0.18056661362950902,-0.9356061456227643,23.539999999999964,3.0,-0.1790101251226324,-0.1867667747747911,0.9453716448803624,0.032330513444242,0.0479084886300433,-2.6958076996696243,0.9305524070679551,-0.11752442897794212,0.10382822383275683,-0.33087750940367394,23.539999999999964,4.0,-0.1320501086565943,-0.2985992523454591,0.9232135480496992,0.160467394084223,0.2944834307024544,-3.34319802109148,-0.6451501492952298,0.16796195694975424,-0.15334510805441753,0.7294212388721147,23.507000000000065,5.0,-0.1314837155676084,0.2275794344218153,0.943981267594216,0.9534029391415656,-0.0273618682135726,-5.2443581846549785,-0.7362903096566223,-0.15253497893335224,0.01148455415310508,-0.6591492737790595,23.50799999999981,6.0,-0.2570482970671343,-0.0168952994539919,0.9455018359745508,2.429827398437198,0.8559497750335933,-4.018759567852509,-0.32751706811767384,-0.2330234740532456,-0.3424525376373936,0.8492107453968472,23.50799999999981,7.0,0.0030469139547068,-0.0954834849085079,0.9749146734074112,-0.0121735034115322,-0.4691957987233627,-2.0705530839012973,0.5649079311712153,-0.2579033876044381,0.0004354959381603322,-0.7838141886348449,23.50799999999981,8.0,-0.0422098590791872,-0.1124325344278501,0.9722583262686134,-0.7064352877414418,-0.5050136257144654,-1.106161776477559,-0.9674136492244868,-0.0449108506518192,-0.037703576245456866,0.2463174519318402
354,23.61499999999978,0.0,-0.0208833402087599,-0.1196699432596129,0.971925918361048,0.0315443852223498,0.2105694148806977,-2.1073506610861688,-0.23110458517748234,-0.004634051434240946,-0.09512778054413805,0.9682561136631129,23.61499999999978,1.0,0.1694340584659026,0.1852627155619725,0.9470669596466644,-1.1487844199824953,-0.4398252808080818,-1.8196432287985007,0.19850671821160393,0.0670683284746546,0.11020530600264732,0.9715717743272175,23.61499999999978,2.0,0.4205976650721795,0.0971077049302393,0.8800464179684001,-2.2083273950365614,0.2053863925723343,-2.4208329428913937,0.02548048252351418,-0.22512422240455826,-0.09761186838530228,-0.9690932631318011,23.61499999999978,3.0,-0.1430643960550061,-0.1885722083609481,0.9510852226878996,0.688118394771545,0.1324591402004067,-2.5128742670611457,0.8873831858103995,-0.09222685096596885,0.08584284026984725,-0.4434820134755096,23.61499999999978,4.0,-0.1061102643702126,-0.2867620111169488,0.9312138104514164,0.7309542997110676,0.5989856034520251,-2.607267389913688,-0.5546858056705319,0.13603591717921165,-0.12435723735552107,0.8113896497627673,23.578999999999724,5.0,-0.1719814344419497,0.214245058064794,0.9406452260560844,1.1762558635260416,-0.5745781370314075,-1.9119052671070167,-0.7911407145217093,-0.20666246716876113,-0.040255184706354655,-0.5742530057335854,23.578999999999724,6.0,-0.2339580453764865,0.1223616453012996,0.9436732807294976,2.873060366253237,-0.6624434536612818,1.5960611580289756,-0.385939980214908,-0.28351615639601296,-0.1547422581254188,0.8641317921963028,23.579999999999927,7.0,0.0433575076403429,-0.1010926932601485,0.9736526043207746,-0.2463223109513749,-0.1041831441299297,-3.2364244620623097,0.44069327185025925,-0.2500189164867441,-0.03216741857209557,-0.8615365568141119,23.579999999999927,8.0,0.0218574556787922,-0.1718666967042856,0.964450667579844,-0.9273004138851412,-0.5787592719716411,-3.8652365482167848,-0.9085202563266548,0.024521321995333814,-0.01494386085733523,0.41685288728090564
355,23.69399999999996,0.0,-0.0093182405913206,-0.1201443359160774,0.9720789622965652,-0.3200691609096462,-0.1783656915883226,-2.2112821819118933,-0.1256721910982066,0.018363793635464164,-0.10491551865266807,0.9863376731189636,23.69399999999996,1.0,0.2000796430010094,0.1351240510634593,0.9498887446858122,-1.2436060586268225,-0.8829787307821786,-2.1202941432405287,0.31226158522009423,0.08387742643441379,0.03848239702179637,0.9455032442303041,23.69399999999996,2.0,0.4143634062724396,0.0357337815255548,0.8866324291385832,-2.7985782612571497,-0.7454698838571874,-4.001511797875289,-0.20920664546462095,-0.21863796195428345,0.01022384131354039,-0.9530611177436173,23.695000000000164,3.0,-0.1464889736198554,-0.1590995659741918,0.9546398843095888,0.9214080154994602,0.8960161985944454,-2.924782200157067,0.8177356564984605,-0.041736194794663645,0.09696306494994515,-0.5658309377990977,23.695000000000164,4.0,-0.1175949018958645,-0.2513566405344887,0.9401894906386256,1.2207549533651958,1.3250221460286968,-3.381401261601935,-0.4228297270510232,0.06796967249001276,-0.0921225795856677,0.8989485946782719,23.654999999999745,5.0,-0.1220448150428284,0.2583172559381244,0.9376493259240148,0.9653926484108056,-1.2823213387376031,-1.104991463931692,-0.8171781952815471,-0.2672619803118128,-0.039521580469180737,-0.5091452402933959,23.65599999999995,6.0,-0.168091030163684,0.1355944766843035,0.9560599057962956,-0.1342745091163037,-1.5745494913238276,-3.6707846003556734,-0.25039993943018346,-0.17074632269862242,-0.1611297996822965,0.9392458417648711,23.65599999999995,7.0,0.0715232480314727,-0.0935383522664318,0.97286330059588,0.1495670200431429,-0.1120378574196841,-3.079035049012306,0.314854462873335,-0.23099814931970367,-0.07314350279551662,-0.9176908794460246,23.65599999999995,8.0,0.116771680132618,-0.1811967158536385,0.9564356355149372,-0.6189747064182638,-0.5925931691565347,-4.469496357124518,-0.8043546466067537,0.07236032055622475,0.014938599431818342,0.5895374667806453
356,23.779,0.0,0.0082205334677955,-0.1313436220357094,0.9710953999376402,0.0692047992501473,0.058743802810922,-1.987801276333196,-0.027571650855441412,0.025742131474473805,-0.0956254738081489,0.9947024256003518,23.779,1.0,0.1781632360290974,0.091250686540711,0.9587091183114348,-1.12216630535742,0.4018288402041339,-1.6319191786022007,0.39471986153391997,0.041495512790320835,-0.00573110599706507,0.9178461242239692,23.779,2.0,0.4088343684538748,-0.0550994169458872,0.8875040920599433,-3.5572673971246287,0.31076578063295,-3.010294831624084,-0.4006904096990294,-0.13695013753218088,0.16360004320614063,-0.89102574669203,23.779,3.0,-0.1716390884009351,-0.1273073788236648,0.9562917204650176,1.0465319137373157,0.8802495377135648,-1.9206655290197407,0.7597924544019691,0.0172951871367409,0.10334409706922698,-0.6416668141151474,23.779,4.0,-0.1588505080021877,-0.208212382514116,0.9444962254425596,1.077426624651496,1.201423699265077,-1.212075629709917,-0.3689339361325153,-0.009658847815506143,-0.06990768225495708,0.9267725575298321,23.711,5.0,-0.2951309188065688,0.1283468397347362,0.9555348394980144,9.784079089474226,5.426469097689829,-11.322909059269293,-0.6669020385698767,-0.38001957170681755,-0.6061762679609523,0.2082717653260792,23.711,6.0,-0.4561633139924057,0.2277316809227564,0.9254805846000024,-14.536332199379585,-10.910378785854297,-0.9264563787383018,-0.4318779612011074,0.6583302115552195,-0.5820646863496819,0.20318331645851528,23.711,7.0,0.3053408888456875,-0.175438033080795,0.9702646227435416,4.971498749705248,0.3929974663965579,-1.886233918627916,0.29634824483687405,-0.13098212763588327,-0.3049482120169611,-0.895560153205657,23.711,8.0,0.2910543504790339,-0.2420867087912027,0.947952736424064,-2.372062865143112,-1.3549453451748128,-4.27853580222523,-0.6654647825283019,0.19767931216372198,0.03442483284814082,0.7189537145327334
357,23.82400000000007,0.0,0.0282473466240099,-0.1193200270604612,0.9716953321648684,0.1070857947853437,-0.0129763458782709,-2.0357601778088714,0.0738475050767644,0.0361000454035608,-0.08354362814536748,0.9931081486485279,23.82499999999981,1.0,0.1829632917672198,0.0278409979746098,0.962473538699886,-1.9614314109053173,-1.256799947050354,-3.5692760465464386,0.5686219344488905,0.0507326897033753,-0.12627467748142748,0.8112644425130588,23.82499999999981,2.0,0.4007716045455222,-0.0873406288519393,0.8896244913117867,-1.6534940733958317,0.2383836614518167,-3.497156954317836,-0.5759802765539868,-0.11289494959244396,0.20971812199315468,-0.7819972894358245,23.82499999999981,3.0,-0.2259792274576198,-0.0934203132684722,0.9490242535501808,0.9040092015667373,1.0090882593602966,-2.667911711672707,0.6676724340674771,0.06806676801465593,0.11844939444956448,-0.7318129384159457,23.82499999999981,4.0,-0.2440944630429883,-0.1336035207706942,0.938752892059156,1.3304563352716747,1.7171000193660366,-0.0610639972333978,-0.3615692026804342,-0.12164512423319547,-0.04366381378442879,0.9233437316563774,23.766999999999825,5.0,-0.0696907381313595,0.2868093229583054,0.934008893578056,0.1442566542549844,-0.7015748969942751,-0.0815105937315761,-0.7196042946321871,-0.3646326584624045,-0.5450626082176535,0.22829681700041468,23.766999999999825,6.0,-0.064847886634432,0.0661519216738833,0.9760495247977432,-0.0446695002475528,-1.6339139575738164,1.004912864706404,-0.5227250185651456,0.628602932713031,-0.5596365936449773,0.13573426613825754,23.766999999999825,7.0,0.0959883674389696,0.0312164359011462,0.974787036970656,1.4560085083006218,-0.1562995605791582,-3.408757126169036,0.15657980079814351,-0.06440802027223459,-0.3644005829570919,-0.9157218944893459,23.766999999999825,8.0,0.1761722314783989,-0.196248552114243,0.9427602296708238,-0.720026202502921,-0.3952668717296138,-2.300814298503384,-0.5772964206122267,0.22296874924012308,0.0416759111402783,0.7843958809435665
358,23.916000000000167,0.0,0.0398170884453257,-0.1175588072553008,0.9718932689881374,-0.097089750788677,0.1744660229169545,-2.364433195049983,0.19339288819807565,0.034842979504385786,-0.08067964883632354,0.9771775436620058,23.91699999999992,1.0,0.2427819399746388,-0.0174456190603513,0.949790808545625,-1.1802316431482376,-0.8729326427682679,-2.3329228124970123,0.6626277387800577,0.06708113783840078,-0.1909577290440573,0.7210823437471406,23.91699999999992,2.0,0.440790412531563,-0.0932257508134399,0.8697785761936914,-0.9784350180375592,-0.5929379595557501,-1.747023429919821,-0.6452166598935478,-0.12750007984650216,0.25316059697813675,-0.7094708616797613,23.91699999999992,3.0,-0.2757153251574563,-0.0675674680250555,0.938256199946476,1.1106451578094847,0.9970775835835716,-1.49984505435639,0.6036795194008249,0.1305717708614257,0.1179986278660267,-0.7775592416863395,23.91699999999992,4.0,-0.3562302517843924,-0.0636765629180779,0.9103841513606048,0.8790281389047129,1.658206081532301,-0.3671071579519116,-0.33615174998337194,-0.21692840214926987,-0.040286918320736574,0.9155987295405666,23.83399999999984,5.0,-0.0135821616083436,0.2936322249314801,0.9345339166492744,-0.6846642666993343,-1.070092517983406,-2.079594430726445,-0.7688631312148131,-0.2580322187486389,-0.5022639415088382,0.29999965434349113,23.83399999999984,6.0,0.0132290517940029,0.0367742079008007,0.9792025581165016,-0.3381540483405366,-0.9591298063245306,-1.2151330630507644,-0.5663561647381278,0.6580384755637312,-0.4772970997225631,0.13569649198600942,23.83500000000004,7.0,0.1122603293942071,0.059032131360108,0.9715450714770708,0.1459897765400324,-0.3215766684896706,-2.0328584880663465,0.0619314434584657,-0.038046012309669114,-0.3497328098096887,-0.9340256736306038,23.83500000000004,8.0,0.2084302957348247,-0.2537495847376414,0.9235756385187776,-1.9466061519920024,0.9334492284192978,-4.106544019432811,-0.4049601509852454,0.21382792748375,-0.016642758674782338,0.8888238926388649
359,23.971000000000004,0.0,0.0360287223269469,-0.1019253525084398,0.9733910589704008,0.306510409044339,0.4163761925055337,-2.175450167846662,0.30242211055020507,0.02556620825341766,-0.054043835147441446,0.9512972721123816,23.97199999999976,1.0,0.2677797300186674,-0.0216719439346944,0.9423578635726564,-0.385889348691001,-0.1203270471623544,-2.345233748002755,0.7490081308176401,0.08262546877812019,-0.19052943601420977,0.629172779044332,23.97199999999976,2.0,0.4589973168266021,-0.0715966766823834,0.8632446808605417,-0.783272931935958,0.2388188699945544,-2.9094263241641007,-0.7577453307497782,-0.1290001867870036,0.24661228088965637,-0.5902231344586797,23.97199999999976,3.0,-0.3278993309606171,-0.0111580615108057,0.9238406390817092,1.1771855220446612,0.9606863853084808,-0.6207221042923542,0.5669858045744561,0.19776823968883284,0.10476955360888716,-0.79274091695713,23.97199999999976,4.0,-0.4348462759247684,-0.03462316881647,0.8776821477593503,1.075832925057122,1.3936655339935942,-0.8388587954004008,-0.283200812073562,-0.2948178570481935,-0.02851467925224488,0.9121768711568649,23.86499999999978,5.0,0.0467843737488351,0.2633736821550532,0.9428586988096456,0.0635214918596015,-1.2366288395014933,-0.2121115957408902,-0.8205894589202619,-0.2291998794874065,-0.4115507803245292,0.32361444709125925,23.86499999999978,6.0,0.07658191880456,0.0212802053687737,0.9771168622901124,-0.5628020528400794,-1.1675908492205431,-0.9714507467295928,-0.6039433499605289,0.6823278086329335,-0.39367669109715303,0.12124295646110658,23.86499999999978,7.0,0.1231083669954223,0.116435397674186,0.9654471130746494,0.840340707176725,-0.4041085352871933,-2.558558317746068,-0.06106273553271349,-0.013503893590888258,-0.36670194191688554,-0.9282341692598549,23.86499999999978,8.0,0.1641157416335053,-0.2743757116252252,0.9263654744312506,-0.9896871131696288,2.798326055242914,-4.85873389906658,-0.18466158552015094,0.0975279310714358,-0.06992608577202337,0.9754479709460228
360,24.06399999999985,0.0,0.0129262690500264,-0.0737680115942974,0.976918211537624,0.3765772961240404,0.5743937694442018,-2.25681748665253,0.4129098848473768,0.009131420599721628,-0.02143911058413147,0.9104737276223397,24.06500000000005,1.0,0.2725061593154187,0.0033455848270221,0.9414723576384624,-0.1990295768547144,0.024560682099081,-2.2860179737282644,0.8222484038191656,0.09652442125307356,-0.17570880255852736,0.5326509318700586,24.06500000000005,2.0,0.4580938273922024,-0.0268534476814078,0.8657401097631927,-0.5539623595739018,0.2652366537675481,-2.652910946602264,-0.8413671390935792,-0.13096013081299757,0.22860445381855177,-0.47190124505583775,24.06500000000005,3.0,-0.3721510675017759,0.0310628757570851,0.906143852104614,0.9072404919746688,0.6066253491330216,-1.7385704629587038,0.48728710297551087,0.23234258919044506,0.10363339814739186,-0.8353611909290722,24.06500000000005,4.0,-0.4575460895709176,0.039394617931698,0.8653904552260656,1.3861544727797712,-0.2305030920977505,-0.2141241314686472,-0.25361954205949205,-0.2965325860653326,0.032262203921321266,0.9201655848188839,24.059999999999945,5.0,0.0940054630862123,0.2502236503278799,0.941360238020779,-0.6306562202956258,-0.7378761910989158,-0.8477919321359683,-0.8486152417564774,-0.16519691061458242,-0.35852789064198237,0.3521645976156654,24.059999999999945,6.0,0.1277433740336859,0.0007976276305706,0.9716424209454078,-0.5739044510228534,-0.5982214418956248,-3.2316102189938367,-0.6053299421821542,0.7347250313347213,-0.23756498389311712,0.1931778140879683,24.06100000000015,7.0,0.0939991301200326,0.1556077786337024,0.9629617763781498,0.0894269716033801,0.4556153991063996,-1.8209418023917727,-0.13657204668952552,0.03894735610856677,-0.34567211497820827,-0.9275462082514697,24.06100000000015,8.0,0.1279392553751056,-0.3440640742326738,0.9089644986227332,-2.2224051939484744,1.3850713726193673,-2.755688630807627,-0.03604067477078322,0.043337290458337674,-0.18758434195273815,0.9806299320701742
361,24.12699999999996,0.0,-0.0158980848721116,-0.0549580753151391,0.9787465764206048,0.1931543214233616,0.5499385334954251,-2.3107461645385987,0.5206442345917608,-0.011401171033042943,0.0004951885691882973,0.8536974575771651,24.12800000000016,1.0,0.2609927038095598,0.0359284577474671,0.9434208787609398,-0.0738790046026324,0.2410944865171632,-2.26649268971045,0.8836711741577812,0.10577654543076011,-0.1468775670247218,0.43169845807489415,24.12800000000016,2.0,0.441033461527904,0.0193214339426158,0.874785784065514,-0.483594309828,0.3457529909859771,-2.300749730269799,-0.8997560430975128,-0.12581954927407177,0.20562828577541437,-0.36376573783005006,24.128999999999905,3.0,-0.4045415397755368,0.030921080052629,0.8921496676031533,0.9817128868052336,0.4263135747103823,-2.713359975338325,0.3631680579474729,0.2514624201031996,0.10431082501457141,-0.8910638948735845,24.128999999999905,4.0,-0.4505666883215938,0.0689241669709212,0.8676912576384966,1.4735856720572131,-0.2167233652781015,-2.233577936727111,-0.12888153552841236,-0.29743977564112956,0.06294016997971373,0.9439055380011909,24.12699999999996,5.0,0.1349530683655027,0.226953027152506,0.9437626782221524,-0.4991398055705043,-1.097075153681195,-1.4184940903529455,-0.8610218865910133,-0.09346451648494876,-0.2883696457767298,0.4083486774364407,24.12800000000016,6.0,0.1587675252822083,0.0354878775918555,0.9668373614314816,0.2176750673758083,-0.2919380296121384,-2.780100743267128,-0.6169833958825933,0.7279187509651621,-0.10874284858308407,0.278640941142069,24.12800000000016,7.0,0.0472363891132955,0.1820958315545586,0.9616854120105968,0.128739359902625,0.426092167121637,-1.4073789087814328,-0.1948646760221522,0.07626491377145375,-0.327312229203596,-0.9214543534977666,24.12800000000016,8.0,0.099260954468235,-0.4264538957541508,0.876615273488982,-1.6510280362044931,1.9086457407887747,-3.729047429082345,0.17272781266528545,-0.0289663489364587,-0.26807669242126075,0.9473441509512972
362,24.192000000000007,0.0,-0.0405146857789438,-0.054872088359713,0.9770100378989344,0.0034973924281587,0.4700434193652814,-2.293522422921668,0.6200093382215658,-0.033800446962198236,0.010078539670849908,0.783801233311938,24.19299999999976,1.0,0.2271851305773181,0.0662006278756672,0.9508130170088304,-0.1629124591520559,0.6028294358395343,-2.2390999590428886,0.933889464720834,0.09871225281041998,-0.10453909825088567,0.3273804144499447,24.19299999999976,2.0,0.4089908226688806,0.0387241142032164,0.889978061500287,-0.6533828813437697,0.5391329762567226,-1.4537487260291295,-0.9336576588284389,-0.097403650548876,0.1829912797429237,-0.29207892171260486,24.19299999999976,3.0,-0.412684460929838,0.0210231785059675,0.8884450245640162,0.9915920337594936,-0.2736863431362305,-2.421565679366534,0.2469625485862151,0.2356760464258429,0.08319771800739159,-0.9362395208787375,24.19299999999976,4.0,-0.4397565078050044,0.0556206783231378,0.8739488280134147,1.0335682097688064,-0.4493911194151826,-2.760532313790467,0.019563760921813788,-0.2817256854456892,0.06664319733839982,0.9569778376050648,24.240999999999985,5.0,0.1756768968447364,0.1867729122973881,0.946027223258906,-0.917457891874814,-0.9816518578876448,-2.3353042891047444,-0.8392573561923837,0.0022097890754798036,-0.23041740181119164,0.49249368305775454,24.240999999999985,6.0,0.1536842992908358,0.0784858894806705,0.9643210571712686,-0.0389850213130936,-0.2052387412882925,-2.1142067148382035,-0.6136766391996076,0.7072732672657752,-0.017096216785741056,0.3505327763326634,24.240999999999985,7.0,-0.0140212478984653,0.1337498843805516,0.9710753693898116,-0.931451422477915,0.5515877229849164,-2.4164530792980643,-0.29708003136496797,0.1507761350165509,-0.2516143769795819,-0.9086804814514491,24.24199999999973,8.0,0.1103896596649829,-0.4640258017343572,0.8562559070533974,-0.1117997284053876,1.956487142161932,-3.803143866397058,0.38740283652290264,-0.06965528901926268,-0.2530480556353005,0.8837612033263544
363,24.26299999999992,0.0,-0.058505234896822,-0.0700264757260482,0.9761825803542372,-0.2033119857429994,0.4111742319062924,-2.501273099434262,0.7180691053233097,-0.059916210488324705,0.007393960910871664,0.6933484960991471,24.264000000000124,1.0,0.1660316597361054,0.0842349155544014,0.9622593033932264,-0.2617349039387062,0.7193114396429287,-1.9012000160845843,0.9663413207527015,0.08077380902646161,-0.061915577614703836,0.23627633150596913,24.264000000000124,2.0,0.3575792155249219,0.038335943745171,0.9111840977770346,-0.6867743649463901,0.8965343289711147,-1.609591426142284,-0.9648447043098259,-0.06319085225917001,0.1425889094128349,-0.2115419950470891,24.264000000000124,3.0,-0.3748794369302585,0.0095716838580534,0.9053164036042723,0.932928787750378,-0.8795389824060608,-2.721086908479062,0.11438262879506962,0.18567674916063048,0.05725864988741743,-0.9742495604639192,24.264000000000124,4.0,-0.417175500031022,0.0287619270329215,0.8863466329417736,0.9095201443411356,-0.6541851997474705,-3.235547585813144,0.19307071708281617,-0.25053983933458834,0.05925900888024095,0.9468061348438007,24.299999999999727,5.0,0.1719223972331895,0.2084420773443945,0.9418617678417288,0.1590980065336029,-0.2958244081685098,-3.06204118055373,-0.7709535303987977,0.0349955175425778,-0.17840775860109068,0.6103905629910182,24.299999999999727,6.0,0.1614992327413366,0.0835844497342035,0.9629312735530974,-0.3175898761204135,-0.1625568650057441,-4.495889359773321,-0.5405339641798166,0.6781070664011706,0.14313443369825948,0.47697628238176576,24.299999999999727,7.0,-0.0548440153942094,0.079461181088855,0.974979002171536,-0.792922505448204,0.1430367845420289,-3.359296479991007,-0.4480120036863936,0.2085181188244936,-0.16386725612631464,-0.8537874214606526,24.30099999999993,8.0,0.1068468519379856,-0.3896461194956473,0.8921601043495085,1.0505492801940672,1.2985906873115134,-3.547887997776772,0.5723002580897266,-0.04826917266216686,-0.17630773013506823,0.7994110868980754
364,24.335999999999785,0.0,-0.072558266346058,-0.1065698449959277,0.9708821587208194,-0.4860383237389674,0.4491559470183565,-2.610100428124529,0.805558005165633,-0.09654892962416017,-0.005887104101377342,0.5845681709666501,24.335999999999785,1.0,0.1204711854090214,0.0717537567902577,0.9695024970945818,-0.7016325574409189,0.3669715269642795,-1.9433764813135088,0.9883127120702226,0.044256367568508606,-0.046273523367246175,0.13834058741100955,24.335999999999785,2.0,0.2983463861855619,0.0316175090050099,0.9332597532168274,-0.8203736726728261,0.7787301771888648,-1.7965677093725911,-0.9864943341792629,-0.025502863306505176,0.11014074993366238,-0.11852235147613835,24.335999999999785,3.0,-0.3154402671343367,-0.0130654306391887,0.92746467986249,0.8849713399725415,-0.8569527891952265,-3.980643609630994,-0.08670219168344956,0.1286804293891545,0.04129043551347816,-0.987025418611201,24.335999999999785,4.0,-0.3780204312956285,-0.0129109568729756,0.904297993316192,1.3481985096968292,-0.8197224697558906,-4.085891162388483,0.4148849893817752,-0.19508182212802458,0.06483578475736393,0.8863463483739248,24.39100000000008,5.0,0.1304675566736503,0.2372038310641472,0.941354109346796,-0.7553469629086985,0.2307046606391311,-3.573282086582986,-0.6628545968219829,0.07912070366488709,-0.16858803743447803,0.7252184301005667,24.391999999999825,6.0,0.1479603407936165,0.1718440624322762,0.9537150285903064,0.5855338008274011,-0.8401272785445979,-2.8977329347118785,-0.5021857845384559,0.6239042657316543,0.2693268769779976,0.534804579586431,24.391999999999825,7.0,-0.082391016465774,0.0162596184031595,0.9758305924775672,-0.8398330724564047,0.3100408135472134,-4.115725630623176,-0.6185639205555763,0.26690694694393774,-0.06678431503294507,-0.7359885957849898,24.391999999999825,8.0,0.0872649152267335,-0.270744552981518,0.9375799814422814,1.8805567668869785,0.7533598052810968,-1.876519714290028,0.6607649428821258,0.0007562368031892257,-0.07269445992145322,0.7470640092124681
365,24.387,0.0,-0.0797852447440372,-0.1119276170034501,0.9711372319466816,-0.5974462356197261,0.4217247751524674,-2.290012036262018,0.8670614651728334,-0.1309725498922943,-0.019531410616189765,0.48028026274914926,24.387,1.0,0.1061461311246682,0.0682936709691952,0.9714571392258208,-0.9053554264364444,0.3110854257379982,-2.425800204906684,0.9992254521511653,0.0018623485407551399,-0.036584878560627324,0.014372685619477306,24.387,2.0,0.2741004571682477,0.0402732556378373,0.939193805484516,-0.7820778664757043,0.6213957802136776,-1.6204239647546277,-0.9956384415686242,0.0071312518542191415,0.08671266623327384,-0.03367717969946065,24.388,3.0,-0.2821566592571135,-0.0169739235340962,0.937360392568794,1.0001556480543603,-0.4465903813143616,-5.557290020185185,-0.37950489316058184,0.08034863544886013,0.017309119940239072,-0.9215316203015369,24.388,4.0,-0.3578662016495764,-0.0273835675101922,0.9128624879724871,2.069558659679381,-1.015120034305797,-4.138977089421729,0.6305414211873226,-0.09826238298298946,0.10605719364073207,0.7625705816084357,24.44900000000007,5.0,0.1117126499613301,0.3035839502460832,0.924985442583612,0.9167423718691152,-0.8270499771085713,-2.927903006419581,-0.5725424215367586,0.09778805171924443,-0.06918648775242363,0.8110770015197464,24.44999999999981,6.0,0.1809021494008786,0.1641439510057896,0.94952629015228,0.243249926394659,-0.4388702326860204,2.052812274155137,-0.5751528162522304,0.6191793847069347,0.21489001983517653,0.4895287600195799,24.44999999999981,7.0,-0.0929338992758772,-0.097147888487748,0.971184626179674,-1.0589340678844217,0.0456962591221229,-2.576206145762085,-0.7022504696932731,0.29459542406584016,0.017299220222185063,-0.6478877610471966,24.44999999999981,8.0,0.0913918174451329,-0.1910379409991866,0.9565490268683916,0.5148718629671076,0.4816384356548147,0.5083283609848692,0.643260441552329,-0.005479930345025329,-0.04103429932445451,0.764527410219063
366,24.43899999999985,0.0,-0.0762902177264039,-0.1551990474697118,0.9649430337298424,-0.5171614115030078,0.3389022655824353,-2.368748123226818,0.9168229209246066,-0.15537745197304662,-0.03319785325656447,0.3663215549551943,24.43899999999985,1.0,0.1012471366429515,0.0291678020148573,0.9737300738126689,-0.9139834731102764,0.0660052313902606,-2.247113052987242,0.9935445699911342,-0.038154112419167587,-0.039464913831792924,-0.09927724675315533,24.43899999999985,2.0,0.2605185062676107,0.0074800451795408,0.9440037906789384,-0.9160316533527078,0.298158142617165,-1.4900737663128871,-0.9946582416666025,0.04520048241411321,0.08118072176430742,0.044962085005705706,24.44000000000005,3.0,-0.2644534991646147,-0.0302761897550746,0.9428964413515974,1.071541435836568,-0.3415113542859396,-4.626436043386958,-0.6050358948956718,0.03371949191467639,-0.021331098053720157,-0.7951978030708036,24.44000000000005,4.0,-0.3227026502752648,-0.0021308913757718,0.924979707240794,1.9534168140193613,-0.7274545064581454,-4.1631198293006495,0.8009119278149617,-0.01756319212196701,0.14779521595254067,0.579989820865634,24.463999999999945,5.0,0.0677650122780179,0.3414979688200598,0.9157587239020624,0.2145689901600138,0.2264322050841693,-1.9729916823958928,-0.49471838115687866,0.07662483564840634,-0.03638520188655177,0.8649037374130413,24.465000000000146,6.0,0.2397859069169937,0.1422012711974172,0.9396661733370176,-0.1572308307288778,-0.412232824290029,2.0587288879547634,-0.6330753585966908,0.6175827135341128,0.1552212019034666,0.4401290274012341,24.465000000000146,7.0,-0.0559507924105214,-0.1700477315362868,0.962248033423814,-0.4071154649473563,-0.1113667753566495,-1.7523325873849835,-0.7572184754675227,0.2838833070772312,0.06235427023322182,-0.5849293917706798,24.465000000000146,8.0,0.057782493393493,-0.1546633198722375,0.9651105848260751,0.3568958828396881,0.411497082422755,1.0036231460229352,0.6058717724998097,-0.01458089177182062,-0.01804535526712457,0.7952239672170102
367,24.485000000000127,0.0,-0.0648878744749534,-0.1980093928487598,0.9572449237733194,-0.3484462704256748,0.2821374090103812,-2.4518678752045826,0.9541361956559219,-0.16707196182681797,-0.043733061904468025,0.24453731618516347,24.485000000000127,1.0,0.1045185382895782,-0.013647651398282,0.9740973343383714,-0.8616515756759857,-0.1171178642955832,-2.244091850915253,0.9737175207508225,-0.07349109553570443,-0.05017711487451923,-0.20965568392653383,24.485000000000127,2.0,0.2457586683230395,-0.0272030445986835,0.9486114438001726,-1.0219028196032989,0.2850275778176636,-2.1683554446153868,-0.98111192388212,0.0831692171528737,0.07775065516985798,0.15638769054871718,24.48599999999988,3.0,-0.2387439640102092,-0.0346469250300135,0.9498904727570736,0.9803593040705644,-0.4925416336464127,-3.120069608465485,-0.732004690876006,-0.010746850922620935,-0.04896780387780919,-0.679452567817765,24.48599999999988,4.0,-0.287043540754189,0.0252446379697319,0.9365990145014436,1.394728494401609,-0.5237674671964763,-3.6512937082519694,0.9027017372331082,0.027601741507850438,0.16597503556631826,0.39600505682481074,24.58699999999999,5.0,-0.0150722157352293,0.3572895100193695,0.9122061358831948,0.8723654598125435,-0.1310428293399426,-6.421510562761423,-0.22940513807531654,0.07734764326724533,0.048600553330030764,0.9690348863284866,24.58699999999999,6.0,0.1673695904663201,0.1531596839570944,0.95329666494607,-0.603785727547719,1.1378082384076162,-5.946714763782352,-0.5046279854040566,0.5194493574268522,0.26808532066601015,0.6353370934073315,24.58799999999973,7.0,-0.0040480851117524,-0.115853332477973,0.9727397485251008,0.9733770833803804,-0.6222953254714831,-3.612804947119,-0.8752883632103065,0.18592454128140987,0.09326626019491088,-0.4365818948229244,24.588999999999945,8.0,0.034375788706992,-0.1485216151590814,0.9684878083803172,0.018008990983939,0.3672542994799567,0.7462375673443107,0.5766544160565571,-0.030940835565592448,-0.010837410492002809,0.8163301413465033
368,24.54599999999982,0.0,-0.048029330986374,-0.218106872879547,0.9539463168164686,-0.0630036560124456,0.2420109602168329,-1.9915871445614783,0.974949468155528,-0.16266972234399055,-0.044749512202653254,0.1449468079448695,24.54599999999982,1.0,0.1123617396593749,-0.0514654685387607,0.9717958350439688,-0.8508518791879349,0.0051496728194647,-2.513275827605136,0.9373553781942412,-0.10308044434415971,-0.05373304304190063,-0.3284083997853875,24.54599999999982,2.0,0.2148598508228595,-0.0398986009474126,0.9554733623428848,-0.8202933360725299,0.7426867275062273,-3.0837972542899643,-0.9451134455025396,0.09904813754107289,0.05337897012570786,0.3067584181864965,24.54599999999982,3.0,-0.1960519582087194,-0.018177121088704,0.960241231124478,0.8351122017476896,-0.537955519154607,-2.442645398310144,-0.8145278560410748,-0.04807936624435873,-0.06365870895453654,-0.5746131873259722,24.54599999999982,4.0,-0.2603350254582279,0.0401379078587833,0.9443350162269658,0.925263135887784,-0.4361693530432057,-2.4484549817647903,0.9477117174551432,0.05323673625872037,0.16543407451958722,0.26765634216022266,24.61499999999978,5.0,-0.1093017007021618,0.286711208875817,0.9305502785602628,-1.423268032641415,0.2754741324069896,-2.511472076235336,-0.10274450689470072,0.05110332093838891,-0.005470446477049399,0.9933791275778723,24.615999999999985,6.0,0.0853337352365987,0.141403373686164,0.9662159383599204,0.1833924759635062,1.2802783456413125,-0.1935371354855977,-0.533734143313907,0.43520511211285745,0.23083305919549185,0.6873430536742591,24.615999999999985,7.0,0.0295829530077845,-0.0372654500411743,0.9789765753707124,0.9824762478320348,-0.1144513433741624,-1.91690295879014,-0.9259715519175563,0.11052342346877313,0.0806688754403454,-0.3519286723745657,24.615999999999985,8.0,0.0245201863354586,-0.1111584600326773,0.9734739633011446,0.5598972194889094,0.013662248071502,-0.8953276124227565,0.6144263709530212,-0.013108946170852412,0.007466490468676439,0.7888299193919251
369,24.619000000000145,0.0,-0.0413707837702837,-0.2176979599699342,0.955169648007704,0.1626376854856564,0.2605672684114022,-1.185620673585756,0.9845800712287343,-0.14870070680059372,-0.03461576779759231,0.08539280857313428,24.619000000000145,1.0,0.1178214444633004,-0.0910118364979445,0.9689189609259656,-0.6586772366563021,0.070107109358619,-1.3950966775716824,0.9097067888075479,-0.12411798112812977,-0.047139665768660306,-0.3934541105000118,24.619000000000145,2.0,0.1846928404777989,-0.0481484563789018,0.9610313630806078,-0.3655195297979597,0.5008780358215904,-1.4817820240038098,-0.919792882270654,0.0995717625977069,0.03484640611782481,0.3779579947535183,24.61999999999989,3.0,-0.171828468196193,0.0072543146292426,0.9642988916495808,0.7028475269904556,-0.2394757958334998,-2.0177969178474866,-0.8699077121917542,-0.06912911521614881,-0.08166890776284598,-0.48146851112358763,24.61999999999989,4.0,-0.2573711800195429,0.0599108032607873,0.9432177751442108,0.821453041661841,-0.0314404438343699,-2.094775079257215,0.968921335311835,0.06995379705389895,0.17827731727206853,0.15657301939206086,24.63099999999985,5.0,-0.1496681743425754,0.2305734354556381,0.9399363427653732,-0.2841404581214838,-0.0345335591950879,-3.1135187031277,0.05370168606261421,0.041770036433708746,0.00010159513019413323,0.9976830070963364,24.63099999999985,6.0,-0.0361730421278128,0.15179784885609,0.9672445006852628,0.1718854322447315,1.5450070927078994,-5.358987463611216,-0.386592308936334,0.2856379176803157,0.2796751435905253,0.8311072016967164,24.632000000000065,7.0,0.0462503102776222,0.0037125809685689,0.9789898495601348,0.6437244490765559,-0.281120670512224,1.0613976477617455,-0.9096840472451805,0.06872121702809392,0.07254811913126737,-0.40309936607283475,24.632000000000065,8.0,0.0310322521305065,-0.0784313645159985,0.9765610684375388,0.3781914226352177,0.0215603747711268,-0.983936744532658,0.6537164672280776,-0.002021047499555363,0.018001993740512513,0.756522718801764
370,24.66699999999992,0.0,-0.0466641203761225,-0.2118697534270756,0.9550574157883248,0.0627972768601714,0.3615077917048318,-0.95742185677281,0.9891130671154928,-0.14148712309971015,-0.018358109752416498,0.036051550100770845,24.66800000000012,1.0,0.1289086419292459,-0.1086905355550192,0.965672785946006,-0.2426159162902667,-0.2331905087829186,-0.5348588862867215,0.8973980340330784,-0.13368235052212685,-0.05555971485978443,-0.4167960121655972,24.66800000000012,2.0,0.1854309173555569,-0.0568855707486921,0.9592655558964222,-0.2042493820823243,-0.3154123138330746,-0.214108905834252,-0.914009406875096,0.11092893299505746,0.05075687246945261,0.3869177120080352,24.66800000000012,3.0,-0.1593379741226103,0.020274415909328,0.9668414337739348,0.3531046662521696,-0.1987703317555179,-1.4706393412200431,-0.9043138399661507,-0.07364436352775433,-0.08613600487804125,-0.4115502098528409,24.66800000000012,4.0,-0.2551760055904372,0.0766276700022502,0.942364794737651,0.6734472106804746,-0.1266144935692407,-2.2931207921188155,0.9797642155059544,0.0779887348419687,0.18077363237970273,0.03606567742326283,24.68899999999985,5.0,-0.1817387310570873,0.2058148618758059,0.9387146937514096,-0.071475264440684,-0.0124494510618139,-1.4342863043710992,0.126223831598491,0.03007855160639764,0.010570047550725296,0.9914893338632709,24.68899999999985,6.0,-0.1429730500771026,0.1112163704114002,0.9632567808762962,-0.248878891300745,0.8197335181646264,-2.56042272503104,-0.29435746151785736,0.18940020073679317,0.2665681994320539,0.8980103807090307,24.69000000000005,7.0,0.0721368350013104,0.0440896163584112,0.9766270438429204,0.3807921797694203,-0.4286569688093293,-1.0054961663250297,-0.9296864724604318,0.028138509432418454,0.08139494507368374,-0.35814263935958857,24.69000000000005,8.0,0.0254648889378532,-0.0606110131695373,0.9772240503149442,0.1491056489633775,0.06297220744918,-0.4631670969951919,0.6712931525053595,-0.0007291659305621541,0.02070921301255062,0.7409022204129656
371,24.769999999999985,0.0,-0.0610855817449448,-0.2069360102107462,0.9558818124543116,0.0006940331648523,0.2713635127026109,-1.0222684728970832,0.9903565164126326,-0.1374270935964001,-0.007408024973965527,-0.01590237437197435,24.769999999999985,1.0,0.1470939689241713,-0.0947112695299709,0.9630509538597404,0.2129480971457946,-0.1795674260190047,-0.4618920844297409,0.8891190364663936,-0.12093927833535204,-0.0700127026099567,-0.4358202053852552,24.769999999999985,2.0,0.2030980132260627,-0.0418033361820633,0.95771638709363,0.2414459611598042,-0.2370970692003442,-0.3710349133141082,-0.9073809933706769,0.09866002255967503,0.07162113680224415,0.40223916465371984,24.769999999999985,3.0,-0.1507420772657615,0.013920872688501,0.9681616783601766,0.0415062760692949,-0.1520143159023171,-1.1009421309658145,-0.927534279615914,-0.06389091162078017,-0.082188803139111,-0.3589472275811777,24.769999999999985,4.0,-0.2520818916106605,0.0678105626341268,0.9440034149923582,0.0791539318982579,-0.246252083061111,-1.704777247486902,0.9824987146384738,0.06197937410704186,0.16849258598877545,-0.04964958595860589,24.733999999999924,5.0,-0.1855926698786542,0.1937145657855668,0.9421396010622958,-0.030397985341772,-0.4945070081650397,-1.4594506607094315,0.1998538892572082,0.043228102081153214,0.018217546713189016,0.9787021381048382,24.733999999999924,6.0,-0.1858301976724262,0.0817792108305241,0.958930288555411,-0.0954708602317137,0.2308600798561517,-1.4870016630461729,-0.2312895000043528,0.1341710628072166,0.25069236827213953,0.9304067011705281,24.735000000000127,7.0,0.0852498714775506,0.0625258486156468,0.9736015497460724,-0.0538220116502842,-0.2391439721165573,-1.660761734979251,-0.9564790516979367,0.012081050321485997,0.08935934336896965,-0.2775189716736715,24.735000000000127,8.0,0.031734567811766,-0.050656539820986,0.9779983804583552,0.1409535635178203,-0.1334768617122137,-0.7809107447553623,0.7004781070887455,0.007762453606290146,0.016405130918931126,0.7134430863656267
372,24.8449999999998,0.0,-0.0699294372843332,-0.2122534844040527,0.9542972975752552,-0.0588410416499237,0.2959805078358209,-0.7646591939558818,0.9890339704109119,-0.13684753825058377,0.006477528906037207,-0.05515975224068631,24.8449999999998,1.0,0.1513102038946383,-0.0667123982669131,0.965750318723654,0.5260037666478997,-0.0178239215351871,-0.4646551097570111,0.8823564816673958,-0.0909003729090132,-0.08280643757752891,-0.45423260050359193,24.8449999999998,2.0,0.2184347113941366,-0.0098618395035833,0.9555888346876836,0.6035675603472265,-0.378887302147717,-0.0178408631060134,-0.9081283974501663,0.07397458347957483,0.10380969009287201,0.3988159011203515,24.846000000000004,3.0,-0.1456527213354924,0.0101881040599147,0.968567750497212,0.0340250646211555,-0.0030669769807019,-0.5784180713251607,-0.9383190736127088,-0.054563399664952404,-0.08318754300696612,-0.331149489203977,24.846000000000004,4.0,-0.238905527044566,0.0563828815202952,0.9485631870460852,0.0184124947394142,-0.2062148997140373,-0.019602820643128,0.984983159877502,0.05954814894863828,0.153623080102024,-0.05159594920620334,24.80899999999974,5.0,-0.148941982181989,0.1690052184466927,0.9538943977618726,-0.4130071863636435,-0.8075548323247632,-0.2077247606783532,0.21234377730595838,0.06838060732645407,-0.001496517897324539,0.9747984269659475,24.80899999999974,6.0,-0.1838684365222717,0.0828070874148448,0.9586221280174612,0.3418386366326321,-0.4279636380878143,-1.1197805147023676,-0.17572764591242013,0.11478337072317221,0.2581744847033912,0.943022008075975,24.80899999999974,7.0,0.1006313967971681,0.0660557681144099,0.9722057176737164,0.1009681675339155,-0.3212671926955077,-0.3003832269275683,-0.9596800059017425,-0.0044340677429206415,0.09839075454859501,-0.2632753021744367,24.80899999999974,8.0,0.0390995966056655,-0.041595811363704,0.9788105077195836,0.1120785684685961,-0.0922925807370565,-0.9604806938365688,0.7347864799577465,0.01341544374302062,0.013021386317591808,0.678040779185773
373,24.88999999999988,0.0,-0.0692490994484951,-0.2171501713243614,0.9530484590614337,0.0478545623502826,0.0519778264936492,-0.5561944378762405,0.9878049804892024,-0.1317642762201539,0.008704907212680317,-0.08248466901990857,24.88999999999988,1.0,0.166146332234307,-0.022840176985488,0.9654075422329984,0.7561862716219879,-0.3765523017141769,-0.3295706270149034,0.8765543083569797,-0.06078022991355707,-0.11617698030666984,-0.46309957611651487,24.88999999999988,2.0,0.2367977724092999,0.032220483876748,0.9498550707348684,0.9665718594524106,-0.3557040240955618,0.0788786520471554,-0.910377927414873,0.03343839622263229,0.14039541446275522,0.387792509638453,24.88999999999988,3.0,-0.1556349259310499,0.0125586165947984,0.9677096935443305,0.1409787830473739,0.2557434022289815,-0.266175324338963,-0.9417474615527818,-0.048409034151775526,-0.09763619412424115,-0.3181751996437147,24.88999999999988,4.0,-0.2549645999177543,0.0522786453367714,0.9452073825518564,0.1415275053315729,0.4818868011753459,-0.4048409849883908,0.9798936311415611,0.062058920561227054,0.1756734300873799,-0.07138632914162181,24.85399999999981,5.0,-0.0992260079966664,0.1603033478764063,0.9612835356941576,-0.133107715489399,-0.5445241783140053,0.6435802763359973,0.18223795378525592,0.0836533698670144,-0.006771766363585813,0.9796660579454473,24.85399999999981,6.0,-0.146564656373579,0.0919034465468558,0.9635904513925532,0.5058954247960051,-0.6097999822319322,-1.0115357963174,-0.12218678054309629,0.10832448453669574,0.2725135228019626,0.94819437701372,24.85399999999981,7.0,0.1196313469357611,0.0747277420725247,0.969239446883523,0.1103093189471973,-0.2197595652260809,-0.1124227914622842,-0.9605440601355704,-0.018012128019558895,0.10248250037209392,-0.2579302403751145,24.85399999999981,8.0,0.048132815846195,-0.0305546614565325,0.9781076856369104,0.1130439664428567,-0.1375727322959914,-0.4152706398698969,0.7488757259584521,0.021174867464689086,0.007945058066710512,0.6623244281395417
374,24.963999999999945,0.0,-0.0575535243616003,-0.2185276601525448,0.953610640451234,-0.0370561210973255,-0.1680002370407206,-0.1324945254328888,0.9873583708296726,-0.1321314478890637,0.002649865701662595,-0.08750832099336386,24.963999999999945,1.0,0.1857268254821112,0.040138020761219,0.9610085772695838,1.1309977636713855,0.0682496763780287,-0.3747212883429851,0.871164067558932,-0.00430031845592819,-0.13709523264574366,-0.47144413437984745,24.965000000000146,2.0,0.2950121550336103,0.0875960218526553,0.9289831889426278,0.8965344461764654,-0.7514051236449183,-0.0285993858215539,-0.9046183147390855,0.005720735341676597,0.19333543205046616,0.3798083576484683,24.965000000000146,3.0,-0.1687095633576527,0.034647691352562,0.965234490015565,0.4969749730638856,0.1700506277298864,0.712270199847269,-0.9284081196887326,-0.06644240071358275,-0.11003264690118306,-0.34862097943091014,24.965000000000146,4.0,-0.2936640835010083,0.0986126781724399,0.9295068293268056,0.544303857499936,0.7103716190166449,0.886752681748045,0.9741565207927019,0.09874415611943621,0.200916155933522,-0.030022706643730142,24.929000000000087,5.0,-0.0646975917685473,0.1758166597052129,0.960929094048802,0.3004979576971135,-0.3086234497083442,0.0702070103146559,0.1784109017990164,0.09169928078780469,0.01490159517221014,0.9795604802581537,24.92999999999984,6.0,-0.1191802198576494,0.0945551994279121,0.9682873485984572,-0.5147886113186708,-0.1867097889088227,0.896084534756167,-0.1583535607983286,0.11815244480445729,0.22305060385792777,0.9545745532371128,24.92999999999984,7.0,0.1325959987159818,0.0816081328753303,0.9668776622578028,0.2337251494565942,-0.1443707541139738,0.4117802181145692,-0.95451060822862,-0.032848692910918915,0.10229503382247236,-0.2781477812392778,24.92999999999984,8.0,0.0560413787530635,-0.02869797907978,0.9780218759640258,-0.0547397453022498,-0.086714416956736,0.1731389200477848,0.743223437655157,0.020786565658870115,-0.0011616411358010294,0.6687192916299276
375,25.023999999999887,0.0,-0.0459884247441611,-0.2190020528090092,0.9537636843867514,-0.0123149829851486,-0.3244724876634622,0.4608292007345018,0.98929224624732,-0.13185774188196495,-0.007268558207591361,-0.06214141519392466,25.023999999999887,1.0,0.1806476400490453,0.0931654126005414,0.958307172069416,0.6511008693680016,-0.1042998890153275,0.6756118620252831,0.886250679480525,0.017668993759868804,-0.1542323360995623,-0.4364171470979266,25.02500000000009,2.0,0.3219428586648238,0.1309164579323902,0.9161739337031796,0.8428902146201472,-0.0735454874019841,0.9289168049785668,-0.9203885145128673,-0.023073436994061638,0.2121035696763916,0.32766549190998207,25.02500000000009,3.0,-0.1856080799445592,0.0709499300284672,0.9591036169717272,0.2868816139748335,0.3950052009166945,0.9346695417965336,-0.9089430916084181,-0.07131877401400351,-0.12875380149993326,-0.3900750534061184,25.02500000000009,4.0,-0.3165063964418572,0.1663641957216066,0.9124492618185917,0.8805054277879323,0.5652224007651513,1.19000731986072,0.9646428617742253,0.15300948646029283,0.21342895933506575,0.022367959190345236,25.019999999999985,5.0,-0.0482106615178575,0.198563726043339,0.9585307396300844,0.2184832900156065,-0.1961224237752643,0.0063872689324409,0.1783496485956648,0.09375987026932281,0.03274576164826294,0.9789423908826085,25.019999999999985,6.0,-0.1147429191554633,0.0808180899365519,0.970185290984506,0.1468432862212111,-0.141226669652991,-0.091864235950188,-0.1525090160890348,0.10549916965050002,0.214089899635909,0.959049758922078,25.019999999999985,7.0,0.139889269711422,0.0899897379453528,0.9652786329781324,0.0345877469859768,-0.0514208581580928,-0.0010976205516798,-0.9546777264678027,-0.03834076371178124,0.09967413116833711,-0.2778227708451954,25.019999999999985,8.0,0.0661253515659815,-0.0409977554726554,0.9770074830452832,-0.1649197483865735,-0.1897192515774204,-0.0207427876012564,0.7440308045951526,0.019622075408232527,-0.01750463214826327,0.6676276835359044
376,25.06899999999996,0.0,-0.0326574037003509,-0.211477389604909,0.9563450254324776,0.1111480481264802,-0.3347796161536518,0.5531299502779095,0.9914697445896765,-0.12507840957236815,-0.017709381334873025,-0.03208605358819669,25.06899999999996,1.0,0.2081896955102675,0.109687864239226,0.9509966472716818,0.3144852193880728,-0.4953930767446691,0.6568967188271025,0.8965086925637197,0.014446243016389863,-0.18033702957266093,-0.40440329620974963,25.06899999999996,2.0,0.348185940694271,0.150881767985501,0.9031092086743524,0.8214480986171886,-0.5266645178190265,1.5018399753343,-0.93540445538248,-0.03596916550543792,0.2505621383283915,0.2468670468486072,25.070000000000164,3.0,-0.1759560293843585,0.108624407755098,0.9578905019693768,0.4344476035226198,-0.217478877118791,1.0866854478403398,-0.8876595048383018,-0.09640060678048316,-0.11988407287710273,-0.4340453150916075,25.070000000000164,4.0,-0.3121458270823226,0.2418142668288837,0.8970456192374512,0.4459040491461156,0.1118381790934881,1.310408314376598,0.9582974594252863,0.18488456534559486,0.2020682877540851,0.08156030799441964,25.04899999999997,5.0,-0.045663002633668,0.1896452010020155,0.960253918464998,-0.4082530586308351,0.0865848173378592,-0.1762665519789935,0.18986290890370727,0.07573054161085942,0.02104020513984276,0.9786594252637748,25.049999999999727,6.0,-0.0875974651219935,0.0861128351532578,0.9724413934659862,-0.0407235273971887,-0.4641141651666616,1.0981678308101432,-0.19962037249287012,0.12590420782459644,0.1927656858625347,0.9524396189217536,25.049999999999727,7.0,0.142535892920808,0.084520562270123,0.9655676018709464,-0.1089148008549184,-0.0393332744129796,0.2361808898233503,-0.9517821602646012,-0.034856910340156304,0.09935141857525963,-0.28814060947855114,25.049999999999727,8.0,0.0807259339991643,-0.0477769569119451,0.9756416790852042,-0.1271079350250119,-0.2131288182055024,-0.026183042353039,0.7447593397120316,0.021004104003500366,-0.032604075390719814,0.6662051694445376
377,25.19000000000005,0.0,-0.0208127843284944,-0.2048155247583116,0.957495915827568,0.1095078428185412,-0.350572950767442,0.636103680997575,0.9925267891584881,-0.11866650166326101,-0.028360204562136095,0.0021290803035568877,25.19000000000005,1.0,0.2299684440763036,0.1218046801520146,0.944298223350118,0.361338875756276,0.049650370288069,0.5489414484200154,0.9082203246393056,0.02628682923260751,-0.18135673330490354,-0.376237398202178,25.19000000000005,2.0,0.3853503656073845,0.1590371713037626,0.8873518320654737,0.1811648394503542,-0.1710575321268822,0.2946685213208487,-0.9373372686608941,-0.03796302029427184,0.25788319992591074,0.23120101441266286,25.19000000000005,3.0,-0.1649151919655456,0.1341896818988068,0.9560152241104032,0.0679762423113966,-0.0237982492511083,0.5255879795249533,-0.8769794541268109,-0.09605549574815075,-0.11641491111088816,-0.45621041992381295,25.19000000000005,4.0,-0.304935245191833,0.2492104782129241,0.8975965874426454,-0.4137046085638011,0.0827815935340523,0.3860135157358895,0.9611704719101887,0.16174803271150648,0.19778436838558963,0.10426045014393397,25.184999999999945,5.0,-0.0488539619517529,0.1738716755065651,0.9634183571316026,-0.1213752196668664,0.1485348581773432,0.8200834004338184,0.1509548577610634,0.06008072505048797,0.0204820075707134,0.9865005954187853,25.184999999999945,6.0,-0.0593337325537376,0.085346583499948,0.9745801500472538,-0.0290933756159824,-0.3517896287331689,0.1564282021221464,-0.20334927545799425,0.12885443302582306,0.17921182227976162,0.953901845063458,25.18600000000015,7.0,0.1434086227956589,0.0786012772712352,0.966663233044054,0.1788312124063018,0.0759715848082361,0.9735324008327269,-0.9372711905667704,-0.039697036104837054,0.09105357600821025,-0.3341498271047839,25.18600000000015,8.0,0.0942228848183118,-0.0671767607297556,0.972404407021262,-0.4286664564099448,-0.2186122037946398,0.1837790905677888,0.7385953769009524,0.010731686614906822,-0.05766692974245144,0.6715923058947436
378,25.26499999999988,0.0,-0.0065265478983056,-0.197286903433083,0.959781371931294,0.1079442439913063,-0.3870520914882756,0.7267162823375902,0.9919930755540047,-0.11246379617773025,-0.040329011279153906,0.040929249338907944,25.26499999999988,1.0,0.219716791522479,0.1214116876032525,0.946234502455072,0.10395890611429,0.2945283270300527,0.9986860499313596,0.9295514738760924,0.02634497604839904,-0.16540548720291648,-0.32845246909554454,25.26600000000008,2.0,0.3705084262787464,0.148990116457276,0.8946163709962468,-0.4350951590370776,0.4191787997068376,-0.2221971490150113,-0.9417944770558883,-0.0242825331264061,0.22755749270763095,0.24627445885557775,25.26600000000008,3.0,-0.1479380997603834,0.1352061192440727,0.9594423505131742,-0.2285891622436845,-0.2135715408288156,0.7727656116137415,-0.8622687958810825,-0.08876267649030005,-0.09677675868144459,-0.48912980883522106,25.26600000000008,4.0,-0.2758311894053492,0.2309328877508555,0.9108963477291372,-0.8516939305506658,-0.4015947631710059,1.381133752663523,0.9628726582158089,0.13012743302538315,0.160014801041732,0.174179099441412,25.201000000000025,5.0,-0.0431429743250423,0.1719699545222392,0.96254195675202,0.0161663206755428,0.0044092131771904,1.1227823290607533,0.09626038567735941,0.05410460249495289,0.024864043623513406,0.9935735551396269,25.201000000000025,6.0,-0.0351040601677813,0.0812193553486458,0.9755229988454848,-0.176091564669323,-0.3685254847216102,0.0602407526391808,-0.20182203446572228,0.1339119621572286,0.16069002966244275,0.9568250452211214,25.201000000000025,7.0,0.1479846324318076,0.0882102222044518,0.9647323490288194,0.3897018725448754,-0.0137818890758796,0.9003470045422814,-0.9208096054894531,-0.05648448580010518,0.08421935320017436,-0.37659829241354714,25.20199999999977,8.0,0.1009972362432973,-0.1026786187057028,0.9684387742815256,-0.7196278693952723,0.0047352472642332,0.1872700677919196,0.7325435464124349,-0.017788491816133584,-0.08307886972894131,0.6753972339097649
379,25.29599999999982,0.0,0.0083141931021424,-0.1915162603948194,0.9604537449546668,0.0511153044293496,-0.4200220686009652,0.7415978073596672,0.9893256469269593,-0.10903377916150543,-0.05376560589734628,0.08034711542304816,25.297000000000025,1.0,0.2119783104899507,0.1062848794917158,0.95073956490369,-0.2073757362928513,0.2524888431253578,0.8849565230889473,0.9464048423390709,0.012195497060278277,-0.14596673332070823,-0.2878590922869947,25.297000000000025,2.0,0.3541554034777567,0.1188673515792941,0.9054421587909588,-0.6388897998308511,0.2479588654177185,0.2551467077014362,-0.948812216264281,0.006974973676667336,0.20433514072026376,0.2407361175160539,25.297000000000025,3.0,-0.1337311439127351,0.1121642609485868,0.9635938769594006,-0.6666234369537886,-0.1186022138924907,0.6946032453220373,-0.8490780602824831,-0.05957760536246834,-0.07237718717442733,-0.5198831592415047,25.297000000000025,4.0,-0.2425314097729516,0.1772782065624072,0.9321871876139264,-1.058762488297883,-0.3101995590293339,0.782326347739184,0.9641424828506125,0.0815894320503587,0.13013670451992304,0.21641828822225395,25.28200000000016,5.0,-0.0267240766511759,0.1796254303197888,0.961640020230841,0.1212385974502872,-0.0915544548649125,1.3109275825089182,0.031514113385797834,0.05439824099194191,0.033648425193665676,0.9974544979679403,25.28200000000016,6.0,-0.0125792597310411,0.0681678192830221,0.9780311399126392,-0.1429736847384116,-0.2960964408692685,-0.0469145693635004,-0.19644337028126624,0.13489249326377892,0.14494520866747773,0.9603150024955145,25.28200000000016,7.0,0.1607550765230805,0.1125701665302364,0.9593001422805134,0.4961676595258932,-0.2129655797435821,0.3422136370412713,-0.91191690901333,-0.0844223245297105,0.08306395174032757,-0.3929132246410837,25.28200000000016,8.0,0.0878894993003569,-0.1559265611316458,0.9622870379706834,-0.8590094673325234,0.1990016846279417,-0.1242356422695447,0.7366140414403712,-0.05667074227360834,-0.10551994620288443,0.665622807509164
380,25.378999999999905,0.0,0.0270969867098077,-0.1911041059670114,0.9602619298888182,-0.0126895059513004,-0.3741061577439354,0.5804688693629093,0.9856620492812137,-0.1084188768255361,-0.06592371317197193,0.11121931395341,25.378999999999905,1.0,0.2013815275661956,0.0776752065577111,0.9554507013139516,-0.4980392170922529,0.0991120829867668,-0.0091472910918402,0.9475078174049756,-0.010321852530473703,-0.13053099015721994,-0.29169171384421316,25.378999999999905,2.0,0.3487932854992228,0.0786642756087862,0.911842187954474,-0.3950144912504327,0.1584516081163757,0.318409253984073,-0.9542449050870456,0.02697042255719406,0.18966928779234665,0.22959707901200632,25.378999999999905,3.0,-0.1178180629727503,0.0654208097442778,0.9698247376148704,-1.0325355627952393,-0.1650797211987553,1.313493515146776,-0.8177710267473689,-0.020262011977196452,-0.03692967768978073,-0.5740001721157574,25.378999999999905,4.0,-0.196823591557015,0.1323967246201699,0.9510139752477078,-1.0797419590455573,-0.594327093846071,1.778031748807745,0.9484448834086678,0.04420698784797768,0.08401501181340056,0.30238968757436346,25.394999999999985,5.0,-0.0029163418959082,0.1880033977030488,0.9616778137204036,-0.0678614865678805,-0.0487239216818678,1.0424107400520015,-0.019714378902058884,0.053209741144023034,0.03357246280066498,0.9978241109801818,25.394999999999985,6.0,0.007527121238083,0.0657739689215284,0.977977058758628,-0.0171471759082694,-0.2899774610883303,0.0835399795656133,-0.19844393518972564,0.13627334876738179,0.13568119151467556,0.9610620132287496,25.394999999999985,7.0,0.171228598186143,0.1395477442930602,0.9552361981342242,0.444083846039051,-0.042596366568469,0.0713275144506559,-0.9085346894834171,-0.10670669301256763,0.07360673464331939,-0.3971906951160117,25.394999999999985,8.0,0.0860012201063908,-0.1694560140452739,0.9616638962985457,0.4788378915774582,-0.2937093094288491,0.4148644883828402,0.7228358322358291,-0.029646202831722257,-0.09810121630506922,0.6833780898251443
381,25.41699999999992,0.0,0.0394775418364171,-0.1951426692538786,0.9596201656525488,-0.1013316218883045,-0.2500996442179586,0.2186887371924645,0.9832814733962089,-0.11159729019349623,-0.07413907425045686,0.12331661107301893,25.41699999999992,1.0,0.1991682697907405,0.0379238622332199,0.9589049905918096,-0.612237748673829,0.0343896436403132,0.203354960586195,0.9503272719673798,-0.040347264028776204,-0.11678501135386256,-0.28567715268027344,25.41699999999992,2.0,0.3507513611540154,0.0360798373754309,0.912697500809314,-0.5976014637745557,-0.0693065130547062,0.5620360561664703,-0.9588204506486077,0.06147584112281048,0.18349315426795876,0.20788055876642011,25.41699999999992,3.0,-0.0999031006937345,0.0024786835965316,0.9744445733849648,-1.1851147598008265,-0.2350502649276387,1.2063489170307555,-0.7840784803507921,0.021973625206313237,0.004530345023821041,-0.6202560539164854,25.41699999999992,4.0,-0.163758911019833,0.0496657634402472,0.964590239948288,-2.372868578114409,-0.2985175902805083,1.0339700784714752,0.9327564583042661,-0.06241922294951541,0.03736572214921024,0.35309068651881553,25.453999999999724,5.0,0.0132532361265096,0.1835930864935126,0.9613713800212488,-0.0605382930527238,-0.1079451948742016,0.4642666326802906,-0.04206358135199194,0.05462813879314598,0.03548267429595394,0.996989168146098,25.454999999999927,6.0,0.0225203768560583,0.0672262775548586,0.9776719594180752,0.0429720412092793,-0.1869873679963836,-0.0448656065748452,-0.19552568785977717,0.13170556436647557,0.13025831752392733,0.9630452327994282,25.454999999999927,7.0,0.1634233422737653,0.1878466356040107,0.9476668468888872,0.7853576322361071,0.0290955873738832,0.0854949995938438,-0.902504655945957,-0.14271733395491276,0.05379430452070843,-0.40276951397269967,25.454999999999927,8.0,0.1001877435812207,-0.1441305110501802,0.9641860877551164,0.0516520215365846,-0.2219816277373076,0.236044439720668,0.7139029991015371,-0.020270885051649094,-0.10300945887374678,0.6923298711420672
382,25.490999999999985,0.0,0.0484566223144388,-0.20228755960213,0.9580948277618924,-0.11538826134861,-0.0938209968247681,-0.0239754440569753,0.982789071095871,-0.11542283469887783,-0.07598131986689348,0.12259710435355142,25.490999999999985,1.0,0.1999670637510622,-0.0117182027414511,0.9587397233552434,-1.1371421932794257,0.0058658245265777,0.2230162770405372,0.9502225790180231,-0.09503176206333179,-0.09704627199333543,-0.28040691078443586,25.490999999999985,2.0,0.3224740743134657,-0.003218096699446,0.9254280713536336,-0.8525898796944716,0.4841010502039345,0.9920029615697862,-0.9695639103110583,0.10434214572401236,0.14357529896252652,0.16865548901788058,25.490999999999985,3.0,-0.0900632408346083,-0.07269087181867,0.9727968183565412,-1.682346998969256,-0.219936621141015,1.6509684597341432,-0.7303751791211428,0.08043316910791866,0.05648889728093947,-0.6759375766407715,25.49199999999973,4.0,-0.1210200478389733,-0.0755158010926757,0.969485694482587,-1.7242995734809183,-0.7362389516436016,1.2023922850686437,0.9037953099402546,-0.12448682648155687,-0.01821538416818006,0.40905411321994484,25.529999999999745,5.0,0.0227739845158947,0.1775356433390857,0.9635307161546262,-0.1272490466115532,-0.0706056918334301,0.203436690464219,-0.05126742248594566,0.05417391730617786,0.03431008956624744,0.9966241296643921,25.53099999999995,6.0,0.0325218495075348,0.0664433369789617,0.9770740055265568,-0.0401035456468757,-0.0737825373405929,0.1000811021077694,-0.19982378088535457,0.12444714365806657,0.11928041310146138,0.9645494015748364,25.53099999999995,7.0,0.1677278434870298,0.2341009909093598,0.9358344386559228,-0.0054211519522441,-0.0493728935322239,-1.5540211214143138,-0.9318416225596178,-0.14763477341370063,0.04220964201559633,-0.3287757750587155,25.53099999999995,8.0,0.088203389517768,-0.2028537114981946,0.9547541745438896,-1.2765748745235876,0.5947102143443277,-0.7109860073941845,0.739680774263956,-0.08670682147698619,-0.12835723218480785,0.6548883112710807
383,25.53499999999985,0.0,0.0570396341802176,-0.2089587738968501,0.9552971846206352,-0.102874674356515,-0.105061568365666,-0.0020136687641307,0.9821638353571972,-0.11856442002599259,-0.07845757423106833,0.12304912785597709,25.53499999999985,1.0,0.1823018832433543,-0.0828092785557147,0.9587213603289582,-1.1085856791260928,0.4657046046346748,-0.8672288614260831,0.9333608401319261,-0.13311220822037284,-0.06347571976837446,-0.3272453439406098,25.53499999999985,2.0,0.2933929988019918,-0.075223237798467,0.9320273669528646,-1.4260375295045356,0.3035198649795095,-0.721605768798882,-0.9556220457917951,0.1605814390370571,0.12239469420288389,0.2145219006639522,25.53499999999985,3.0,-0.0968162248360798,-0.1684242076680419,0.960527930296606,-1.5435857517979823,0.3013022910941946,1.8184113430728768,-0.6638680828441018,0.1487998928598088,0.08201328230976015,-0.7282936097416932,25.53499999999985,4.0,-0.0965030812112926,-0.1611896005505771,0.9620078315643132,-1.2564656164217958,-0.3750013394714289,0.3990103567771144,0.8866908280999362,-0.16994661616053952,-0.054207828462474746,0.4265665649724726,25.55899999999974,5.0,0.0264407724810316,0.1691401676934882,0.9645654406121054,-0.2112319214666255,-0.0410933714390429,-0.2985379691292467,-0.03531717151037146,0.051729851643393214,0.029981842557990333,0.9975859907608403,25.55899999999974,6.0,0.0347083887085105,0.0605618361495317,0.9778658352532092,-0.0771414361061691,0.0101179860806108,0.0659896026016137,-0.20281664655555381,0.1140797966470306,0.10671179430892341,0.9666766785395734,25.55899999999974,7.0,0.160254135782881,0.2228634165314853,0.9404017809087748,-0.453789809213181,-0.1494138344675904,-0.3296297622605169,-0.9401453247941235,-0.12821811751315418,0.05430300717716792,-0.3110274361220434,25.55899999999974,8.0,0.0392088354530145,-0.1606087394670632,0.9659298628933778,1.849961112283344,0.788635487668298,-0.0726255199449945,0.7554182881537423,-0.03818903328045861,-0.03222723918415997,0.6533346865998623
384,25.6239999999998,0.0,0.0620720198471455,-0.2129807880962711,0.9545911419314485,0.0009281748561495,-0.1373810366666466,0.0377304684952274,0.9817766625024594,-0.11641638685970604,-0.08169127264021962,0.1260489817907491,25.6239999999998,1.0,0.1649219717083311,-0.1445177244379328,0.955403773580112,-0.9872546155485606,0.2898490775962721,-0.6258628057943738,0.9167781031025379,-0.16803930860643793,-0.03845496033458311,-0.36028033038239593,25.625,2.0,0.2708486447042258,-0.1352291569134514,0.9318229911213616,-1.045341669651351,0.549133913487939,-0.9577867501144582,-0.9388180709856498,0.19158576828678253,0.09421052042874313,0.27025895141750994,25.625,3.0,-0.1432047500929903,-0.2310803411436278,0.9413364305537892,-1.047718293954114,0.2590910320531728,1.5277725612315778,-0.60223599034919,0.19510064563102825,0.09337537575132153,-0.7684585800196297,25.625,4.0,-0.0743824231588175,-0.2299797789386626,0.9498181701801384,-1.2140936866356724,-0.4497865819312548,0.3396626748176851,0.8678852986776429,-0.20927753644113048,-0.09231351254897453,0.44097192255428286,25.641,5.0,0.0366628146509863,0.1521439381248629,0.9653642111212356,-0.5585114930523373,0.0958273241699394,-1.2391954218728087,0.028215669810569912,0.04119055847806363,0.009890016646490588,0.9987038607315676,25.641,6.0,0.0352221671103874,0.0447689734895299,0.9803800987151576,-0.1070510996502864,0.1539386609501884,-0.192945509724284,-0.19400974185355258,0.09668754478431471,0.09318313570224046,0.9717657340996321,25.641,7.0,0.1455853371936764,0.166815027233962,0.958688508475582,-2.00921709978196,-0.6101689914523725,3.624840635373212,-0.882785077684071,-0.035127582156990265,0.11670231251479418,-0.45369277032352184,25.641,8.0,-0.0685696214956368,0.0693591378799236,1.0079367624015405,10.322104662836235,1.1273861548819657,0.077002613451246,0.7473034002974405,0.3173595187733404,0.3427487929669426,0.4725926667517609
385,25.677999999999884,0.0,0.0733761685256739,-0.2116489884092981,0.9539259109583996,0.0656658962914714,-0.0930707636344953,-0.0800582916494187,0.9826380114303923,-0.11092941178636959,-0.08327834825199097,0.12321493742754656,25.677999999999884,1.0,0.1588380915541789,-0.1811387077280047,0.9498458976244804,-0.5730261406812462,0.1551820257191264,-0.6914315085182141,0.8999472775498748,-0.1845716905290583,-0.027872302994509934,-0.39401944547394624,25.679000000000087,2.0,0.2537413762146773,-0.1700470425444534,0.9315859151568184,-0.6236333773249425,0.2974832296966211,-0.4575582482158806,-0.9285223759957758,0.20737652850821436,0.07737126210702967,0.298085324192598,25.679000000000087,3.0,-0.1634200076091039,-0.2747104509196761,0.9266137648818676,-0.8330840621450624,0.0437224655640441,0.9110704494643932,-0.5602443566154676,0.22067531010560473,0.11083055129672091,-0.7906612784812349,25.679000000000087,4.0,-0.065619410819419,-0.2817526801512053,0.9366357457151232,-0.5348408690254474,-0.2285590978076763,0.8238950834107444,0.8440952719969953,-0.22435998215515704,-0.09896574946128514,0.47683493017313916,25.72400000000016,5.0,0.02196216843307,0.1534475439994732,0.9671507195873076,-0.3084738907128709,0.039800248078254,-0.4854039147215672,0.053398691500818364,0.03559170769642789,0.0023406632101464365,0.9979360357182163,25.72400000000016,6.0,0.0329000810931233,0.0524654974449098,0.9782893008931072,-0.1352990249137399,0.0268968978261429,-0.0177646231382501,-0.19273875499303728,0.08816823249967769,0.08016993693597951,0.973987123278998,25.72400000000016,7.0,0.1676314985557923,0.1436221993247835,0.95455819338218,-1.350131101010342,0.2368856032245617,1.0222433003536806,-0.8631908493746058,0.027774151947686395,0.12851400929064835,-0.487456976004628,25.72400000000016,8.0,0.0334486280601676,-0.0115692114098282,0.9794959635589354,1.484778025122789,-0.2142481828618306,-0.7684913882435503,0.7607610615365064,0.34062704311029796,0.35408916650371397,0.42407155872150665
386,25.74199999999973,0.0,0.0720156001192991,-0.2156504954001446,0.9528597048742954,-0.1604398355933196,0.1006139161928558,-0.4063021918396362,0.9847128799715582,-0.117160283769931,-0.07842452571713023,0.10229176746499208,25.74299999999993,1.0,0.1612513200650772,-0.1902335947074355,0.9463161159052282,-0.0396890354245941,-0.0933421539437092,-0.2149273325491152,0.8960600415790069,-0.18181566800994742,-0.03408429285289871,-0.4035563476545037,25.74299999999993,2.0,0.2530083592710502,-0.1877586986939839,0.9283056830611957,-0.0502980161585389,-0.0700768455136323,-0.0222053040955693,-0.9284596853415338,0.2033420498841855,0.08173381174249254,0.29989032572332175,25.74299999999993,3.0,-0.1688644190858925,-0.2997622912868496,0.917245537841009,-0.2565469018948488,-0.2915500821429234,0.2249765889843378,-0.5478691301953043,0.21165221996922268,0.12314742606418946,-0.7999234122182607,25.74299999999993,4.0,-0.0678454778589082,-0.2959973575702047,0.93193108942966,-0.1790612565631748,-0.2640379996442705,0.6341348646338685,0.8271133236554398,-0.22140399839736616,-0.10183257805138207,0.5064523130292921,25.77599999999984,5.0,0.0185899220403602,0.1406998220375133,0.9694142431783976,-0.02367292077934,-0.1157029656936147,-0.8073256205035031,0.09406914399358887,0.039274169826953365,0.009196314555014332,0.9947481910168634,25.77599999999984,6.0,0.0311167824120341,0.0412489122849872,0.978199505769466,-0.1045958554503332,0.0497941357755209,-0.0823567280429861,-0.18858986916170734,0.07880136847599656,0.06939032198169878,0.9764267452252403,25.777000000000044,7.0,0.1520518297666973,0.107031249559082,0.961864103022054,0.2997272895119071,0.3882269783964049,1.543443224378276,-0.8288952005232016,0.023929541944111555,0.09470284932045177,-0.5508098527645763,25.777000000000044,8.0,0.0418937168401299,-0.0157711968309048,0.979341710456488,0.6811966851872696,-0.6468252979317725,0.7463557756129318,0.7624098732966603,0.3680496327791903,0.3014233854443926,0.4386508812462533
387,25.804000000000087,0.0,0.0650727836796137,-0.2116363974429801,0.9541575174474826,0.0459810463699425,0.2334672473235564,-0.5043673976585725,0.9884612565565495,-0.11280026367718612,-0.06610002475293562,0.0764933430349723,25.804000000000087,1.0,0.1762345767497156,-0.1716478440161594,0.9483340084603382,0.4681028210698271,-0.1534627683191468,-0.4261102120351753,0.891898437442588,-0.15692052930236605,-0.054865943880028085,-0.42057443214381107,25.804000000000087,2.0,0.2621478021764723,-0.1628134085750037,0.9287563317696594,0.4970310896079556,0.0504054889519634,-1.0249164932413817,-0.9180980134903312,0.1674469856340441,0.09728746878176031,0.3458217648518064,25.80499999999984,3.0,-0.1414380019553066,-0.2881864157286466,0.9261781045740428,0.6923535992248279,-0.0539836984394064,-1.3098366129763717,-0.6092000345493805,0.17355752579261582,0.10471194860670863,-0.7666736665392683,25.80499999999984,4.0,-0.0465877571503288,-0.2811985639824859,0.9378560382584789,0.6901530022496555,0.1560712667429976,-2.139674584889796,0.8892397618110138,-0.17420062036463982,-0.0913215479488637,0.4129977781527274,25.79899999999997,5.0,0.0234034696620082,0.1415841172260946,0.9691956538063338,-0.095292159922829,-0.0861935017721845,-0.308865313719717,0.10993377269412537,0.04097278555313609,0.010823315528106623,0.993035071035375,25.799999999999727,6.0,0.0283115386465109,0.03313216224633,0.9786984809451532,-0.1061253066034712,-0.0086747972128072,-0.0605696908634873,-0.1852887153001208,0.0732625251535799,0.059577009980267326,0.978136633744163,25.799999999999727,7.0,0.1577374273438943,0.1116743749525818,0.95960238536275,0.1113048903324987,-0.2243399143760807,0.1680516053484122,-0.8244551088851974,0.002517617212816502,0.09512657543473392,-0.557869491622124,25.799999999999727,8.0,0.0619097416942005,-0.0035892834147371,0.9783620500243896,-0.3369108034381217,0.3555122551070634,-1.13170385544343,0.8045423931420144,0.3008688952951049,0.29952698274869954,0.4152987263244177
388,25.86400000000004,0.0,0.0575847470774222,-0.2013930962756008,0.9571581988765262,0.1617627040108714,0.1460695292216111,-0.2461889919601937,0.9909524536027299,-0.10330443870358437,-0.05666695592328447,0.06426728366171683,25.86400000000004,1.0,0.1781266943297179,-0.1294560250308442,0.954520307982172,0.8997879631208299,0.0377006038573343,0.0432946376129465,0.8999694834429935,-0.10987455563064416,-0.07167671785931941,-0.4157462675878587,25.86499999999978,2.0,0.2818882284773024,-0.1208592045766719,0.931027969136815,0.6545245923818288,-0.4155135009299273,-0.3933354571419494,-0.9144706956445383,0.1370403960982177,0.1317813335339567,0.35720716226952964,25.86499999999978,3.0,-0.1182614792586204,-0.2454171369051176,0.9402008569645413,1.2770931914745454,0.1280905090876707,-2.1758432578609432,-0.7064773281915036,0.117031899575375,0.059920761257218555,-0.6954155747490339,25.86499999999978,4.0,-0.0325050391831224,-0.2087713141733095,0.9574001048705044,1.5781932529697218,0.5385147884946395,-2.1795900448813885,0.9459737732854009,-0.09220507756165827,-0.03687630393850304,0.3086615980906353,25.846000000000004,5.0,0.0172087018822685,0.1305328379710305,0.971064899371178,-0.2261048049956973,0.0355828621663086,-0.4132733074497537,0.13118350468555395,0.03515738655612211,0.006063269290843249,0.9907159446755994,25.84699999999976,6.0,0.0286505568661628,0.0180081840894776,0.979086232615421,-0.2063961632540308,0.0417370222409311,0.1177459930285795,-0.19056623088249294,0.06754590684205426,0.0439071273640324,0.9783630339923741,25.84699999999976,7.0,0.1565500928567321,0.1093261888499043,0.9606398143206972,-0.3724186730765468,0.0792166724311784,-0.2260665276233115,-0.8320166817778692,0.009756381306977977,0.09651007849371475,-0.5462040452214482,25.84699999999976,8.0,0.0557905626945296,0.0079207667424636,0.9780892978498634,0.5278068231325154,-0.1636829023456104,1.6639921231833972,0.7769839150444129,0.32701798813752336,0.2501149715935527,0.47623285500005114
389,25.96900000000005,0.0,0.0530928321038224,-0.1920410169165556,0.9596803629338524,0.1040122723635311,0.1231599989817727,-0.2890054521049028,0.9928120139294414,-0.0970188575014702,-0.04932042061816362,0.04979098710131868,25.9699999999998,1.0,0.1790884988212637,-0.0703783564755509,0.9607576159103534,0.9138291146884328,-0.0346063552929255,0.0722228967263365,0.905966654310848,-0.06551946652504506,-0.09154334229653785,-0.4081071394428928,25.9699999999998,2.0,0.3002366762269359,-0.0692390286963885,0.930196159502598,0.7721061369515325,-0.1190552919101029,-0.2394860140472773,-0.9144699879661812,0.09757034712588644,0.15196980874083316,0.36211855199939824,25.9699999999998,3.0,-0.0928331355214759,-0.1761008242214199,0.9582465803005966,1.4160947952102214,0.2269926186195821,-2.3494982093830896,-0.7967177775839521,0.059166972841908944,0.005528224437065207,-0.6014228886074976,25.9699999999998,4.0,-0.0683863012949222,-0.1022767010282915,0.9720436153907752,1.683811571938475,0.943295308927296,-1.949904393747767,0.9773935600164361,-0.016697368469502462,0.03908183068626569,0.2071126196898705,25.963999999999945,5.0,0.0101824389501175,0.1237587393183391,0.9719269995114664,-0.0560889552617425,0.1173998269235969,-0.440815507737536,0.15333862110060714,0.026756139368624563,0.01042368033945445,0.9877564088241757,25.963999999999945,6.0,0.0319553746019244,0.0060656863900318,0.9797607164418608,-0.2338580898875722,-0.1421099272981288,-0.1373490727393883,-0.1828927851312377,0.07113340720835694,0.030545541767992214,0.9800802198820099,25.963999999999945,7.0,0.14782913933958,0.0735822109196634,0.9661455396565743,-0.362244005658432,0.1381962036683455,0.0728442945310826,-0.8314004166635183,0.020744939799077895,0.09533209574710444,-0.5470418504693454,25.965000000000146,8.0,0.0603587769022678,0.0347431448221266,0.9772577612578632,0.1124435304567982,-0.2125386783115435,0.2260439845367305,0.7842787044760654,0.3143460833594759,0.2182796108883924,0.48831082831769557
390,26.04599999999982,0.0,0.0469701133771837,-0.1893554771281689,0.9602282602230044,-0.0041950034465814,0.1370774247814314,-0.2399878965080071,0.993725028176167,-0.09683924503837,-0.0416551203059758,0.037384220587960836,26.04599999999982,1.0,0.1801691463782701,-0.0170260649755669,0.96284692023435,0.8766728904524275,-0.0898484360015973,1.0800722625130017,0.9288579875928935,-0.029462397167389773,-0.11065988738461549,-0.3522913501096148,26.04599999999982,2.0,0.3120113507638919,-0.0203296421359698,0.9287031940534688,0.936750924573858,-0.5476413772969734,1.5371953181941596,-0.939258525775072,0.07187734201721882,0.18780260828510434,0.2781317130150568,26.047000000000025,3.0,-0.0941361510727682,-0.0955979906619246,0.970879708945762,1.5001803312505766,0.2130566607884501,-2.070111845157093,-0.8606098701924243,0.0011133156769531488,-0.050049448877003966,-0.5067982483421684,26.047000000000025,4.0,-0.1082435692803951,-0.001107367499901,0.974084238372976,1.8488604639097903,0.9254151631557772,-1.2400283473110358,0.9825070099482378,0.06280814044533722,0.10863723610015018,0.1375974702852219,26.00900000000001,5.0,0.0008706082109213,0.1355471003777282,0.9701037190014958,0.0943790654154721,0.0423240576572702,-0.2943272706555579,0.16791995209198815,0.023840133134681446,0.02162246511742832,0.9852750919128072,26.00900000000001,6.0,0.0332200044556583,-0.0091969651393355,0.9790882734136857,-0.0381033525909321,0.0926254874735759,0.0420332115995499,-0.18512054504482178,0.06168385755076216,0.02448948117655727,0.9804722080873421,26.009999999999764,7.0,0.144673703828935,0.088263469016307,0.9649192087722293,0.2418177234995459,0.0481497201324605,-0.6149228897250325,-0.849543455985042,-0.0011661453842467659,0.08092676744327164,-0.5212728794106946,26.009999999999764,8.0,0.0558351590421278,0.0303679481512414,0.9784386658037508,-0.024987067345637,0.0330288251651436,-0.4573779228140106,0.8059668151021101,0.28229569084917205,0.2051401146084431,0.4781675117159092
391,26.0920000000001,0.0,0.0396173017136257,-0.1915745405023475,0.9601190888823352,0.0309935078032707,0.1453609988583448,-0.1740560931314687,0.9944892749457355,-0.09525534259723334,-0.033446347294442694,0.02826382099519634,26.0920000000001,1.0,0.1838761514661314,0.019779252613301,0.9620552697678356,0.8005263074898039,-0.0527798014997863,0.6070981638823781,0.9396242090632323,0.004443003392871311,-0.1253282711495979,-0.3184013660677337,26.0920000000001,2.0,0.3317430877650677,0.0082754666848114,0.922268420998598,0.9010895719016178,-0.2453732594361827,0.7976382866745145,-0.9499398990865253,0.03714688862403059,0.20787435788564798,0.23026625485004426,26.092999999999847,3.0,-0.092478810067059,-0.0215814140971586,0.9754403683742784,1.395969132428564,0.2768015332488556,-2.7018828299016806,-0.9214337283353286,-0.046100170990122244,-0.10231027648248922,-0.37197750717861133,26.092999999999847,4.0,-0.1914657417971734,0.0864242811084457,0.95716441291606,1.5245520457118351,1.6279366224661191,-2.817417355791013,0.9716796251196628,0.10657610024678003,0.2107125279721972,-0.008970593016405784,26.054,5.0,-0.2449857176085387,0.3349724537249379,0.9834151988927786,-14.285833420142977,-0.7311741039799405,-27.87082481083901,0.3921589178410862,-0.2707106462094306,-0.5549526512034466,-0.6818758568162144,26.054,6.0,-0.0961931233004388,0.1137514131762669,1.0650762878921438,10.848758256329043,3.3823011695655643,-7.655560593208759,0.18081344439027733,-0.04809446131303079,0.6768289580499721,0.7119662791619576,26.054,7.0,-0.2173662188069189,-0.5226216902270162,1.124607707525535,-2.370100200635368,2.6870432518688534,-10.78255399273174,-0.9782725060143794,0.16083479479278112,0.07017204954018368,0.11041266333007237,26.055,8.0,-0.052357912702903,-0.0701275595979336,0.9173738465654192,3.861550348318732,0.0241603319322661,-2.096198994794735,0.8002038697309408,0.38254028248252775,0.3175110969351554,0.3354450811516688
392,26.17700000000013,0.0,0.034999553474447,-0.1790837525099585,0.96227700837313,0.240427232653563,0.1016545692313252,-0.1108012867951831,0.9959313852275696,-0.08283131011954996,-0.027221273756902177,0.02277393768378909,26.17700000000013,1.0,0.1884785628633598,0.0573469290495294,0.960478089843569,0.6611166467342001,-0.0378540490543587,0.5655455961110355,0.9477680385605901,0.03086085391134296,-0.13595912779069505,-0.2868770962437888,26.177999999999884,2.0,0.3469731721953827,0.0477758003851404,0.9144091483981512,0.8820025367661448,-0.2887853314339024,0.970064293054266,-0.9580016805074651,0.006353458818926186,0.22830446399855964,0.17340555188412823,26.177999999999884,3.0,-0.1225797439875661,0.0452008223802149,0.9716898126563306,0.9337982760308734,0.4358174281628036,-0.8787498876347898,-0.9324199467799997,-0.07213681570427384,-0.1394279507983837,-0.32549833978531073,26.177999999999884,4.0,-0.2669951961726476,0.1393011528007631,0.9327034652284228,1.1978212252031049,0.8162564844954096,-0.766891797651958,0.9553327294615217,0.1525282005342282,0.2472327359761203,-0.05431848969873347,26.09900000000016,5.0,-0.0037616523361015,0.1316370016556564,0.9712232234490744,-0.1289970245639963,0.1419478760733812,0.3668983976753914,0.41849202319094436,-0.2591754204210658,-0.5103946840509154,-0.7051168658227374,26.09900000000016,6.0,0.0342490517559115,-0.0101636077215503,0.9791699053442684,-0.0731169005743545,-0.1347771590108822,0.5145010566347787,0.1743225730268316,-0.022528311291302866,0.6375476342600215,0.7500914142776979,26.09900000000016,7.0,0.1437867571616675,0.088038414354478,0.965322539912376,-0.0854893635846796,-0.0179763533925202,-0.071236803481212,-0.9798497535468991,0.14589608836208381,0.07202396628341456,0.11585050779141932,26.09999999999991,8.0,0.0542938968417671,0.0239687339502245,0.9776173446489984,-0.0879382966743356,0.068674913299966,0.1318817381968609,0.8171709351983576,0.35200979302531815,0.2904150506061559,0.3521077486547809
393,26.22400000000016,0.0,0.0276559189533408,-0.1630367101294234,0.9658215059197122,0.2484049778030841,0.1339696717861932,-0.1618868239412343,0.9972175558089007,-0.07039719831377883,-0.01971828408097938,0.014579784943344297,26.22400000000016,1.0,0.1870272235586547,0.0879511104470191,0.957972556923776,0.4145399035224715,0.0249469915458358,0.0788051573461666,0.9487570344147228,0.048808176688712006,-0.13779679139663079,-0.2801604822556131,26.22400000000016,2.0,0.36423417782804,0.0765150248008363,0.906278055941806,0.6758603209453858,-0.083900674940557,0.3323199621456276,-0.9601454386675222,-0.02270883182875889,0.23490578979325086,0.14974750577065835,26.22400000000016,3.0,-0.1371300898743188,0.0847317014641158,0.9658078883598212,0.4441154578575049,0.1081157804405681,0.1211831421122224,-0.9292656435877267,-0.08651005453170024,-0.1453439773527586,-0.3284151372267898,26.22499999999991,4.0,-0.3046837884938906,0.192096579068894,0.911414665966616,0.922128526074667,0.3742595978776794,-0.4765889468593715,0.9442647128768703,0.18671146790023604,0.2573644506588115,-0.0852438813475135,26.179000000000087,5.0,-0.0126853660746558,0.1325300509754064,0.97046837510349,-0.0474906036318048,0.1277802103398003,-0.0721445127919856,0.4290306342018035,-0.2328607836749992,-0.4754463353798624,-0.7318875272311469,26.179000000000087,6.0,0.0373040825065539,-0.0120764815519446,0.9792576596696448,0.7272319399254152,0.2115905281993833,-3.095635848015912,0.2936674667376707,-0.12276406118743932,0.6163345282450885,0.720291714205814,26.179000000000087,7.0,0.1326737452620957,0.0889221385177244,0.9661710669439254,0.0598094606706554,0.1933776010982557,0.0771536893289671,-0.9835910857185841,0.12433680175356157,0.0625445270505651,0.11479162844325232,26.17999999999984,8.0,0.0512196541350945,0.0246846528179807,0.9778083733255392,0.0187317490896635,0.0266292373596256,0.059124281421128,0.8314431194527795,0.32648318058193065,0.2658933621314426,0.36250764390033896
394,26.277000000000044,0.0,0.0218080777772427,-0.1554505252995997,0.9673223567806856,-0.0164364524773542,0.0824737440503335,-0.0737841855681824,0.9972251653173085,-0.07210247528785141,-0.015149786542326522,0.010662395741738323,26.277000000000044,1.0,0.1816321574788458,0.0990258321907285,0.9574787955503312,0.0824245186421107,0.2099996112992673,-0.2561483657696538,0.9469241937575561,0.05479803931245464,-0.12490963001792718,-0.2910830302386204,26.277000000000044,2.0,0.3632820094430196,0.0968079903725063,0.9051427481978068,0.2052936255022716,0.1619146014538998,-0.0515236250496843,-0.9622866722908907,-0.034185827698229976,0.22451205459169218,0.14976657457165807,26.2779999999998,3.0,-0.1459303515579739,0.0924484018051145,0.964803931116497,0.0519681110735549,0.0603679463751262,0.1795382973932017,-0.9271223140627726,-0.08267002411601494,-0.14241399585183873,-0.336642444835852,26.2779999999998,4.0,-0.3266686710480587,0.2042779396645543,0.9013013384668304,0.0956174259603462,0.1758099801310518,-0.3470676901774525,0.9433415252578028,0.18110333974816423,0.25889700261680365,-0.10139373300346463,26.25900000000001,5.0,-0.0128746046552578,0.098433853128459,0.9747594683373204,-0.5680133133102291,-0.1168814238153093,-0.3958511168811559,0.4149358523849722,-0.21949711733696248,-0.4304741565581469,-0.7709353114379132,26.25900000000001,6.0,0.0172489075446639,0.0358687993206919,0.9790576614397172,0.2953566523208962,0.1772384122695738,-0.5020092402139309,0.3187347232506043,-0.13224862136114562,0.5891988996627163,0.7305909491491674,26.25900000000001,7.0,0.1306207892962908,0.095565407244293,0.9653633835721378,0.1933788068732195,-0.0235636142850991,0.306948990260088,-0.9878723602701462,0.09971318480267634,0.06428157579979944,0.10016665914111514,26.259999999999764,8.0,0.0492407613484086,0.0245068267944677,0.978037199119898,-0.0054262638573975,0.048465347121101,0.0380265124279796,0.844004459630583,0.30030803855999183,0.2434963291689932,0.3717271738535713
395,26.33100000000013,0.0,0.0175911476194849,-0.1549926817305814,0.9672335912980856,0.0348229661999857,0.0591035602021273,0.058353122006478,0.9973090253753173,-0.07115572698979183,-0.011450672849708628,0.013433261434886911,26.33100000000013,1.0,0.1675027788249045,0.09693776364665,0.959715004084609,-0.1837702566759484,0.0654399745536816,0.0759972626811937,0.9494476358746474,0.04331982545607947,-0.11647006188472885,-0.28828337471846227,26.33199999999988,2.0,0.3491718772695007,0.0912066364432598,0.9111033693235908,-0.1878207277623795,0.1422835079065597,0.2181426830342351,-0.9666498788473972,-0.022228668699695323,0.21263684994729368,0.14099456747209727,26.33199999999988,3.0,-0.1447719813315481,0.0865989868048781,0.9654691548183744,-0.2185938325950895,-0.0813818839579944,0.1923974655092619,-0.926622370833587,-0.06873701936712699,-0.1285738992370888,-0.34657604717325247,26.33199999999988,4.0,-0.3148075482441987,0.1646709699706821,0.9129461535147576,-0.9208876952469108,-0.232835277331478,0.6012634559991029,0.9598741040690908,0.13539257261243498,0.23732095092762376,-0.06316107875705836,26.32699999999977,5.0,-0.0133987868095464,0.0791459837869452,0.9766838719680124,0.5391445183637443,0.0006508060224899,0.2400827278432157,0.4381595133723672,-0.1941194318998697,-0.417501675510847,-0.7720273556978391,26.32699999999977,6.0,0.0173631477134946,0.0276541985775902,0.9783454228453828,-0.2276741639161256,-0.0560305839904923,0.4298449667000648,0.31404468796769874,-0.11140451139292504,0.5457483231279,0.7688457170353877,26.32699999999977,7.0,0.1297409510252316,0.0984125224128224,0.9650172335556572,-0.2336161189356668,0.0973010590828895,-0.0050762500071519,-0.9882229696773766,0.09674416166002478,0.05912024240603612,0.10276539458678582,26.32699999999977,8.0,0.0466960362749545,0.0203094561470955,0.9789892778714264,-0.0561287023730038,0.0363881891953254,0.0950938273406911,0.8543739328493563,0.2740837712172555,0.2201669769144593,0.3826875638157044
396,26.411999999999807,0.0,0.0139193303589317,-0.1469691605403138,0.9690058400713764,0.1361428645259861,0.0389120312769513,0.0347961535062508,0.9977430663370793,-0.06480089906816373,-0.008975536582561023,0.015134622535610976,26.411999999999807,1.0,0.1715101798804462,0.0821704732604866,0.9614084831753484,-0.3586304189502424,-0.1469952322677606,-0.3250470143415805,0.9447755683966778,0.023325382728260225,-0.11581784702895824,-0.3056816615220669,26.411999999999807,2.0,0.3347306224878169,0.0842472298765547,0.9168493958262968,-0.2790398465866585,0.1925377966576984,-0.5138174638484873,-0.9656157709299101,-0.015160483520092593,0.19743969023276234,0.1684455739746903,26.411999999999807,3.0,-0.135253509322382,0.0608317152955179,0.9688524091058378,-0.553802780310153,-0.2148848452124609,0.492142532079337,-0.9218269510716243,-0.043770772761146166,-0.10266541963172576,-0.3711859417350382,26.411999999999807,4.0,-0.2747215342360433,0.1345360709346232,0.9308067061664674,-1.0633128742933489,-0.6274080369631557,1.6295061914698123,0.9767781542958961,0.09425267327108809,0.19090483840808178,0.02400444841982684,26.3739999999998,5.0,-0.0205383042394992,0.0904892792083208,0.9751486391352472,0.0615061723750292,0.1103531062443669,-0.1345911731951434,0.44329494930758007,-0.1675052599853262,-0.3881771428753405,-0.7904113369282957,26.375,6.0,0.0185206396142171,0.022739340330375,0.9790556206414524,0.0144098247123981,0.0187116202918461,-0.3085778921161178,0.3345812644255076,-0.11230746778931454,0.5073104646701263,0.786179688500257,26.375,7.0,0.1213167669001182,0.0857802273914415,0.9691955399492792,-0.0432318787162034,0.1179555528911295,-0.2616264751439223,-0.987979798705527,0.08435386648694113,0.05493375332941576,0.1173142161190736,26.375,8.0,0.0448300552547875,0.0180035939378563,0.9785408201762322,-0.0263009437376486,0.0023099111048106,-0.1020936110904038,0.8665516220935694,0.2489362822864754,0.1999772998449418,0.38357280033276364
397,26.496999999999844,0.0,0.0107973754647613,-0.1429392300986362,0.9691201128765627,0.0085460692107973,0.0501501812130619,-0.0490122133557457,0.9977717379474554,-0.06521586167499079,-0.006394466536076697,0.012552335918933675,26.496999999999844,1.0,0.1727658435547393,0.0501942745860128,0.9636324496921028,-0.7682313515103,0.1162956556802683,-0.5795206142761844,0.9368192119124026,-0.010118203040744832,-0.09643946464352952,-0.336105364161777,26.496999999999844,2.0,0.3268598573100504,0.0499048793233152,0.9226506038035084,-0.961929158568684,0.1163499025276675,-0.0905719152811161,-0.9661181382701589,0.031275577808484105,0.1809768648155245,0.181342095332802,26.496999999999844,3.0,-0.1165417610995995,0.0171576940005815,0.973147795279004,-0.8090577818369749,-0.3034158395772213,0.8229961972840522,-0.9092467960952249,-0.011108771997353138,-0.06889318990677347,-0.41036640622710385,26.496999999999844,4.0,-0.2440028397222244,0.0451753194917649,0.9479244720526564,-1.4339011753396915,-0.5603489685694567,-0.3108797578175996,0.9877250079200939,0.013513456254169243,0.15448245471937957,0.01875810260106742,26.46000000000004,5.0,-0.0277862562475349,0.0804061149869962,0.9760413826454511,-0.3050731670105288,0.0813513429911314,0.1360425172941443,0.45407232555407767,-0.1573160239148965,-0.3434309558603041,-0.8069232741360218,26.46000000000004,6.0,0.0175237034640812,0.0227189289963396,0.9791311301772416,0.0111754051876468,0.0199221427586892,-0.1059453564932399,0.3467388426675342,-0.10671982118300051,0.47076803407742696,0.804214220741664,26.46000000000004,7.0,0.1166100793287191,0.0948205019628815,0.9688483688413048,0.1191712528509653,0.0183329250910555,-0.0764857429370697,-0.9888039705330068,0.0657871821056084,0.05600744212228551,0.12166314542901974,26.46000000000004,8.0,0.045041862308075,0.0160382781318049,0.9788452402062274,-0.0575698452818385,0.011102782605788,-0.031597979496761,0.8759721933737425,0.22477498680328806,0.17996592492091953,0.3869899063424452
398,26.54199999999992,0.0,0.0099772777517146,-0.1416106719298583,0.969870028160598,0.0095842544464898,-0.0111205354585243,0.0201747956281777,0.9977395760360013,-0.06545130616148802,-0.006839625445875342,0.013604574856125018,26.54300000000012,1.0,0.1588364356362412,-0.0007400252619876,0.965793165784986,-1.0448695664298158,0.1003907674065873,-1.092037063127894,0.9164809580169848,-0.052750380039883076,-0.07500119384603887,-0.38942890483320153,26.54300000000012,2.0,0.298658402130929,-0.000846274396269,0.9331861779174864,-1.098064711832648,0.5879004909296697,-1.223431230552818,-0.9554493576256236,0.06702797159762754,0.14346514764284957,0.24908136712348863,26.54300000000012,3.0,-0.1114449678096196,-0.0348517774346009,0.9729539417462484,-1.0673941687692614,0.0888279600425238,1.5210234256082582,-0.8760484092279684,0.03714091492736364,-0.051145673760100256,-0.4780626080160732,26.54300000000012,4.0,-0.1940609388657501,-0.0399694486982848,0.9599733304510594,-1.2888125842559186,-0.8070398586534226,0.3650961236720894,0.9918209238865625,-0.05042989418676431,0.10805642605160291,0.04551801294072311,26.49499999999989,5.0,-0.0302206606339226,0.0712072459542529,0.9767155367835916,0.0490234758150661,0.0276968893498194,0.2414338808866166,0.4698766946624406,-0.14307524343306402,-0.3152866671208907,-0.8119973424004968,26.49499999999989,6.0,0.0165588784640626,0.0217114637460542,0.9793637811794024,-0.0502495815546217,-0.0182333294589613,0.2978030726744465,0.34252617773595373,-0.09045020532080969,0.43442013853378214,0.828114557992619,26.49499999999989,7.0,0.1130058713021601,0.0958227871642465,0.9689198452458876,-0.1204838890511795,0.0642238087580944,-0.0534264442193542,-0.9888105285354797,0.0606049188845665,0.05304370949808487,0.12556730206173666,26.49499999999989,8.0,0.0432817848145517,0.01274975801954,0.9785489925260308,-0.0352841301272845,0.0333268589073849,0.1112799803700828,0.8806305264800331,0.20421440163492632,0.1613728270668681,0.3959105513633547
399,26.623000000000047,0.0,0.0098468022822592,-0.1407075757581396,0.9694608907063148,0.016909168356947,-0.0057676026311668,0.0910830747106233,0.9976784594740312,-0.06528187445164264,-0.006737218875819389,0.01818181100504135,26.623000000000047,1.0,0.1619532077092866,-0.0635753711641829,0.9643771724247776,-1.105512307325479,-0.0129849359462949,-0.528429038972739,0.9021052099832757,-0.10175840042067637,-0.05554663594526668,-0.4156512832892732,26.623000000000047,2.0,0.2574339111385015,-0.0440219629709847,0.9438351806179484,-0.9300305535455516,0.5823543031321949,-0.7205083716590538,-0.9460070477161083,0.0973393229345374,0.10552379840109588,0.2906208007922066,26.6239999999998,3.0,-0.1283625190443105,-0.093938180511491,0.9669046912425184,-1.122933160956486,0.139327901738594,1.5638155560067462,-0.8343394602868579,0.08671341757867211,-0.035180052616283736,-0.5432502297449833,26.6239999999998,4.0,-0.1331561647020388,-0.0926733944314533,0.9665992332742644,-0.9492691454905694,-1.029253050014851,1.920146678053999,0.9838658872202862,-0.08413511622620207,0.05839949282919065,0.14669252680056918,26.56500000000005,5.0,-0.030568375633305,0.0884374267960157,0.9747155461737748,0.1624668662938076,0.0432462365318764,0.1212716459050502,0.4808055502860341,-0.12346980373547822,-0.2948376660982225,-0.8164875877987487,26.56500000000005,6.0,0.0166231007642972,0.019737355913554,0.979678064112146,0.0129857966985079,0.0277654446025762,0.1650856709689178,0.3414505800818373,-0.07944713214389729,0.40178741531095374,0.8459707604011087,26.56500000000005,7.0,0.1096100877569653,0.0854898585033493,0.970562781459802,-0.0984730470084482,0.0451987676838384,0.1682704522452239,-0.9901104544369841,0.0560455670838132,0.050555338602491846,0.11825540225981146,26.56500000000005,8.0,0.0405252526878102,0.0105177031782191,0.9791966512475644,-0.0415987692524022,0.0275287244691766,0.0140282726747617,0.8860903718874823,0.18403258406462233,0.14494544834411816,0.3999583451499963
400,26.703999999999724,0.0,0.0078058960400463,-0.1398123958286774,0.9696435231360322,0.0313328612711659,0.0114986915270675,0.1083851691977541,0.9976308918489376,-0.06438209343373014,-0.0056431412070030084,0.02357338819732091,26.703999999999724,1.0,0.1724289058876795,-0.1189398290105109,0.9569585098055862,-1.0678009429681805,-0.2269649959639549,-0.2638495109852157,0.889800480287767,-0.15223788413204317,-0.0453658370027857,-0.4278091545861247,26.704999999999927,2.0,0.2296573071032632,-0.0843124028913709,0.94809437294647,-0.6150946432188976,0.4763089570123918,0.4154089594357418,-0.9510401958113527,0.11968571327499844,0.07084121403308702,0.2760061564227819,26.704999999999927,3.0,-0.1417081897379136,-0.1418826516325503,0.9594066406518772,-0.8164004210109016,-0.0820375559390743,1.333078847500298,-0.7939927672731788,0.11578430582821445,-0.016079148701486797,-0.5965827193430877,26.704999999999927,4.0,-0.0921123092954225,-0.134725536806931,0.9667379956370542,-0.6745334580176403,-0.7169796071047145,1.3976002644661096,0.9697242133581192,-0.10635051898612881,0.02377934777567799,0.21853846287947007,26.627,5.0,-0.0276629625195841,0.1130111484044781,0.9734152458436948,-0.3057216797424911,0.1147265577384049,0.2440046193594814,0.49382230609095895,-0.11503883096446534,-0.2551909941150646,-0.8232758674344229,26.627,6.0,0.0166231007642972,0.019737355913554,0.979678064112146,-0.0224609402962247,0.0773313146234619,-0.17163006345868,0.352397631133304,-0.07922677960390855,0.3684408621220348,0.8566156419795293,26.627,7.0,0.1149881891180593,0.0849376826256421,0.9696846427749256,0.3940029843079949,-0.1381750472983424,0.50762696107014,-0.9934930988358696,0.029376185369997306,0.060269637138050815,0.09206559149789162,26.627,8.0,0.0413877708348838,0.015025408941103,0.9814185088490393,-0.1386279855106657,-0.0116821034821372,-0.2438435110544348,0.8967079895763603,0.1601359152542601,0.12825410687374605,0.39220167534779893
401,26.77300000000014,0.0,0.0059001074711654,-0.1375846996093092,0.9702801859077844,0.0361685407639164,0.0003674277562066,0.0984831471515694,0.997580665564024,-0.06319523078078386,-0.005175248286609947,0.028502549089065903,26.77300000000014,1.0,0.1817013005604133,-0.1688004008083729,0.9484176622467484,-0.5934976852135112,-0.0830373160652582,-0.1976398177227642,0.8810515167540549,-0.17636950328325862,-0.03818959460958813,-0.43724544365899487,26.77300000000014,2.0,0.1984873756023089,-0.1135473342546043,0.9528645048537496,-0.3543066692378999,0.4401429965676816,0.2166712826761036,-0.9533783271402592,0.12774023094173081,0.04462636092752607,0.269741888939335,26.77300000000014,3.0,-0.1542649320495756,-0.174290885502917,0.9518545151284143,-0.4391176845445325,0.0781989951954675,0.9039145956604538,-0.7642621345647842,0.1344672873575931,-0.011410814738526313,-0.6306280453707822,26.773999999999887,4.0,-0.0633748122875881,-0.1628069740323711,0.9639831546110834,-0.3523046490637463,-0.6035738794203455,0.4649378408799207,0.9629564569110706,-0.11431705229233484,-0.007518243345359649,0.2441105275596881,26.688000000000105,5.0,-0.0340538765238167,0.0938070989081227,0.9745817367918106,0.081846398564508,0.0286508068912314,0.2686419921384663,0.5083156428015662,-0.10096363882118355,-0.23565034501240098,-0.8221255778862209,26.688000000000105,6.0,0.0166873230645318,0.0177632480810538,0.9799923470448894,-0.0346893260640514,0.0214367336136167,0.2250398715762042,0.3469082656657623,-0.06860986376644883,0.33713556266781103,0.8725175953477274,26.688000000000105,7.0,0.107772664668733,0.0838700831980138,0.9705770767407188,-0.0137729904026201,0.0068762244034033,-0.0022178742921993,-0.993631005916128,0.023366040402676515,0.059746577243818634,0.09263799838971223,26.688000000000105,8.0,0.037662817034425,0.009268306239924,0.9796920999541,-0.0294212166244556,0.0136322570347026,-0.0348528967696789,0.9010298206593647,0.14406736248931498,0.11469751810738366,0.39272679649844616
402,26.84099999999989,0.0,0.0048144166153312,-0.1366855615587186,0.9701669333955016,0.0720914223574086,0.0080964518086616,0.0558832258481393,0.9976806881111961,-0.060287832971582876,-0.004429115144658395,0.03128905087400353,26.8420000000001,1.0,0.1887212355735713,-0.1905458599324815,0.942953641758796,-0.1826263130200262,0.0759214308861472,-0.2386941934032638,0.8749029160189207,-0.17776632947883872,-0.033499102386463975,-0.44924584559516156,26.8420000000001,2.0,0.1767330609416819,-0.1277463710036742,0.9551310328251172,-0.0885805549866076,0.2053202815148269,0.0410262090158777,-0.9540385180087266,0.12534352925231929,0.035820901369595926,0.2698450830668504,26.8420000000001,3.0,-0.1581099047754525,-0.1873655586599921,0.948809994382398,-0.0861149065746157,-0.1022887599305954,-0.0148585690495086,-0.7643806948079087,0.1337036923977641,-0.003700728266606753,-0.6307390749386624,26.8420000000001,4.0,-0.0498244227586044,-0.1668448145818005,0.9642708824515738,-0.0267071762258871,-0.111249237153885,0.2327653311863311,0.9601111637562247,-0.11181505479215662,-0.01076951116527923,0.2560624228225524,26.75900000000001,5.0,-0.031619472137429,0.1030059679408661,0.9739075826536702,0.1676829570256428,0.0136554772165821,0.3240239351905364,0.5247036731136562,-0.08653220449582869,-0.2218478404398316,-0.8173015163930094,26.75900000000001,6.0,0.0176842592146677,0.0177836594150891,0.9799168375091004,0.0472872649430012,0.0328151320337145,0.0853916150383336,0.34655776044415476,-0.06062610239141192,0.31081251963828604,0.8829596661347888,26.75900000000001,7.0,0.1052851529794306,0.0829787186900206,0.9695682383446046,-0.0539205265205323,0.04076633526603,-0.0283212478018036,-0.9936665202498579,0.01974047758585346,0.05730826918360033,0.09461988354675288,26.759999999999764,8.0,0.0356909324876143,0.0079451019337104,0.9790914322439084,-0.0135112990253157,0.0400535100050728,0.0180120517910017,0.9033711706844039,0.12989375302106423,0.10355527140322095,0.39537886471964806
403,26.885999999999967,0.0,0.0030437457197824,-0.1331253490494442,0.9712576265092888,0.055147077073107,0.0405003011473971,0.1195882050386628,0.9976003542041806,-0.05839418004819529,-0.0018999526383172618,0.0371489327998055,26.88700000000017,1.0,0.1809303943724088,-0.1792003554180105,0.9463569226303064,0.2241563365809432,0.0840647148337474,-0.3056858951228213,0.8707149835374225,-0.16032630699365966,-0.03800204150129027,-0.46336458385480334,26.88700000000017,2.0,0.1803046379041987,-0.127803342866244,0.95464053082951,0.0271992782758388,-0.1308119655328021,-0.3365051598188293,-0.9494273567927286,0.12157572500834284,0.04791275291257721,0.285502023408954,26.88700000000017,3.0,-0.1598892270441226,-0.1811585399013577,0.949364007373379,0.1464432419604766,0.2309633763733315,-0.0664514113230325,-0.7674916880983872,0.13442764158308687,-0.016775208027781114,-0.6265814474383372,26.88700000000017,4.0,-0.0530903144434635,-0.1594738872874703,0.9643290402065664,0.2609490739534318,0.0793873449238588,-0.6265663737167758,0.9693796054490392,-0.09718678746687552,-0.0050327025664246485,0.22546081873844798,26.77500000000009,5.0,-0.0306667709812389,0.1177333946448643,0.972120052741934,0.0425149903707043,0.0436217568560298,-0.0338847219694125,0.5255811143649806,-0.07064927996326899,-0.20561531122424953,-0.8224934742924663,26.77599999999984,6.0,0.0126353561637535,0.0196557105774127,0.979980102255302,0.0566486262441621,0.0367757559553729,0.1083565609430967,0.3445580369622243,-0.053162833977297534,0.28693874251775736,0.8922553615925033,26.77599999999984,7.0,0.1037974306723737,0.0785074011464945,0.9712397651203524,-0.0587152763589265,0.0468334191044931,0.0428440918311824,-0.9940173486422262,0.017119090167834503,0.05461716602391951,0.09302372023102354,26.77599999999984,8.0,0.0327225933075854,0.007678362898441,0.9794346709354464,-0.0183330691384542,0.0337874962713474,0.0095803968417489,0.9054251203738726,0.1167939760743403,0.09323741635736345,0.397330218759797
404,26.98900000000004,0.0,0.0030530301275355,-0.1286541241261945,0.9713474122847922,0.1625174901099938,0.0300632921523757,-0.0093571134488871,0.9980244681550453,-0.051067745883313836,-0.0003317983596336312,0.03659420998033528,26.98900000000004,1.0,0.1841739082467182,-0.1619737892468412,0.948950190009017,0.5655261154541823,-0.1469914143511985,0.7379346598827657,0.8919278385926028,-0.13551917556797038,-0.05319834267460619,-0.4280995446547224,26.98900000000004,2.0,0.1928374082753367,-0.1139135613044165,0.9545802399592168,0.3602916637700608,-0.2970720658873516,-0.0032570561624482,-0.9506903686157274,0.10498963449220784,0.0701218871848145,0.2832806393104281,26.98999999999978,3.0,-0.1697452222290147,-0.1654612900991036,0.9512229607243312,0.5139669934783189,-0.1458327422786456,0.3188490682571281,-0.7611458724145109,0.10868262518279193,-0.028768387961387556,-0.6387624188568335,26.98999999999978,4.0,-0.0827492532821599,-0.1499662110673726,0.9653044579920582,0.1933430609408622,0.5638804247914423,0.8459942007451459,0.9597714402301838,-0.09309450039273555,0.030987275614693024,0.26308170834378597,26.84900000000016,5.0,-0.033254831866688,0.1203170505840642,0.971328432352451,0.140677712370033,0.0120829503926331,0.1126250864964224,0.5320002620100254,-0.05624501471276875,-0.19513971021579227,-0.8220296302677425,26.84900000000016,6.0,0.011574197713383,0.0216094070758776,0.9797413288583474,-0.0033161640058565,0.0060969908330341,0.1011724575157554,0.34261566496215956,-0.04621762883178789,0.26165629039597454,0.9011184287339382,26.84900000000016,7.0,0.0987197171311743,0.0811827084650501,0.9714838059874285,0.1706839420964798,0.0613321065126002,-0.0231628411013046,-0.9941889795103908,0.0029345110969341507,0.052321699615083685,0.09403244872967353,26.84900000000016,8.0,0.0298601576542002,0.0064289659601458,0.9799301196419824,-0.0368368259517088,0.0334979872232445,0.0125591382351888,0.9070924267769459,0.1039741648569729,0.08359152436950996,0.3992307094648252
405,27.019999999999985,0.0,0.0033325498819528,-0.1215178666231326,0.9723452587443652,0.0745104317409644,-0.0433022597726797,0.0376407188439077,0.998081510684995,-0.04836600123326025,-0.0026288761001963448,0.03856315552327558,27.019999999999985,1.0,0.175340929898411,-0.0856232469401125,0.9595130107954728,1.991260759057702,0.0597905228775848,0.4323566648339438,0.9118873870153522,-0.03835018375834844,-0.09264882339355421,-0.3980035833152815,27.019999999999985,2.0,0.216238080140271,-0.0364648974875939,0.9549164382020392,1.5605486912777666,-0.2836707940935926,-2.2092874840083443,-0.9203011931100133,0.023500969907710376,0.1101372925716805,0.37465076425741184,27.019999999999985,3.0,-0.142784596602609,-0.1091813688377984,0.9632102510208946,1.1560442851867296,-0.874565204492282,-0.5770522532667753,-0.7868730135070854,0.03415263388627699,-0.02935236493300734,-0.6154696555361178,27.019999999999985,4.0,-0.1009518502583143,0.0105298219887879,0.9747219330549136,3.909641232881479,0.1198326903756646,3.760597241132325,0.9029080291401784,0.09802563436344884,0.06889064122443056,0.412797947516129,27.00099999999975,5.0,-0.0294923807491641,0.1357698869174959,0.9703018794602828,0.0093139524321878,0.0259399754668549,-0.0077421657697344,0.5327668548766874,-0.04452771399733138,-0.18092880454923016,-0.8254947175575148,27.00099999999975,6.0,0.0126353561637535,0.0196557105774127,0.979980102255302,-0.028480808061834,-0.0289319477346239,0.1639556693266739,0.33774107700085315,-0.03792403001738828,0.2366217983021593,0.9102213233174645,27.00099999999975,7.0,0.0937126417398805,0.0880998515956416,0.9717707326972542,0.0017012691992384,0.0792888223280708,0.2046312938654043,-0.9952840670057165,-0.0013022902041403804,0.04836638145692669,0.08407510421966594,27.00099999999975,8.0,0.0278812648675143,0.0062511399366329,0.9801589454363412,0.0194229918651448,0.0208634957927418,0.1567258000109202,0.9052461906920579,0.09575675937618826,0.07481102916236038,0.40714037774084466
406,27.0949999999998,0.0,0.0045719272266253,-0.1121420385373174,0.97309211314969,0.0716313638777317,-0.0230033369466667,-0.0787382238612597,0.998348380365494,-0.0456192372401686,-0.004010264107814673,0.034688822364064446,27.0949999999998,1.0,0.2023717020518979,0.0796234074409303,0.9559240593248576,2.4663287391801774,-0.9796170587719408,-1.3650951154119733,0.8792809816344139,0.06047870241287948,-0.18159327696341887,-0.43615497664495656,27.0949999999998,2.0,0.2577939429738634,0.1451052751337657,0.9346832308832456,3.2338202715088684,-0.7878004734255327,-0.1612405100330148,-0.9066666325598706,-0.1137248198359787,0.20768505750987648,0.3491263376529161,27.0949999999998,3.0,-0.1047301895424001,0.0668877044596139,0.971959167038686,2.9115188514716164,0.1528196815525832,-1.577868345823635,-0.8350741307522889,-0.08364028825315745,-0.13459607996343803,-0.5268200770545042,27.0949999999998,4.0,-0.1495141528813489,0.2212547057383111,0.9431351299134318,3.5898607020127,0.068950585201504,-1.1758583144884531,0.89694561795713,0.2497537447077934,0.1637540513731814,0.32603103547178786,27.052999999999884,5.0,-0.0323425327117575,0.1287096081859389,0.9704724608861452,-0.1887627219761894,0.0622053745760339,-0.0932810817296636,0.5297171240983969,-0.036924213493982574,-0.15873161191911941,-0.8323704981991689,27.054000000000087,6.0,0.013696514614124,0.0177020140789478,0.9802188756522564,0.0357703688592197,0.0085207365189704,-0.02931397010429,0.34076461525166246,-0.03359009030680859,0.21658058253726856,0.9142450623839236,27.054000000000087,7.0,0.0885642900487756,0.0865333231021614,0.9719718877215808,0.0017705906247627,0.0901196543067851,8.839418633435141e-05,-0.9954597191104914,-0.005655134280424186,0.04394512949825464,0.08424246362799365,27.054000000000087,8.0,0.0266800114208839,0.0081275427309278,0.9799689383035254,0.0506634589771411,0.0085767964599401,-0.0509718333325999,0.9072397722733776,0.08916130195778,0.06801842977372971,0.40538839530709286
407,27.139,0.0,0.0063889775953441,-0.0878719673702382,0.989421901069392,0.73557548106219,0.1905812082723396,-0.0028828513992318,0.9993525429360116,-0.00901255227102644,0.006715069970832258,0.034178599505769944,27.139,1.0,0.1891617198818013,0.1089548527902786,0.9642404698957658,3.1548546597518388,-0.4218696317969053,0.8475533007375494,0.8776188478872637,0.17635012477011172,-0.26717525733811204,-0.3567957023184432,27.139,2.0,0.193564481444107,0.2069002148896418,0.97358003913489,4.832102203330986,0.8519098761865067,-0.4507377279133758,-0.8651688973624897,-0.33487377059302026,0.23436695148188272,0.2905416817919179,27.139,3.0,-0.1583010967376891,0.0482654518659886,0.9796643348248504,-1.5018424451369972,4.884171848754115,-9.611263457585268,-0.9567242799679534,0.18221781758613345,-0.22652633747533935,0.012693994798972397,27.139,4.0,-0.1260572612589791,0.2737534049542867,0.9713957175939264,5.642458645365695,-2.4717272043044014,-3.182772760957074,0.8525533458675584,0.47664600552374015,0.20694360406824958,0.05599752319109684,27.05899999999974,5.0,-0.0341522718717507,0.1231030667569714,0.97198624335997,0.0001095585401742,0.043812491611511,-0.0694623518818434,0.5275556770813837,-0.026159912775313186,-0.14651179897394784,-0.8363820653889036,27.059999999999945,6.0,0.0126353561637535,0.0196557105774127,0.979980102255302,0.1043697397480911,0.0397662589651036,-0.0836427393682255,0.3457454292012288,-0.03046447332892805,0.20190698376623184,0.9158414622398746,27.059999999999945,7.0,0.0792887012374361,0.0890368225707433,0.9728061194722136,0.038471621967508,0.1028343523906398,-0.0929899711673864,-0.9952074553191594,-0.01182405515691378,0.038968297196813814,0.08890323059591437,27.059999999999945,8.0,0.0261434855477901,0.0141862105287568,0.980037381733088,0.0768711232417284,0.027871958667333,0.0198154856327833,0.9074197132702222,0.08453709932641457,0.06312164200309935,0.4067660274861904
408,27.18399999999974,0.0,0.005662260286336,-0.110805564126283,0.9732502585497248,-0.0541545681603136,0.0200817922063933,-0.1197027070739773,0.9994462981378127,-0.016539499801143286,0.00637615263482043,0.028158245018607916,27.18399999999974,1.0,0.2524417086641073,0.2541361981826341,0.9124812198067548,2.705887664861195,-0.7603105514574229,-0.9569547170209154,0.8283685410247943,0.27783518013777536,-0.3238136201049893,-0.36298472743734744,27.18399999999974,2.0,0.3500876648397703,0.3384285244150069,0.8503209751554515,3.2306668368087004,-1.7357961405924434,1.1200567053434891,-0.8066040177809447,-0.4048895243523944,0.3711825084906878,0.21835287257073138,27.18399999999974,3.0,-0.1810856499666683,0.1864641271061058,0.9447502932937926,2.2717321459471056,1.4853692503188791,-1.450825363444492,-0.9522133237568011,0.061195728107834996,-0.2756257325844704,0.1165131943543368,27.18399999999974,4.0,-0.2018855262729767,0.4210567905367655,0.8611877921942238,2.9530038223666697,0.7083975877146296,-1.3748276563279995,0.7876276738690131,0.5522698257273944,0.2725920380386089,-0.01828299058355711,27.21199999999999,5.0,-0.0363245851809941,0.1235481323949849,0.9716981956827644,0.070535134773352,-0.012418088694577,0.0578179049448041,0.5301821383549891,-0.017809266397791627,-0.13964300467414498,-0.836115758400283,27.21299999999973,6.0,0.0094518808126419,0.0255168000728074,0.9792637820644384,0.0974319889786135,0.0381600768763876,0.0254174679875593,0.3455482591557004,-0.02644893522423714,0.1886870750017568,0.9188547448575592,27.21299999999973,7.0,0.0714301965832479,0.0917698037708155,0.9719259386043486,-0.108364210054575,0.0351384319465505,-0.1918626110781403,-0.9943803444415223,-0.010126777438401792,0.03680967014742837,0.09874323850629037,27.21299999999973,8.0,0.0235291716012419,0.019904331923398,0.979352947437461,0.0838791105077597,0.043740412997957,0.0164792667452483,0.9074639036222859,0.08054577127219105,0.0598214636211788,0.4079743065966172
409,27.24499999999989,0.0,0.0091803910580508,-0.1291040514529562,0.9708444078833918,-0.3277905414100213,-0.0259971274360171,-0.203257139406645,0.9991154581631075,-0.037867926338640084,0.002940457065862217,0.01804647130546693,27.24499999999989,1.0,0.2281206286366325,0.4233516191250258,0.8542092163952848,2.270572188354848,0.1044484985983861,-0.1417657407895678,0.8010289991618439,0.36126134105547675,-0.3458552458602203,-0.32897862373038744,27.24499999999989,2.0,0.4156049384925537,0.4762103668525531,0.7486910054239717,2.206740908778964,-0.9151325596492528,0.6076241413472315,-0.7621673401432807,-0.4491329078071215,0.435093056152336,0.16755479471401763,27.24499999999989,3.0,-0.2352029512697242,0.3468313672781496,0.8857361765141926,2.3840766040601307,0.0816205592673249,0.674923000188187,-0.9597606257148534,-0.08713814646860592,-0.24421555854165558,0.10782043277429414,27.24499999999989,4.0,-0.2890701194985595,0.5495707351082486,0.7579792036234685,2.388518889881872,1.133335711669115,-1.5904802308342552,0.7194928427367396,0.5955154579129355,0.3477403202620452,-0.08226820954294653,27.253999999999905,5.0,-0.0367807347584593,0.1193518535940476,0.9721261814159172,-0.297789373696285,0.059208518443044,0.0359921213791028,0.5320532321303172,-0.016971361959573765,-0.11596552296031086,-0.8385602712610833,27.253999999999905,6.0,0.0062684054615303,0.0313778895682022,0.978547461873575,0.074215799985578,0.0428637160101629,0.0252757057641982,0.34509124278836073,-0.023485810532348723,0.17597951081275956,0.9216244694171944,27.253999999999905,7.0,0.0730307616052829,0.0924361136169797,0.9733381081406096,0.080176547597593,-0.0221813312862049,0.1613391718236481,-0.9949726630836997,-0.01702228254964018,0.03894801860091318,0.09067906847775706,27.25500000000011,8.0,0.0199184030214755,0.0266789185889833,0.9796124195435644,0.0765582724944565,0.0322933936582434,-0.0374217425227573,0.9085757070703456,0.07690580978612165,0.05669249456189761,0.40664682711550965
410,27.31899999999996,0.0,0.0121533016672595,-0.1411733355694145,0.9701414260729152,-0.1598762238088702,-0.0076462797419317,-0.2325098273462713,0.9987634842718753,-0.04929273743098624,0.0007988532077384411,0.006410175911449904,27.320000000000164,1.0,0.1729494252641569,0.5497212943358035,0.79175248332706,1.94576451363877,0.6882626931073105,-0.0105129570449375,0.784355821273862,0.4367815381684014,-0.3361125864623118,-0.28466851383787717,27.320000000000164,2.0,0.3764788845535793,0.5823273931503626,0.6920400686896646,1.7579256756985255,0.3035398569435782,-0.388754854063417,-0.741216535296349,-0.509578771537484,0.4141259999317691,0.13938141763570044,27.320000000000164,3.0,-0.2116840886763518,0.4519494596639948,0.8430975818436947,1.3598526602441716,-0.0511094465473493,-0.6155717058956552,-0.950016375125022,-0.15909619583114987,-0.2241727358056398,0.14799956752566792,27.320000000000164,4.0,-0.3270993766493404,0.643499583402037,0.662684150977687,2.5943268163210376,-0.5580265980332153,-0.7014566990785688,0.6682851445204063,0.6485384743954135,0.32458565421781144,-0.16564107557669583,27.317000000000007,5.0,-0.0400594057229543,0.1168520175000061,0.9721598891228244,-0.0589418957686902,0.0472111373367102,-0.1296620228458898,0.5268587583384118,-0.009218663661281429,-0.10483540300210627,-0.8434123566084346,27.317000000000007,6.0,0.0041460885607892,0.035285282565132,0.978069915079666,0.0595248931387676,0.0635012164094565,-0.1053214958545038,0.350304979652998,-0.023266258531436976,0.16414297733693467,0.9218471594766823,27.317000000000007,7.0,0.0730378700014911,0.0955082834473381,0.9725886269839826,-0.0559530866841925,0.0007634501646814,-0.0118392963321559,-0.9948998728047957,-0.01708127170623783,0.03891883854910011,0.09147566482889148,27.317000000000007,8.0,0.0173040890749273,0.0323970399836245,0.9789279852479374,0.0688623348372338,0.0411908880864961,0.0173479103119472,0.9084943898012764,0.0734712550678104,0.05414164536409318,0.40780951511169483
411,27.39399999999977,0.0,0.0150143056225191,-0.1433970736676545,0.9692088783591628,0.011986956811473,0.0474693130059772,-0.2774259663376257,0.9986623338852245,-0.051119260225073994,0.0015722485393096935,-0.007608688946741964,27.39399999999977,1.0,0.1610523340469035,0.6261609632980341,0.7365307826151752,1.1863081537515645,0.2157941965133301,-0.4155516734408254,0.7666653279428001,0.4790967915901029,-0.32243699890015487,-0.28057961607837856,27.39399999999977,2.0,0.3913672075121594,0.6381125085318045,0.6329100531192265,1.05195150810283,-0.1714420114614902,-0.1673417384998416,-0.7270668791686833,-0.5337200847731718,0.4118612672638459,0.12994968585359754,27.394999999999985,3.0,-0.2045278267626951,0.511203925019765,0.8104985596064409,1.209444904537662,-0.2588265129213457,0.4655601868225381,-0.9459357828663941,-0.23148479768420557,-0.18274083052220316,0.13500397029013614,27.394999999999985,4.0,-0.3362264022137855,0.7062375110038677,0.5897002497077946,0.979785828838454,0.2053350797824363,-0.1165701816736271,0.6564873652343214,0.6641500091886853,0.31084710482468286,-0.17692705277735482,27.38799999999992,5.0,-0.0396181152953569,0.1098697225261616,0.971930063848458,-0.000293407133481,-0.0562421612931029,0.0358897910127073,0.528037449818902,-0.006214911008533432,-0.09958673071498585,-0.8433387869269428,27.38799999999992,6.0,-0.0009991479404768,0.0401184954762059,0.9776617554267524,0.0300505127387085,0.057012978307293,-0.0778554212647801,0.35419477073724076,-0.023104406337990678,0.15228627240449638,0.9223996650190772,27.38799999999992,7.0,0.0753912137871907,0.0909881461616181,0.9727622125379698,-0.0375804542295558,-0.0389654962882352,0.0578894595588118,-0.9950480095384998,-0.01748731887903222,0.04111275180301239,0.088788479157357,27.38799999999992,8.0,0.0147886704151476,0.0382778817579406,0.9792252544718588,0.0142379281665996,0.0209028248391304,0.0539480786238366,0.9078392565545974,0.06861947889528122,0.049926905016269424,0.4106416388166602
412,27.46900000000005,0.0,0.0155733451313536,-0.1291245586615307,0.9712045712783092,0.2279988205665789,0.0361489929217557,-0.2219948721654793,0.9989700905589898,-0.041227803524671175,0.0019340435557547284,-0.018849028108072832,27.4699999999998,1.0,0.1520757723357968,0.6730490913060849,0.6954220877715376,0.6661532023442236,0.1286357440376896,0.1691819744435441,0.7666766752762285,0.48921020722224495,-0.3205543517268552,-0.26481154870196294,27.4699999999998,2.0,0.4101765209343561,0.6617925683756976,0.5938272628609145,0.585040329346339,-0.0204585673978901,0.0148472321955604,-0.7290641345628337,-0.5376350841977671,0.4064936386500564,0.11906689578066426,27.4699999999998,3.0,-0.236484914622491,0.5441969019367454,0.7804451403387951,0.3516022066558103,0.2238413554937084,-0.1200600372237952,-0.9390831312822513,-0.2557167641252836,-0.18375715818309948,0.13771389146664617,27.4699999999998,4.0,-0.3790970177713036,0.7156316885127463,0.5509335146034403,0.1666276376688981,0.5640832921790603,-0.5899108086624382,0.6605123068634212,0.6486159145875382,0.3327585800246404,-0.17970146144569352,27.50900000000001,5.0,-0.036627078259398,0.1075693286221044,0.9735919559435408,-0.0133849152177314,-0.0894052360972472,-0.1086967770477695,0.522959760454413,-0.004691887484612392,-0.09520506337022555,-0.8470106676104888,27.50900000000001,6.0,-0.0050511148412551,0.0420109579725648,0.9776495106371648,0.0077576387663724,0.0584924804832862,-0.1406432635000798,0.36088322462006284,-0.024019287894002,0.14061725786804297,0.9216361314458992,27.50900000000001,7.0,0.076864719301831,0.0893151240444275,0.9725896480754768,-0.0081989394499278,-0.0007428162294183,0.0706977058730238,-0.995299680317595,-0.019377228786613306,0.04139541936935824,0.08537850209203486,27.50900000000001,8.0,0.0128097776284616,0.0381000557344276,0.9794540802662178,-0.0115894609640278,0.0135408127317667,-0.004277071125111,0.9084001197445437,0.06300485776983535,0.04555366307889587,0.41080953509576146
413,27.53099999999995,0.0,0.0147671740299365,-0.1210891631078782,0.9720891652255996,0.1187389421675544,-0.0216951885357476,-0.1254270965408811,0.9989842336504738,-0.037411280466394865,-0.0003248568903359302,-0.02511556249899296,27.53200000000016,1.0,0.1599345430993037,0.6911881780990162,0.6761551925259316,0.3249564308253196,0.0953264516712619,0.1074285898478614,0.7732965974062501,0.48703855132794815,-0.313782299141556,-0.257578125441056,27.53200000000016,2.0,0.4209004593965423,0.6688284384168846,0.5793533664738745,0.0474615742771983,-0.1569840371671637,0.1126113524272234,-0.7427268626212886,-0.51930361534254,0.40563715499120917,0.11890778411669353,27.53200000000016,3.0,-0.2420551153078302,0.5578268947109146,0.7686894539997873,0.3044304350021096,-0.0114863955020402,0.0116860247824691,-0.9357152987172263,-0.2758291307443609,-0.1723170194144237,0.13660898652530604,27.53200000000016,4.0,-0.4137444679456851,0.7110047918810092,0.5328740012109658,-0.1040597825923866,0.2828191140103378,-0.0278731167578459,0.6815001347343899,0.6313299172970924,0.3292635450947515,-0.16901366735945197,27.54799999999977,5.0,-0.0329198882930015,0.1055087220786305,0.9736951219555896,0.0500775951589595,-0.0596312263680696,-0.1365431160203442,0.5168550437429098,-0.0005549723023579361,-0.09315616062726975,-0.8509891218461284,27.54799999999977,6.0,-0.0079777009914282,0.0399756161379587,0.9781903221772754,-0.0264773821071668,0.0324269114076004,-0.1096694643483958,0.3662442805169985,-0.024099558721705786,0.12801784506859307,0.9213553980967383,27.54899999999997,7.0,0.0786243958439494,0.0836208937073687,0.9732819481084374,-0.085314029807428,-0.0196180675722568,0.0827168202172994,-0.9956300226536214,-0.016849102890035137,0.04231057510007734,0.08152779254494136,27.54899999999997,8.0,0.0128097776284616,0.0381000557344276,0.9794540802662178,0.0029053965867012,0.0200812406207056,-0.0157106455596901,0.9090501091218026,0.05844358870866962,0.042239113414007205,0.4103999309728128
414,27.588999999999945,0.0,0.0157316738240685,-0.1166139800635001,0.9718830660591028,-0.0358384712911419,0.0138567567755841,-0.0565264316825963,0.9987495222513102,-0.04142615010622386,-0.0003257034714728487,-0.027984992538952702,27.590000000000146,1.0,0.1684962904884707,0.6902426281941828,0.6748126512708634,-0.1249784791973876,-0.0544171318113711,0.1697780956444528,0.7888695829230737,0.46446489113591,-0.308789747909728,-0.2580814554103601,27.590000000000146,2.0,0.4285350885522515,0.6605152032173391,0.582903374667081,-0.3527352886375304,-0.1277695087834642,-0.0094424665649159,-0.7651044057915045,-0.48895537368752334,0.3982367668434287,0.13017437656703257,27.590000000000146,3.0,-0.2524278553134457,0.5542952224215107,0.7677232471812627,-0.2205294698008292,0.1075536021346375,-0.1027764733478078,-0.9376739020857731,-0.2691676199666683,-0.17321682248005874,0.1353232356937685,27.59099999999989,4.0,-0.4109527452391065,0.7060745981886363,0.54074162311884,-0.4319062490813471,0.1498883241943699,0.1019239826673162,0.7142762638983065,0.6031653453439656,0.32054101380293304,-0.15249407686123279,27.59900000000016,5.0,-0.0303190559818566,0.1005032138031016,0.974120043351751,-0.0407772910070638,-0.0259691750893807,-0.0464679697939765,0.5147203394040796,0.00153581328024252,-0.0864209481691357,-0.8529900545720712,27.59900000000016,6.0,-0.0078813675410763,0.0370144543892084,0.9786617465763908,-0.0268958892411145,0.0034178321924156,-0.0074663812213455,0.36700880487458876,-0.022106321825845657,0.11608751633765237,0.922680625260124,27.59900000000016,7.0,0.079797513538695,0.0798247401493295,0.9737434814637446,-0.0574416869243764,-0.0200317581463978,-0.0565745960370884,-0.995351765370603,-0.01607110919899436,0.043196960433574176,0.0845612513627733,27.59900000000016,8.0,0.0118203312351187,0.0380111427226712,0.9795684931633972,-0.0214246341723011,-0.0104120579111771,-0.0316730408558702,0.9100986747847677,0.05379473557911982,0.03744709557474174,0.4091750769682804
415,27.634,0.0,0.0165564137409917,-0.1157069257706531,0.9711780436628196,-0.0695730845970819,0.0307275663868838,-0.0106620448871212,0.9985009810453881,-0.0466597811844376,0.000633480729162851,-0.0286051459248782,27.635,1.0,0.1701913704871906,0.6847564000285757,0.6790585910152356,-0.3443938943761537,-0.1159645088392133,0.1461141493823368,0.806422012109225,0.43407724772618167,-0.3028922947154962,-0.26366027230918393,27.635,2.0,0.4301265453451807,0.64883123263346,0.5938098909152367,-0.4571586840182027,0.0486201301470953,-0.1537151443710753,-0.7896430777616432,-0.45927328655361477,0.38044165872557906,0.14420819084743652,27.635,3.0,-0.260789947794633,0.5439221688329963,0.772248196748482,-0.7369542019481959,0.3800977949352001,-0.4853793287080885,-0.9408709914273035,-0.23664552028808972,-0.1952078494735914,0.1437169813281578,27.635,4.0,-0.4026793353347624,0.6987666914751326,0.55597793461544,-0.690739294788423,0.0882782983808684,-0.064325494872196,0.7511465071167784,0.561960524722954,0.3170987441152971,-0.1393832126902922,27.685,5.0,-0.0382683017704619,0.1013588359959754,0.9763733524862024,-0.2797679388404367,-0.0086123538479658,-0.1289678164926765,0.509156375196693,-0.0012186345228240728,-0.06957914066159572,-0.8578560740073233,27.685,6.0,0.0062041831612957,0.0333519974007024,0.9782331789408314,0.1120414665791195,0.0509897566236615,-0.0324829613134452,0.36866723577530647,-0.019493049382097647,0.11213541142223252,0.9225671464976132,27.685,7.0,0.0762288474931774,0.0961878745024863,0.9700675520851916,0.0623604997200179,0.186193863037035,-0.921713447663243,-0.9906591770210647,-0.024870202199826212,0.03303961424287296,0.12993941633380063,27.685,8.0,0.0092896226414151,0.0315230155098978,0.9788615849058246,-0.1072408988485265,-0.1027300911892502,-0.037060699168372,0.9115740694243561,0.047224031578315485,0.027147839222896434,0.40751147421899336
416,27.679000000000087,0.0,0.016677604802694,-0.1210812468656216,0.9714973953415992,-0.0927396830494793,-0.0328971225997644,0.0499567215910614,0.9982593860414395,-0.05288431840831001,-0.0014806194260104676,-0.02606251739130771,27.679000000000087,1.0,0.1746726124244092,0.675918319821706,0.6870465074492658,-0.4550958011587286,-0.1433777662846226,-0.2093097626898954,0.8186314765437797,0.4059682306107379,-0.2896242159510469,-0.2848685923040297,27.679000000000087,2.0,0.4274379205856581,0.636569775672509,0.6103152830674163,-0.6451055632065631,-0.0298281485504362,-0.2090344472900633,-0.8130112940937824,-0.4230092745389833,0.36444118088158145,0.1651012265478202,27.679000000000087,3.0,-0.254428339607449,0.5297361790406542,0.7837498329314047,-0.5755514785088486,0.0919196423420629,-0.1268344591788348,-0.946466918377958,-0.2151423615012617,-0.19614795121321352,0.1394278234021139,27.679000000000087,4.0,-0.3971663324689544,0.6869471193922586,0.5753403857820496,-0.9871104987861036,-0.0246744806152715,0.3933439164349603,0.7960529324938522,0.515156845245704,0.2991363387307466,-0.10691400429876495,27.769999999999985,5.0,-0.0261961184392544,0.0963040169584413,0.9747267820760772,-0.0928295570637433,-0.0111655101943731,-0.0660904415159791,0.506185074856144,-4.3862535183069154e-05,-0.06250861146243579,-0.8601565796772098,27.769999999999985,6.0,-0.0088140813909776,0.0350199352226729,0.9790515390449231,-0.0275487963512499,0.0114799116479372,0.0577462005504634,0.3662738790185816,-0.018010704826589948,0.10185351140129958,0.9247404621165639,27.769999999999985,7.0,0.0808435717260461,0.0736892546279354,0.9726202808202976,-0.0970712516105652,-0.0162987883563632,0.009815853607075,-0.990748462336102,-0.020653231438058105,0.03451381283631305,0.12961375364256522,27.769999999999985,8.0,0.0117144277084749,0.0389938006256968,0.9794162831483996,-0.0051296938233021,-0.0135892277569719,0.0305037952667053,0.9111347178830383,0.04465220318537783,0.02391246983986281,0.40898398551171333
417,27.72699999999986,0.0,0.0187092266371537,-0.1264476517183336,0.971224977136378,-0.0798675076148341,-0.0370086742046028,0.1250798508661327,0.9981075052381898,-0.05812841519332104,-0.003497794561243834,-0.019755018793139036,27.72699999999986,1.0,0.1844394626004225,0.6422562498635618,0.7164314301779768,-0.9230752694956892,-0.2019376428845745,0.2735729813500968,0.8444097031914748,0.34933891421572644,-0.28204331790373083,-0.29220907411734764,27.728000000000065,2.0,0.4102904899269248,0.6064971637288782,0.6500091570619222,-1.185483494402285,0.0324723076180764,-0.5771105082476379,-0.8413370680306712,-0.37021877713067025,0.33430015944059005,0.20816675626867254,27.728000000000065,3.0,-0.2517030429522896,0.4962709767866192,0.8064357976725814,-0.8000724510994134,-0.3190889560166926,0.4339278762048852,-0.9609857033351505,-0.18501341410072228,-0.17324777438820388,0.11073266572143292,27.728000000000065,4.0,-0.3557708506521692,0.6595268361780912,0.6321870405087003,-1.212931092755135,-0.2586664320795178,1.0368330376600612,0.8461674967701787,0.4641909084566221,0.2568364424250953,-0.05062025047672415,27.80899999999974,5.0,-0.0235952861281094,0.0912985086829124,0.9751517034722385,-0.0278148134320034,-0.0340986650812173,-0.0047004223700105,0.505784208776176,0.0011999527667160856,-0.05935008120295693,-0.8606151649414607,27.809999999999945,6.0,-0.0077208117904898,0.0320791848079579,0.9794474539082496,-0.0321835556622869,-0.009005194388336,0.1643722294277312,0.3589948809540955,-0.015261694944155984,0.09192485289560369,0.928676250119657,27.809999999999945,7.0,0.0823170772406865,0.0720162325107448,0.9724477163578046,-0.0561362057510604,-0.0350810835004672,0.0054045203523694,-0.990711820043575,-0.018677781735618768,0.037096927953337126,0.12947991362295733,27.809999999999945,8.0,0.0118203312351187,0.0380111427226712,0.9795684931633972,-0.0640717949410686,-0.0054997208435954,0.0228334514894156,0.9109355746588019,0.039427912250933714,0.02016287480917928,0.41016493881852
418,27.79500000000008,0.0,0.0207454906754901,-0.1295784441094207,0.9709974518189092,-0.0138475550763052,-0.0630282942593819,0.2010169596177553,0.9981457430724737,-0.05974824906030696,-0.006606923066327451,-0.009569267898986466,27.79500000000008,1.0,0.1880497257330686,0.5897943019766151,0.7600170932338528,-1.4534384643462557,-0.1422422495940557,-0.2685971142411979,0.866602236328433,0.27901720407467046,-0.2547924723346111,-0.325930605900288,27.79599999999982,2.0,0.3775759282638358,0.5584531131249623,0.7109560737744215,-2.084112488225341,0.1578561805810834,-0.7013427131760462,-0.8772345665796336,-0.2782170837777462,0.2876293772441292,0.2651869356476735,27.79599999999982,3.0,-0.1784377779098094,0.4596725388561399,0.8471021877177277,-1.169952194108994,-0.8154254017353579,1.5963001228470113,-0.982445319479243,-0.1423744653562963,-0.11753805876225774,0.026749029706461428,27.79599999999982,4.0,-0.288566828171166,0.6027630699008097,0.7161423512423937,-2.081133068612637,-0.338260773119147,1.0623411011751622,0.9049579230227961,0.36695111086609444,0.21479180549076202,0.01620247161468604,27.90099999999984,5.0,-0.0229854800515828,0.0837122625119065,0.9761894922667096,-0.1751468632808512,0.0443033783549139,0.1053870849708809,0.5104050484429222,0.0013696874458836638,-0.047842584310114705,-0.8586011283516977,27.90099999999984,6.0,-0.0056627171899833,0.0301458996435283,0.979610717769415,-0.0074211377407624,-0.0204126401094955,0.2131646139710301,0.3494262553747622,-0.011602298993153197,0.08379398769755558,0.9331373137639427,27.90099999999984,7.0,0.0839176422627213,0.0726825423569091,0.9738598858940656,-0.0362256835010917,-0.0033794386961819,0.0642816423721992,-0.9910856422772002,-0.017999620967230005,0.03811218895164742,0.12638324402522413,27.902000000000044,8.0,0.012145050054925,0.0339177907308935,0.9791956297038394,-0.0903946679432602,-0.0103417265756741,0.038554972922991,0.9104131850451919,0.03345714697414144,0.015905606062026203,0.41203818209969284
419,27.875,0.0,0.0197902752891114,-0.129582402230549,0.9712933367609092,0.0862243911930649,-0.0286423970612845,0.2744387631612644,0.9983815374685493,-0.05620281544355836,-0.007592852519739022,0.0042305754652141115,27.875,1.0,0.1641278008507783,0.5042478093003443,0.8241305793402468,-1.9619040073979133,0.0626103764421105,-1.0299777836029518,0.8761161445324211,0.19956615056980306,-0.20101179529483876,-0.3901129464510792,27.875,2.0,0.3044031424671746,0.4517051736739439,0.8143998790104903,-2.994528240851463,0.8407803849432328,-2.2813247486206434,-0.8898102615190531,-0.17425250736064385,0.17998772481935035,0.38141602101678534,27.875,3.0,-0.1373165384151006,0.3587130494630308,0.9009373543274958,-2.0891481530120988,-0.0518362574673654,-0.2507330327867961,-0.9924063179288741,-0.04110673583316829,-0.11306582843726118,0.025613567572525874,27.875,4.0,-0.2296558345017202,0.4906383658070095,0.8169021922345083,-3.365838585089117,-0.5727029127726672,1.450641493934117,0.9602646505743953,0.20346150495123752,0.15759282689459467,0.1079801730484927,27.96000000000004,5.0,-0.0247165029332288,0.0771750331760755,0.9756716193151376,-0.1229317066227377,0.0381843501232457,-0.0694177829069324,0.5074581897839938,0.003015656594182108,-0.039566640921692486,-0.8607622043065274,27.96000000000004,6.0,-0.0046336698897301,0.0291792570613135,0.979692349699998,-0.0599278550069043,-0.0360347251395444,0.0080355672337351,0.34935074122676973,-0.009480229678916624,0.07351140336416102,0.934055811193835,27.96000000000004,7.0,0.0831969155117457,0.0691691173422154,0.9727938663742848,-0.081330343069921,-0.00907894751243,0.0186012733726477,-0.9911972651643615,-0.015046841287016496,0.038922187832605225,0.12564488605708235,27.96000000000004,8.0,0.0126815759280188,0.0278591229330644,0.9791271862742768,-0.1034119444556973,-0.0253329524282754,0.0012826399463941,0.9106292055660327,0.02748870125785151,0.011027151355249279,0.41216164693760765
420,28.01800000000003,0.0,0.0185694667599451,-0.1300157804698646,0.9707260539065916,-0.0911309784540675,-0.0448944595829969,0.3245591354062201,0.9978314575558997,-0.06188156891900531,-0.00906517599755895,0.020515270510630637,28.01800000000003,1.0,0.151450551447528,0.3620866057384446,0.8970379147009628,-3.0352484752067066,-0.3555442920001556,-0.4971949944496217,0.8871131528853325,0.05529598190088622,-0.14973119533201854,-0.4330741016360903,28.01800000000003,2.0,0.228940515155911,0.3031092055285215,0.901953463347203,-3.0830528798564734,-0.0415795470903786,-0.8461081763385109,-0.8929872056910816,-0.03427438797691679,0.11921899160524076,0.4326499148751463,28.01800000000003,3.0,-0.1254614196943488,0.2064375281845506,0.9483569892848006,-2.4955002455128934,-0.8467608731033385,-0.0599122234820902,-0.9944977796220118,0.07809817983305777,-0.06824438025040677,0.014749413476123336,28.01899999999977,4.0,-0.2066191184188131,0.2638243818667999,0.921184148493901,-3.954017132731452,0.1527895101140545,0.7114320915564586,0.9763002386142347,0.0028339820731081203,0.13686389070443988,0.16762484317260629,28.03499999999985,5.0,-0.0234160867776563,0.0746722790383111,0.9758840800132184,-0.0425620741652814,-0.0506204119570796,0.0125196033283911,0.5078310702346641,0.002395487427333289,-0.0377496443072897,-0.860625836295294,28.03499999999985,6.0,-0.0025184552048083,0.023138671525333,0.979499494263996,-0.1172992166323642,-0.0355201247787249,0.0296555529490219,0.3481938655447022,-0.008511973307601518,0.06126200107628485,0.9353798936964477,28.03499999999985,7.0,0.0852569798737588,0.0655980184460052,0.9728520685894454,-0.0629902219100937,-0.0442813570020728,-0.0256197004819603,-0.990934150155004,-0.012971617343906205,0.04156201252577077,0.12709778249391637,28.03600000000005,8.0,0.0135358123810438,0.0188524814261583,0.979515372889707,-0.163097118152851,-0.0251402201487897,0.0085077860664491,0.9107051148417078,0.018997155751547246,0.005178651396528583,0.41258754639981143
421,28.054000000000087,0.0,0.0192405201880301,-0.1393836923134231,0.9693874296172666,-0.134129250319423,-0.0393868974829305,0.2996644697220391,0.9968907031978679,-0.06957656814165576,-0.01034629585594258,0.03551029717351171,28.05499999999984,1.0,0.1842141382915175,0.1571700858970597,0.9493807009585904,-3.29661150877586,-0.4075723819550085,0.5652653408033206,0.8980754025309006,-0.10859701096607403,-0.08991704690767287,-0.41663195419170485,28.05499999999984,2.0,0.2798032510863454,0.0987453022651726,0.9331524559052884,-2.4156112118269006,-1.0632801376240957,4.5751672797304765,-0.9654833912947627,0.13738470553679274,0.08871498611804601,0.2027237407325744,28.05499999999984,3.0,-0.0199143644981432,0.063048566822318,0.9769126349414704,-2.111394233976004,-1.159351015066873,4.173735380825998,-0.9665102256727981,0.15433238246460065,-0.03847653758175787,-0.20139278896831653,28.05499999999984,4.0,-0.1234666009353864,-0.0653453474499719,0.9702448062319656,-5.623932863131596,-1.8907071369275728,1.7161850989878051,0.9339909434004128,-0.23793614571442578,0.010056502499275274,0.26635723186362475,28.079999999999927,5.0,-0.0186301697315721,0.0667998527884396,0.9762303500932632,-0.1732508581240373,-0.042911629514649,0.0817562579212854,0.5112446365789651,-0.0017207072147816577,-0.03006284896821404,-0.8589075537261489,28.079999999999927,6.0,0.0007221402307186,0.0131702816583876,0.9798596951576926,-0.1485428067817357,-0.0498197381070162,0.1194848954769436,0.3428232186244004,-0.0072198867375271435,0.04803303896962296,0.9381433478817864,28.079999999999927,7.0,0.0881968825068312,0.0591798043812656,0.9732564208210862,-0.1237136267550355,-0.0261897375149501,0.0430727405026884,-0.9911700911238804,-0.007714071359930228,0.042794644717234945,0.12526356991583038,28.079999999999927,8.0,0.0164748451473984,0.0090410080397395,0.979826943725776,-0.1568311888734798,-0.031530148553995,0.0775610271726956,0.9092487577590026,0.011407028321708586,-0.0006262695262290321,0.4160963638450341
422,28.13099999999985,0.0,0.0158297611316892,-0.1469612442980573,0.968414070187376,-0.1257118483304217,0.0330759794211093,0.3797163506820778,0.9955570751911113,-0.07660575585594923,-0.007509527162662604,0.05423352476514964,28.13099999999985,1.0,0.233844053034291,-0.1177677157537972,0.9440819477072044,-4.940984821549798,-0.8229138861039295,-1.0094354612638736,0.8324061362367877,-0.32452639090033863,-0.037249396488791386,-0.4476551445317742,28.13099999999985,2.0,0.2144994249688531,-0.1750638219332787,0.9400061994147402,-4.296617789977918,1.0846463515366425,2.2714287340423054,-0.937131024277163,0.33144316350799935,-0.0443995349383893,0.09979756509203878,28.13099999999985,3.0,0.0327435320416695,-0.1136846745549149,0.9727284594792008,-3.5415361481415792,-0.9498896497704618,2.1366747300270035,-0.9063571665365627,0.2895164171513685,0.015604398606867213,-0.30733277340981074,28.132000000000065,4.0,-0.0422571039214258,-0.3592451330227316,0.9106718792010948,-3.714546014739249,-2.288831827009304,5.093883585792933,0.7987975927555592,-0.34228612343980114,-0.04580990548959239,0.49260944780577615,28.14599999999973,5.0,-0.0187237451597872,0.0565519669205212,0.978460165977446,-0.3695060724923579,0.161723030784392,0.4092571079825763,0.5290914169523633,-0.0026906782836198873,-0.008804782094275158,-0.8485148841181201,28.14699999999993,6.0,0.0019046410657391,0.0051351769558716,0.9800566321902232,-0.1126207149389859,0.0071305273365663,-0.2576248803192801,0.35495356778474024,-0.009319552947675943,0.03815110957400588,0.9340586724012638,28.14699999999993,7.0,0.0901792003227304,0.0482946998426612,0.9740212183501242,-0.1670493387496445,0.0018126990851262,0.1853900537122593,-0.9922974613335296,-0.00013939104643094312,0.042263268918514146,0.11644545891313214,28.14699999999993,8.0,0.017547896893586,-0.0030763275559185,0.9796900568666504,-0.1770792881769579,-0.0314662753652295,0.0840348465296001,0.9075693340370858,0.0031143546612768906,-0.006567264252170217,0.4198393451676088
423,28.183,0.0,0.0050754748195435,-0.1522866347336203,0.9674213251923204,0.0431217792814642,0.1128158314060544,0.5978680145642647,0.9936764030863212,-0.07507031087185793,0.0005266366196888484,0.08349477246453275,28.183,1.0,0.3063401997205049,-0.3240290573578315,0.8723702493912755,-4.296912439406077,-0.3440075421707887,-4.774995986649769,0.6507729965579041,-0.45205620451713496,-0.06376522505384363,-0.6066907704773836,28.183,2.0,0.1139143579578115,-0.373111888117234,0.8993047525709248,-3.0364303535703936,2.362161602519822,-3.426044620888237,-0.8493568112472822,0.4375090628440351,-0.0759573124394945,0.2853231743201942,28.183,3.0,-0.049607524561558,-0.318984762861499,0.9253873862167497,-2.715795541653805,0.6298532154201656,3.970138563383494,-0.7969352482542633,0.3947372281935561,-0.04620884116441822,-0.45490820366995555,28.183,4.0,-0.0694774302992794,-0.5136768994504887,0.8316916072980064,-2.456241397014613,-0.6432093871389174,2.447576167085704,0.6982401712648422,-0.409545815739847,-0.08393800622457324,0.5811086810167877,28.18399999999974,5.0,-0.0226398527763725,0.0528816555590329,0.9780209443419908,-0.0807964679673461,0.0813157589207153,0.0460415338420283,0.531053047292414,0.0012746665702289656,-0.004016599782510421,-0.8473280964967248,28.184999999999945,6.0,0.0029586973002904,0.0010482879183561,0.9796250033572672,-0.0709736836403579,-0.0317321609619494,0.2516785249476669,0.3433049720729599,-0.007448620965987967,0.03060304852660473,0.9386957268553892,28.184999999999945,7.0,0.0891438689594435,0.0365138037264022,0.9750882589613984,-0.1370090998892883,0.0269361292241038,0.3247525773867025,-0.9940804815278538,0.005892159869920074,0.04054220869069378,0.10062608017754503,28.184999999999945,8.0,0.0195044915064728,-0.0141220922367944,0.979286547095348,-0.1562024447751113,-0.0187879405497724,0.1020534951621387,0.9054122955536986,-0.004142279861871367,-0.011224257812458288,0.4243647400695392
424,28.204999999999927,0.0,-0.0090803934064912,-0.1469234713991036,0.9691088896546248,0.0925183629411625,0.1523680159822799,0.3998161768594508,0.9921196500759608,-0.07110998256620861,0.009675182373929558,0.10270521485600378,28.204999999999927,1.0,0.4355080532657488,-0.4283995684177131,0.7655504851544376,-3.017888043778525,-0.6574878049449021,-3.2338093748938737,0.49144738310075425,-0.5286892357594404,-0.07101291797513387,-0.6884216201690475,28.204999999999927,2.0,0.1064210223033701,-0.5132409988463716,0.8283986015892857,-2.0651539255086773,1.534583639806574,-2.849614345484952,-0.7586703146742674,0.4877192032672765,-0.08920134454734233,0.42260200251220675,28.20600000000013,3.0,-0.1653769861066025,-0.4117001620141616,0.8739355977781255,-1.2470736282921526,0.4120599448507422,1.881396390077197,-0.7344725859884708,0.43024554647427093,-0.06706792314328124,-0.5205196286939728,28.20600000000013,4.0,-0.1041767648917049,-0.6089411957837827,0.760539165154639,-1.462264625917413,0.0051643820892197,1.1335952528931323,0.641866923629214,-0.4513356479998871,-0.10758043684491683,0.6105157121676292,28.244000000000145,5.0,-0.0202054483899847,0.0620805245917762,0.9773467902038504,0.1558962720647015,-0.0158201075584382,0.3364684843651775,0.5453275584505951,0.007256697018233126,-0.012896076058425273,-0.8380924087265041,28.244000000000145,6.0,0.0040519669007782,-0.0018924624963588,0.9800209182205932,-0.0097088653499001,-0.023128190714717,0.0088710026480403,0.34295568778885643,-0.005610172115019525,0.026535674196510893,0.9389599459918665,28.244000000000145,7.0,0.0890661224133297,0.029199798084008,0.975794854275276,-0.117805264442581,-0.0044237521252688,0.0089269217493417,-0.9940501826611982,0.010176632885675307,0.04078715854417653,0.10048421862283011,28.244000000000145,8.0,0.021242270826197,-0.0220571628289184,0.9794081107986014,-0.0988881852096351,-0.026941738943619,-0.0477975045022411,0.9063763216812215,-0.008170460227196535,-0.014899935976679492,0.42212936285359903
425,28.28600000000005,0.0,-0.0143876566239598,-0.1478021022411196,0.9688619787719904,-0.1089221073289915,0.0117981828836047,-0.0164343364496698,0.9917761894778556,-0.07706481593808233,0.008628805090449826,0.10181624552066888,28.28600000000005,1.0,0.5339442876728627,-0.4310677057155799,0.6994884779255661,-0.7557973377799696,-0.265141378126119,-1.5380991739949157,0.4263408294542573,-0.5355510744156996,-0.08535402600429419,-0.7239704649205684,28.286999999999807,2.0,0.1186637445291541,-0.5655588702769121,0.7911030779774673,-0.6189118528267663,0.4732705467933702,-0.6062083866753711,-0.7378342357108012,0.48590562022238915,-0.10472103334386006,0.4566507133737418,28.286999999999807,3.0,-0.1982336700866585,-0.4191464824242287,0.8626665858345097,0.1003470666766341,-0.1410140840212146,-0.0094563757721636,-0.746514937214773,0.4053907669425527,-0.05447992600273298,-0.5247911129732373,28.286999999999807,4.0,-0.1330931864586734,-0.6382113558842825,0.7314857954455594,-0.0388552253977468,0.0335922033378433,0.027783187393522,0.6479451459857015,-0.4406152920117117,-0.11347251456031174,0.6108594279196824,28.284000000000106,5.0,-0.0215462665468168,0.058248409627417,0.9780658879512004,-0.0182801961110115,0.0361791659540534,0.0041090812108917,0.5455033334465225,0.010088991368667359,-0.01174834473996531,-0.8379655731876854,28.284000000000106,6.0,0.0040519669007782,-0.0018924624963588,0.9800209182205932,0.012597049011893,-0.0130177614253537,0.0056218694784423,0.3427375096162921,-0.004053634176955901,0.024092696547903768,0.9391134699944581,28.28499999999985,7.0,0.0895891515070052,0.026132055323311,0.9752332539535526,0.0652706082013563,0.0191797394386526,0.2459741102415857,-0.9952567216163692,0.005449328315345813,0.040701020463092825,0.08819177870760408,28.28499999999985,8.0,0.0225494277994711,-0.024916223526239,0.9797503279464144,-0.0352168734182432,-0.0173522677866359,0.0053571702070203,0.9062359831578111,-0.009253491297452064,-0.016516308163848505,0.4223481115068949
426,28.355999999999767,0.0,-0.010170726466202,-0.148259945810138,0.9689507442545904,0.0227634571151394,-0.0707186851642663,-0.1740226150869288,0.992757537773144,-0.07553791060709258,0.0034626027923352174,0.09335151652556016,28.355999999999767,1.0,0.5048357780100193,-0.4268230252573719,0.723894980194754,1.3635193649513615,0.8173871151120771,1.473888302895367,0.5325364120073776,-0.46202060694121033,-0.06626201956485156,-0.7060816336735941,28.355999999999767,2.0,0.1002147319843007,-0.5432904329738941,0.809123916920241,1.3005201117910508,-0.4065056833347427,0.3974758885739521,-0.790722721294486,0.4214511178997119,-0.06742270121958907,0.438851583807077,28.35699999999997,3.0,-0.1663222253208253,-0.3978566104897701,0.88005626800445,0.9168855602678516,-0.0280514972989243,-1.170021896205635,-0.8036590736433223,0.3531014156700655,-0.04677582434207495,-0.47672162302508575,28.35699999999997,4.0,-0.0869919656721879,-0.5849413080408419,0.7815555412483222,1.982621747434548,0.0842268264872032,-1.3892224092701015,0.7444565740404289,-0.34537213153270474,-0.079881651492356,0.5657927375668562,28.369000000000145,5.0,-0.0202182198156806,0.0645023769281052,0.9777134891971724,0.0025250221560687,-0.0204507388267869,-0.2251451684879546,0.5360482919181824,0.01106789370464716,-0.01330772532809024,-0.8440098547452712,28.369000000000145,6.0,0.0040519669007782,-0.0018924624963588,0.9800209182205932,0.0478345756415918,0.0223751496059116,-0.0558227934998354,0.34536146763944076,-0.0037852181071775294,0.024141862671861226,0.9381515332080131,28.37100000000009,7.0,0.0878223665686785,0.0287541158300114,0.9752904350772188,0.077854356405853,0.0438696360856171,-0.063952480956555,-0.9950450605552814,-0.00035631377804410107,0.03938941806420328,0.09128896017367855,28.37100000000009,8.0,0.0224435242728274,-0.0239335656232133,0.979598117931417,0.0585086080397736,0.0154383050877008,-0.0052528687935312,0.9063892315058237,-0.006621318795653287,-0.0144848271443451,0.4221432327188097
427,28.43199999999979,0.0,-0.0009121262337631,-0.1482685786553275,0.9684232528235072,0.0166260773793596,-0.1001339858502739,-0.21310538289192,0.9937675195765847,-0.07428274585846976,-0.0032322737582276407,0.08305265262879966,28.43199999999979,1.0,0.3778487263934626,-0.3644897918227397,0.8280480249477407,2.946536627925372,2.0084121784356936,1.5584840975461791,0.6755176228261643,-0.28179551079619125,-0.07135281553454556,-0.6776252703830449,28.43199999999979,2.0,0.1270262831528045,-0.424648513029525,0.8743637479734604,2.5141501292092467,-0.791228236795792,0.4365657347185288,-0.8604972639067247,0.30814138735828756,0.016368101449080148,0.4053707308882862,28.43199999999979,3.0,-0.1224662241001777,-0.3344436072822198,0.91331949366183,1.2597315759208327,-0.0028101299481316,-2.78502446666908,-0.8930454356230297,0.28387780476655206,-0.028120877653228096,-0.34798341643504893,28.43199999999979,4.0,-0.0558047138049023,-0.4251181556002328,0.8814450565385282,3.613197684387119,0.4258916723394441,-1.5082463270051536,0.8530560296476037,-0.18048617386457427,0.023604222790390504,0.48904293471233673,28.453999999999724,5.0,-0.0186833431585276,0.0628868360226449,0.9775286075320156,-0.0032416352915872,-0.0473886378752504,-0.2311548490649498,0.5262572522648743,0.0105421596070029,-0.01517237432964728,-0.8501246769542958,28.453999999999724,6.0,0.0019296500000372,0.0020149305005709,0.9795433714266844,0.0782661436130941,0.0380197359904582,-0.0681762314689851,0.34854755441438734,-0.003787223829492504,0.026108549884280137,0.9369197419578451,28.453999999999724,7.0,0.087893004718584,0.0329959516420472,0.9753333209199688,0.0666048583686478,-0.0240007070428758,-0.1776236620867265,-0.9941046009855252,-0.005136379880483327,0.041525247079756314,0.10002656525192789,28.454999999999927,8.0,0.021129359059678,-0.0199291266431921,0.9800853942881542,0.0582874641493892,0.0309737418852679,-0.0332290039935102,0.9071309048384297,-0.004411421815807661,-0.011814418126913738,0.4206595777691238
428,28.503999999999905,0.0,0.0054808278395396,-0.148289085863902,0.9687834162184248,0.0147099837528734,-0.0907094499324577,-0.2740227806503863,0.9948326872664243,-0.07323193179317958,-0.009271580726990174,0.06970685979820682,28.503999999999905,1.0,0.1960259573375747,-0.2058212410367793,0.9377283406125504,3.7887964034728814,1.888872297777256,4.007829309359481,0.8685468473564537,-0.051895047968211025,-0.09624621656293834,-0.483394190843107,28.503999999999905,2.0,0.1798471516438322,-0.2384988088108923,0.9335857326680744,3.5562114902804063,-0.6986871525316989,-0.4508090685368004,-0.8993967785756753,0.14273576502906324,0.12297356636682878,0.39444827042882163,28.50500000000011,3.0,-0.0543031990089409,-0.2404649608732825,0.9475366827567182,2.290092100000932,0.3671112034828863,-5.068847483883831,-0.9834562515502939,0.1584373497527909,-0.03826311145910526,-0.07904012772905297,28.50500000000011,4.0,-0.0616062896272633,-0.1788282543664717,0.9617047990514566,4.137605020675432,0.533569858347671,-1.0901816296683122,0.9047040649191421,0.00381476240334495,0.14296409744740216,0.4013194106290354,28.4989999999998,5.0,-0.0156391326956132,0.0644994588843823,0.977892242188346,0.0211062519613653,-0.0087715785249675,-0.0370006281433883,0.5246437164915949,0.01210578050338016,-0.017140580103172053,-0.851063229929491,28.4989999999998,6.0,-0.0001534535347672,0.0070684621203012,0.9798933683290578,0.0932585712927734,0.0334708838425551,-0.0309508251230236,0.3499899471996605,-0.003269574258746593,0.028787524963045673,0.9363053055226417,28.4989999999998,7.0,0.0873770840211168,0.0391358642331027,0.975145440085065,0.0860989411662747,0.009509729906773,-0.0649946769276905,-0.9937289497451133,-0.01062329140925029,0.041937644362189705,0.10310748810566084,28.4989999999998,8.0,0.0185150451131298,-0.0142110052485509,0.9794009599925276,0.0972447837436011,0.0493657916786975,-0.0069561019611574,0.9073204581085466,-0.0008532755759972556,-0.007510763511010838,0.42037179573559674
429,28.61799999999993,0.0,0.0128336395030976,-0.1460700224897233,0.9688925875590938,-0.014962498197718,-0.0661886931905555,-0.2479747251019255,0.9955209502164615,-0.07371209490958106,-0.013780727036708431,0.05757305191228167,28.61799999999993,1.0,0.1278390992316234,0.0192690737337818,0.9715203896496918,3.988034082760871,-0.2683515066281533,4.157672599253117,0.9420783224901107,0.11521572474608233,-0.21826925010414974,-0.22709536658511112,28.61799999999993,2.0,0.2319279936931862,-0.0126200607263474,0.9522237866219876,3.367547891171633,-0.5794838193038506,0.3164734261674477,-0.9162534450835713,-0.008795874079225816,0.21184916956938987,0.3398855488608329,28.61799999999993,3.0,-0.0687203814666101,-0.0771807338046112,0.974321119293052,3.021591743055112,0.7997826927875846,-2.25996892469231,-0.9949194014184138,0.000507270613889302,-0.08809028472958551,0.048736322122315316,28.619000000000145,4.0,-0.0645953583903263,0.0529415347752638,0.9768319372185088,3.199106296396007,0.0228740538484413,-1.412786751970161,0.9214561990508106,0.14137142052771687,0.20527628108605395,0.2979836289333487,28.59400000000005,5.0,-0.018448882656947,0.0637740492549491,0.9771312651687782,-0.0529643197143379,0.0396243420994076,-0.0798230340655471,0.5212895368603566,0.013776815204129713,-0.014366795540264226,-0.853147708962903,28.5949999999998,6.0,-0.003265604369825,0.0130886363222463,0.9801617333008488,0.0997554182993441,0.0382585594792169,-0.0155336490527669,0.3506981891269702,-0.0029307094522044042,0.031931702419581175,0.9359393983938051,28.5949999999998,7.0,0.0874548305672306,0.0464498698754968,0.9744388447711876,0.1564879872123208,0.0206403657656439,0.0367215469289318,-0.9938064409581923,-0.01926479607406491,0.04225029182822669,0.10095810211501371,28.5949999999998,8.0,0.0148053812465949,-0.0075991389626405,0.9786787285790824,0.1062231827934616,0.0480825244056199,-0.0065811517516402,0.9074710745237837,0.003009353562476484,-0.0031937453284168527,0.4200916479585886
430,28.654999999999745,0.0,0.0167803343141913,-0.1491928986385538,0.968073292357624,-0.0451996941137303,-0.0008382850041358,-0.1712952229051613,0.9957929406922578,-0.07604284772249777,-0.014524335255715956,0.0490198762044333,28.654999999999745,1.0,0.1958279792064886,0.2358604262337574,0.9307809956680106,3.211584507164219,-0.7265704729324391,1.897402147143312,0.9217185472988979,0.2306480862448288,-0.2964656223840397,-0.09666702964946872,28.654999999999745,2.0,0.2406815662883024,0.2004023095314414,0.9280195568970914,3.4452414520987986,-0.3343906188117773,1.466104386951588,-0.9204056241243748,-0.15065752084585388,0.2859778197251998,0.2199374572873442,28.654999999999745,3.0,-0.1463366020916828,0.0790824817765925,0.9652365305790676,2.30334792586742,1.382987153604895,-2.1374762355134167,-0.96784790309349,-0.10932957239315672,-0.15821061714762075,0.16213229690482128,28.654999999999745,4.0,-0.0916596792793747,0.2562657680610987,0.9411138928495624,3.1991644270663286,0.0594377271658136,-1.6291017764472786,0.9107377419016265,0.2645862472470236,0.2616072907470144,0.17919963357013424,28.71199999999999,5.0,-0.0142706839632174,0.0770882952871943,0.9766082849888876,0.2321052369687697,-0.0885431982207983,0.0517016153798219,0.5232771506608097,0.017337073693271386,-0.02817278378691903,-0.8515202544424612,28.71299999999973,6.0,-0.0053808190547468,0.0191292218582267,0.9803545887368502,0.0835913997170915,0.0322439878555759,-0.0433459369116036,0.35270825799633787,-0.0026603445351546604,0.03422215948832603,0.935103551008175,28.71299999999973,7.0,0.0875254687171362,0.0506917056875326,0.9744817306139372,0.0818741052909383,-0.005042870250448,-0.022688969848355,-0.9935683880060897,-0.023553187807230588,0.04337363368546209,0.10191091011278904,28.713999999999945,8.0,0.0121770508202963,0.0004097389974017,0.9796532812925572,0.0982725292604331,0.0409608841475521,-0.0045997814813764,0.9075507242599921,0.006588178405247039,0.0004948325430890983,0.4198905023231875
431,28.72899999999981,0.0,0.0163656968864421,-0.1576616724315219,0.9666214155560162,-0.1140473894036788,0.0338707535327606,-0.0031918110124054,0.9953417086174134,-0.08221662672342418,-0.012914406636842244,0.04866751974374035,28.72899999999981,1.0,0.2549025649082919,0.3423059110368847,0.8824637928393338,2.1295320285531423,-0.4438399799893044,0.5817801059247898,0.8947382719126122,0.30784786174429085,-0.32053276626141985,-0.04395298109459832,28.73000000000001,2.0,0.3255264362683288,0.3494543211427141,0.8557226283820747,2.915333793124365,-1.19855835916512,2.374971444771357,-0.8911392839696946,-0.23011921585764128,0.38501428470199756,0.06840996736187854,28.73000000000001,3.0,-0.2135881870237759,0.2021769896495887,0.9350708803187736,2.051695368375441,0.0776866963777067,-0.2921199910472513,-0.9498592369799103,-0.2056281023444581,-0.1409816601301764,0.1887026363278986,28.73000000000001,4.0,-0.1420086910280515,0.4015678124654714,0.8818746076762813,2.2451622267147804,0.2347881280631604,-1.979960746162269,0.891337933347368,0.32725051365748414,0.30772362513408036,0.061073401913564855,28.73900000000004,5.0,-0.0129426372320812,0.0833422625878825,0.9762558862348596,0.0362401558805621,0.0001915024493875,-0.1784864434813592,0.5156226458005524,0.01958147309070227,-0.030005572918865284,-0.856066305050635,28.73900000000004,6.0,-0.0085321832557411,0.0240032574373713,0.9797954100123584,0.0617813064952692,0.0490378697131925,-0.0655717958478383,0.35572214322155066,-0.003681423692478138,0.03584648188695549,0.9338968003359853,28.73999999999978,7.0,0.088419523780612,0.05398893017972,0.9733289183171634,0.0095035038244686,0.0019944982912576,0.067880854039958,-0.9938853331460143,-0.02381941595862592,0.04384719652429819,0.09849874789856843,28.73999999999978,8.0,0.0096616321605165,0.0062905807717178,0.9799505505164786,0.0719782732262409,0.0303734186438972,0.017582543919044,0.9071534051829724,0.009055260658062973,0.0030136930277929537,0.4206918342132238
432,28.853000000000065,0.0,0.018271485455323,-0.1598893686508901,0.9659847527842638,-0.0125360017692526,-0.0345766666625868,0.0475471927577174,0.9951544283889788,-0.08270087070778238,-0.014511871476681239,0.05116283053373831,28.85399999999981,1.0,0.261892330646106,0.4049025535896949,0.8531584432245248,0.5847125399990927,0.0588389037061889,0.1474773225944505,0.8954969066293005,0.3221408497279962,-0.30568420804844637,-0.029457224982553147,28.85399999999981,2.0,0.401854637183278,0.4590336701095148,0.7667711133578815,2.5670293884835425,0.2608779925555207,1.951906744684368,-0.8662187799592554,-0.3013638758570102,0.39257178387940234,-0.0687912354597834,28.85399999999981,3.0,-0.1641320252150197,0.2937167344334558,0.9202869977417713,0.804714772573701,-0.6792880193141753,0.3612823820470579,-0.9504669091104639,-0.2357454375711665,-0.08813951653338177,0.1823956385872261,28.85399999999981,4.0,-0.1178811499155496,0.4946916574002871,0.8369768208219058,1.7077979811879118,-2.0804555366966304,1.1915647896040409,0.8904333552154893,0.41767143018075487,0.17126256605453632,0.057863199003034604,28.79899999999997,5.0,-0.0144775138892342,0.0849578034933428,0.976440767900016,0.005071366680617,0.0241380738578175,0.1087212008460207,0.5202791892967168,0.02149964227148327,-0.030043470707133677,-0.853196765368235,28.79899999999997,6.0,-0.0106223890063648,0.0269235965180509,0.9794750046848212,0.0281812423722458,0.0267206751705536,0.1065483802222609,0.35073081424809577,-0.003884403744436887,0.035550999476902975,0.9357932110143838,28.79899999999997,7.0,0.0872321892934498,0.0516407440770424,0.9743663472751104,-0.0278209407737736,0.0066338591734502,0.0693113785030745,-0.9942600611140509,-0.02212240380296475,0.043768650448513614,0.0950885658813828,28.799999999999727,8.0,0.0083544751872424,0.0091496414690384,0.9796083333686652,0.0165888666519174,0.0206803547121727,0.035969545919563,0.9063873798025565,0.009075360993632632,0.0037920775960366996,0.42233301517285793
433,28.922000000000025,0.0,0.0194922939844892,-0.1594559904115745,0.9665520356385816,0.0506455010533154,-0.0345842439143645,0.1152586747360177,0.9950365270010566,-0.08000719081591127,-0.015606386931000095,0.05707538907779686,28.922000000000025,1.0,0.2541085931663633,0.4210734951339018,0.8472496294332217,0.0906877279136187,0.2387332819890379,-0.0299858935020988,0.905935792569103,0.3169964017195386,-0.2793168843862379,-0.027851375833540727,28.922000000000025,2.0,0.4232379638411103,0.5085931935396018,0.7230377510537195,1.586797227326329,0.5996314477292057,0.7212199943777138,-0.8555895780945313,-0.35057062843184716,0.3562368753895981,-0.13476645335385987,28.92299999999977,3.0,-0.1395842480305147,0.3056622223854089,0.919443224733408,0.1080134887493682,-0.4508781975623338,-0.1490038053322562,-0.9515292232514835,-0.229463662772988,-0.06282211510367725,0.19491522931554917,28.92299999999977,4.0,-0.053284066390103,0.5580346677279421,0.8037973114428165,0.9191106072816968,-0.7183765991693201,-1.0855854378005878,0.8852651762555839,0.43858481289630274,0.15441458488074364,-0.010250150340013163,28.904,5.0,-0.0148932614654399,0.0870963937945293,0.9759371951877386,0.0132716067669998,0.0284224063401101,0.038350889807291,0.5219157401355876,0.02381723711500272,-0.03031106284015854,-0.8521255417392614,28.904,6.0,-0.0116514363066181,0.0278902391002657,0.9793933727542384,-0.0107738169553876,0.0169944723171982,0.0056564195680554,0.35045644242395235,-0.004526859297090153,0.03333387028609669,0.9359747019018201,28.904,7.0,0.0857586837788094,0.0533137661942331,0.9745389117376038,0.0080346467454668,0.0037968550729399,0.095514730114561,-0.9946899063133982,-0.022413478501879674,0.04396960048988017,0.09031223888515454,28.904,8.0,0.0061637753472691,0.0109371312515768,0.9795327391330289,-0.0183515925146244,0.0221611100429354,0.0491999573543868,0.9053525258169369,0.007517773735295701,0.003960952903470899,0.4245757858463599
434,28.9699999999998,0.0,0.0205779848403234,-0.1603551284621651,0.9666652881508644,-0.0130119152811831,-0.0138157086328606,0.0828602971325809,0.9947178267120574,-0.08081301463225254,-0.01595726693151004,0.06124595920846824,28.9699999999998,1.0,0.2317187428199665,0.411751846481329,0.8585102452185124,-0.4057792266598196,0.3034090230636492,0.0705481308912868,0.9237817473520749,0.2873976607999597,-0.2515432588250398,-0.027492849352832,28.971000000000004,2.0,0.3884964071157576,0.5430813835482947,0.7168257476551869,-0.1393532925341715,0.8421079466040461,-0.1432405573367646,-0.881378099252513,-0.33808977375939026,0.30061595834370886,-0.13600734034030995,28.971000000000004,3.0,-0.1079860918821698,0.300734589065828,0.9263189034557284,-0.2945166794638749,-0.4601359248836542,-0.0347922117188325,-0.957358382204896,-0.20411658013939482,-0.04016108059827636,0.20047053982917537,28.971000000000004,4.0,-0.0383272934371001,0.5421850692285548,0.8153768265553134,-1.1343406696619456,0.0240993981959899,0.5529060327498052,0.9167840732873449,0.37547921294621994,0.13336813383757853,0.027115760889804302,28.98000000000001,5.0,-0.0144243404622788,0.0888708202591375,0.9751425104612638,0.0571903881158999,-0.0087963642028571,0.0277220806705229,0.5229954008526144,0.02551602814132408,-0.0334705372728902,-0.8512957571429381,28.98000000000001,6.0,-0.0125841501565194,0.0258957199337302,0.9797831652227712,-0.0541304373750618,-0.0002968845276233,0.0780582694713232,0.34681670340407705,-0.005001062725652886,0.02894870729528271,0.9374727387809603,28.98000000000001,7.0,0.0857586837788094,0.0533137661942331,0.9745389117376038,-0.016104108734934,0.007193931993558,-0.1071271599160645,-0.9942147179739668,-0.021956256505129248,0.04363470454098749,0.09566101569525295,28.980999999999767,8.0,0.0053861360072135,0.008882902433769,0.9799515720602032,-0.0396715440105984,0.0084291814382272,-0.0039787869118336,0.9054506688898222,0.005317208877814593,0.003048971658785769,0.4244072540244185
435,29.11999999999989,0.0,0.020717744717532,-0.1567869997106341,0.9671642113806512,0.0381200081888528,0.0435763903587706,0.0575818804591265,0.9947332713272603,-0.07895967878071267,-0.013401813587337278,0.06396467332820409,29.11999999999989,1.0,0.2350767995863075,0.2830404784588257,0.9080088027381992,-1.3759051235010282,0.0482448011698174,0.9764871231558256,0.9499557304569101,0.1950352071045479,-0.24401495740641163,0.0014417779689578582,29.11999999999989,2.0,0.2720847719537723,0.36338908281112,0.8686381590539047,-3.455049350821105,0.989445572552818,-0.676717535133916,-0.953509581054565,-0.1585404510774214,0.24859885869450887,-0.062313816004988094,29.11999999999989,3.0,-0.0736448650372256,0.201704684018868,0.9548102713620634,-1.1628280464398515,-0.4924236826971402,0.4780950844452059,-0.9745356889297989,-0.13347527524781208,-0.022045158051817042,0.17882548170245002,29.11999999999989,4.0,-0.033351156694627,0.2633635007510492,0.9430473831251972,-2.789778015179301,0.7699014291982831,0.8956825785864381,0.959716559666906,0.2184447559831677,0.14466572551142887,0.10147828115820656,29.02599999999984,5.0,-0.0142026513863941,0.0921798858277707,0.9751118670913484,0.0052484362847921,0.0133273432836998,-0.0492847290083498,0.5208930738143267,0.026833632640467286,-0.033568384076619724,-0.8525394568007181,29.02599999999984,6.0,-0.012527030072104,0.0217884195621794,0.979427045925604,-0.0486179398822375,0.0019207219309571,0.021999502421295,0.3457894919457741,-0.0056121865866295695,0.025080735638565707,0.9379600670185425,29.02599999999984,7.0,0.0854582959589148,0.0511906347533845,0.975173009555404,-0.0252167213530699,0.0049596500923229,-0.0176344619596158,-0.9941584054009723,-0.02075403749911729,0.043480606115800416,0.09658039029680825,29.02599999999984,8.0,0.004608496667158,0.0068286736159611,0.980370404987378,-0.0321524025697733,0.0148408200999396,-0.0102436468557308,0.9056740818780561,0.003428049918528299,0.002670536216773747,0.4239523252966196
436,29.16899999999987,0.0,0.015550241377272,-0.1540975018011191,0.9674162237278028,0.0095950257470193,0.0678712959773449,0.0908706315875592,0.9945161027461942,-0.07868498538662372,-0.009599148228785688,0.06822206979057621,29.16899999999987,1.0,0.222915048949574,0.1699360034301654,0.938413893593862,-1.7744178514684004,0.4549803764839951,-0.2326154664620984,0.9728859029414513,0.09995997436777827,-0.20685344033784936,-0.026696022224026627,29.16899999999987,2.0,0.2017149249456388,0.1819143117959811,0.9420479139714548,-2.7489684601745807,0.3228015138444826,-2.096251119817069,-0.9724250392731854,-0.04084653156456572,0.21791937237993125,0.07233430026775363,29.17000000000008,3.0,-0.0252606772874356,0.1243208998626076,0.9718020436489788,-1.3846821452289764,-0.5780738412796905,0.8070779172481741,-0.9887702938988975,-0.05334153674202317,-0.0014686810507953203,0.13959165210376445,29.17000000000008,4.0,-0.0797828889268359,0.0839548011905543,0.9734383811991094,-4.5031198758096975,0.8021355335680833,-0.2227500492478304,0.9810056015737146,-0.0316776465162232,0.14758647521053206,0.12183090218462025,29.05499999999984,5.0,-0.012667774729241,0.0905643449223103,0.9749269854261918,-0.0268596334265665,-0.0204884267030569,-0.0260177630699274,0.5197753671640066,0.025588302906280506,-0.03317884587453256,-0.8532748505788346,29.05499999999984,6.0,-0.0124306966217521,0.0188272578134291,0.9798984703247192,-0.0410902233271052,0.0006828775303093,0.0193500092090548,0.3448841061707327,-0.006029094112917629,0.0217849536383806,0.9383730703350165,29.05499999999984,7.0,0.0857515753826012,0.0502415963638747,0.9752883928942307,-0.0383195800310706,-0.0132559945348153,-0.0297833161580273,-0.9940102242684242,-0.01890523894599184,0.04418471904834186,0.09815282264331998,29.05499999999984,8.0,0.0038378655669777,0.0036290665154526,0.979959744410002,-0.0588576748099977,0.0072152206240503,0.0015331416317824,0.9056485121063891,0.000518000258958835,0.0013836932938731106,0.42402663782843136
437,29.26899999999977,0.0,0.0114637866889696,-0.1545427544038196,0.967736595699486,0.0093242002101401,0.0695192770532266,0.0788108783408994,0.9943049741501511,-0.07847754271119028,-0.005967413938815743,0.07185599238173243,29.26899999999977,1.0,0.1957247851809878,0.0695435273659726,0.9563872156544933,-2.5868008239951816,-0.1364818375686873,-0.869014020076116,0.9751394641129773,-0.025119071812015517,-0.1984847652523021,-0.09526728569397103,29.26899999999977,2.0,0.1764449425512623,0.0552692188748611,0.9623567403479044,-3.0671816676304746,-0.9139500478757095,1.9971286741154024,-0.9655893419419784,0.13439618362420286,0.22258816758302533,0.005421826937261768,29.26899999999977,3.0,0.0206010763570105,0.0023651063760687,0.9800775489341458,-2.249985303392412,-0.3008816696411217,1.4984156643231883,-0.9958556309166731,0.06655486860063005,-0.005802471848857448,0.06171177486955778,29.269999999999985,4.0,-0.1033269843276261,-0.1333093691403661,0.9656309576692104,-3.0224113121958114,0.1182092984442796,0.1945914735374867,0.9643033075703339,-0.1804594759909737,0.12489386549260888,0.14817230138015536,29.148,5.0,0.0880509923586732,-0.277231572968266,1.1468219904127204,0.7731147900620012,5.121129975637562,12.811233106409144,0.9692909419019647,0.22008259362267732,0.055544401327775265,-0.09462315473633555,29.148,6.0,0.1115816314417047,-0.2044951471770398,0.8881758127228239,2.510196833237852,0.264647006950414,-2.9834356786499763,0.4904774257652096,0.04027400807734757,0.1376656764168404,0.859568531662725,29.148,7.0,0.0732662096538105,-0.230853876449912,0.8876787427053847,-7.289908075844154,-11.090776462422518,-6.8376650971828505,-0.7281823505027587,0.29193444562164345,0.5085577694103252,0.3548150772561053,29.148,8.0,0.2379644210361981,-0.3281383220136536,1.0337756893770382,0.6015275769327003,1.9454342625273984,-4.5898257777391365,0.978421308972475,-0.020698958522797604,0.08748355798022478,0.18603742190156347
438,29.299999999999727,0.0,0.0041202594331648,-0.1522905928547485,0.9677172101343204,0.0119336555596063,0.1040439985663607,0.0582035392542787,0.9941637882097426,-0.07818765678737759,-0.0006995393164633292,0.07432740533139823,29.299999999999727,1.0,0.2126947393671917,-0.0981103251737671,0.9517821767294344,-3.164153842927282,-0.334344848975838,-2.625888962592799,0.9348928056275639,-0.15185608393385513,-0.20558972887250473,-0.24626821788494319,29.299999999999727,2.0,0.191475002011963,-0.1136191620318968,0.9548193596820752,-2.6863973500593543,0.282336010253677,-1.138853532803392,-0.9437876976001,0.23993254396260486,0.2079749080483857,0.09188902996876479,29.299999999999727,3.0,0.020620000692668,-0.1319981938170639,0.9711051912128096,-2.3671991763127846,-0.0408290164600585,2.0020365883484783,-0.9821015718035246,0.18168432159605147,-0.027918189213743665,-0.04108387345728596,29.299999999999727,4.0,-0.0909497079900367,-0.2640934705631185,0.9385141391702388,-2.384240697646556,-0.6093646514676938,1.6911646128974944,0.9267204868388765,-0.2705302714445036,0.09132035011978669,0.2442603225234883,29.240999999999985,5.0,-0.0107171504958823,0.0868102137156637,0.9752456764733128,-0.0276482774802557,-0.0225876386790941,0.0263714624548209,0.9737222727631162,0.20172333104544665,0.049033329321005514,-0.09363955282175586,29.240999999999985,6.0,-0.0123735765373367,0.0147199574418783,0.979542351027552,-0.0616302666598357,-0.0128498787030549,0.0496112572857792,0.48959341396684375,0.03554530555336979,0.12206439977084445,0.8626326579500637,29.240999999999985,7.0,0.0859813250525903,0.0481228919926874,0.9746114092336808,-0.053451820792454,-0.0234189264516231,-0.0007923398234727,-0.7501280111259211,0.2737249244132739,0.4761588622244201,0.3683142280775526,29.240999999999985,8.0,0.0041695926266593,-0.0016096637590255,0.9787573874458934,-0.0818064085176052,-0.0094292417137465,0.009803976281946,0.9790487211577409,-0.02256031344330253,0.07736402472741402,0.18700118057035947
439,29.36499999999978,0.0,-0.0021375769668059,-0.150937569356268,0.9678110770814378,0.0679797603145649,0.0950488268757857,0.0921417288318434,0.9940752630597205,-0.07505921059612862,0.004228767251669808,0.0785022535024613,29.36499999999978,1.0,0.2603881199886548,-0.2265491282642401,0.9158681779882334,-2.3647423716345424,-0.434480216955282,-2.286872271673892,0.8764454483679404,-0.23525919716413624,-0.21060269034767376,-0.3635147768703876,29.36499999999978,2.0,0.1706035145776668,-0.2293533514434426,0.9365716635663328,-1.6537485986127285,0.829136726472664,-0.9370112904638754,-0.9288969870886848,0.29129729709663876,0.16204332332741073,0.16136366829855026,29.36499999999978,3.0,-0.0035172346712456,-0.2477393130824336,0.9484692202774488,-1.461048182711515,-0.0248724865214605,2.5358696927416657,-0.9549967437597598,0.24082001990189433,-0.050969728525381196,-0.16549629662550044,29.36499999999978,4.0,-0.0766341685447,-0.4048309023096436,0.8889657725394281,-2.2055968271897983,-0.7806589462783892,0.3976291842034579,0.8939898061698899,-0.3512596009172353,0.026120916705560767,0.2769776470010687,29.26499999999988,5.0,-0.0096511948418904,0.083420246345595,0.9758554795346306,-0.0764048078247217,-0.0028996397504797,0.0112540227168192,0.9777830172722604,0.18252132871741186,0.04444232483820264,-0.0930119103134696,29.26499999999988,6.0,-0.0102512596365956,0.0108125644449485,0.9800198978214612,-0.0718259149322276,-0.0337378791806343,0.0526609260204973,0.4884791678221203,0.03189947004315884,0.1067712993329742,0.8654307690702491,29.26499999999988,7.0,0.0856809372326956,0.0459997605518389,0.9752455070514812,-0.0611339866331432,0.0036539043338744,0.0160278619801721,-0.7705155869739595,0.25601401857400097,0.44283301431317695,0.3803438890768085,29.26499999999988,8.0,0.0045932067332341,-0.0055402953711283,0.9793662275058838,-0.0877832253334372,-0.0270372535512446,0.0298587311402035,0.9793820005414444,-0.02448196784537693,0.06728322975371928,0.18890340722116208
440,29.43399999999974,0.0,-0.0062240316551082,-0.1513828219589685,0.9681314490531208,0.0849593734583799,0.0243143778657727,0.0905638088708456,0.9940052568672096,-0.07115475105128627,0.0053822841645363865,0.08283466508868324,29.43399999999974,1.0,0.3220529190291253,-0.316876402894315,0.8692158895427415,-1.9326133443743527,-0.6926826468449592,-1.5267493681912352,0.8184233638618044,-0.30799543383712713,-0.21577494974296027,-0.4344688496129856,29.43399999999974,2.0,0.1055065014274089,-0.3140988858704913,0.920932824939726,-1.075491588778331,1.0426941230460374,0.8451481098987748,-0.9308579828059055,0.3271530637653826,0.07749498538421933,0.14306926978126341,29.434999999999945,3.0,-0.0906322728777243,-0.3258069273135039,0.9187973863848062,-0.9732212875841428,0.8441809108724445,1.8574803282347665,-0.922662954314314,0.28032982452399974,-0.10451978163578513,-0.2432773673507942,29.434999999999945,4.0,0.0151054115977736,-0.4917834589882172,0.8465381598050061,-1.305878258168838,-1.4966871907722856,-0.694089614321972,0.8828621919761165,-0.37777669663194957,-0.08126684668493961,0.2668985145909687,29.28200000000016,5.0,-0.0090541601910596,0.0782558525109181,0.9772599673224234,-0.0592146997814285,0.0239974197269307,0.0898007796168158,0.9813145010934315,0.16598152313502534,0.04087102247438525,-0.08832634625877474,29.28200000000016,6.0,-0.0082002672519084,0.0067460867414683,0.979512759452716,-0.059787743682867,-0.0403415603228616,0.0087212262286349,0.48905269049857314,0.02887825166860753,0.0931368798460044,0.8667866139421065,29.28200000000016,7.0,0.0850237402354172,0.0436560015188227,0.9749718545310776,-0.0564551596050174,0.0186375623907941,0.0320812085745495,-0.7891625761772977,0.23863239860101407,0.40971751403094997,0.3903953962272556,29.28200000000016,8.0,0.0071016171531386,-0.0102757588627438,0.9798984517865128,-0.085885919369637,-0.0276617781305611,-0.0121863275418457,0.9799727421496324,-0.026479208269852252,0.05794860694212539,0.1886643451386584
441,29.47899999999981,0.0,-0.0070394871642783,-0.1478186513285658,0.9689262572249074,0.0518162930128625,0.0027221085249271,0.0534722724171553,0.9939391433043367,-0.06902707418055964,0.005114229801322231,0.08540542776107496,29.47899999999981,1.0,0.3695594871996588,-0.3550748303086289,0.8341017026130707,-0.6016813260265294,-0.2559334479926201,0.0653842398910618,0.8128874663850416,-0.3337919988034044,-0.19992737666348842,-0.43338886994175524,29.48000000000001,2.0,0.0134041145111355,-0.3537795319909204,0.913409750582102,-0.3232256475953045,1.270930629088032,1.8438028711966663,-0.9426282910918997,0.3242878711929923,-0.024469748881665355,0.07543548780216323,29.48000000000001,3.0,-0.1444356607031524,-0.3823887558043576,0.8907671858300793,-0.987207762573506,0.5601663298272196,0.2240263927445016,-0.9055402828391782,0.3238893474455516,-0.11364668900378992,-0.24935299646347062,29.48000000000001,4.0,0.128867412670557,-0.5002878998336246,0.8331261652544933,0.0597092421465672,-1.029069811875939,-2.294951255358193,0.9092771746925769,-0.33579602414003074,-0.17043327953289053,0.17722456653211668,29.34900000000016,5.0,-0.0120855992282781,0.0742213773128517,0.9765296336727712,-0.0108623391376662,0.0449940419842464,0.064187168011381,0.9837729883356479,0.15322800613492132,0.038890284139519386,-0.0848494629129324,29.34900000000016,6.0,-0.0060458392010501,0.0018516398282884,0.9801474477129968,-0.0632390411272905,-0.0286432027946554,-0.0914683346656004,0.49374856610695006,0.025007651233732102,0.08080412368192803,0.8654811750945821,29.34900000000016,7.0,0.0832498469008822,0.0432058921951647,0.9757785168113712,-0.0011907365742965,0.0395446673081546,0.0544980455145728,-0.8069645262742807,0.21957791083753864,0.3778409218709957,0.39727828051231767,29.34999999999991,8.0,0.0095111322862746,-0.0151739427340341,0.9794489725475938,-0.0735628404661422,-0.0392401175325224,-0.0381764568531836,0.9807359818610578,-0.027857016963457146,0.048879661051265094,0.18706068326732353
442,29.52500000000009,0.0,-0.0049939387181889,-0.1464782187964031,0.9687885176829418,0.0174014781852074,-0.0434128794890401,0.0957080309488621,0.9935561304383129,-0.0685396429477305,0.0024665968516762293,0.09023551913196257,29.52500000000009,1.0,0.3276094056113909,-0.3811550953059362,0.8411735080690985,0.1730304844099606,0.5862920132286391,1.3148065588110658,0.8545451130060447,-0.3189659508260573,-0.1438075776068624,-0.38383948816394814,29.52500000000009,2.0,-0.1051014095622141,-0.3304978621527671,0.9163088217519716,0.6868672275407309,1.1464944210441383,1.6216913309297651,-0.9578557683331447,0.267955453589667,-0.10229683358813838,0.01573403318662345,29.52500000000009,3.0,-0.1590796354590506,-0.4149833742991469,0.8731846704091352,-0.0540261590975622,-0.15737463752099,-0.0938724792727903,-0.9110029200023331,0.3159630160480242,-0.09579566936164573,-0.24711180054504286,29.52500000000009,4.0,0.2403095034271939,-0.4433616872009656,0.8392959888411766,1.1897756019484604,-1.095574355049616,-0.9875656360905748,0.9297409102326852,-0.248661764930243,-0.22178504644212696,0.15671808981779325,29.398999999999887,5.0,-0.0154174436197284,0.0678085244530155,0.9778615988184306,-0.1399963756427866,0.065475006283932,0.077205943858775,0.9868079858593038,0.13508586120586685,0.03883044049109636,-0.08033682865187486,29.398999999999887,6.0,-0.0039877446005436,-8.164533614117228e-05,0.9803107115741622,-0.0217707286360684,-0.0031787574116576,-0.0432848509284217,0.4960403678816615,0.02175105462651164,0.07190197248387058,0.8650439014335568,29.40000000000009,7.0,0.0822993704799175,0.0418111715516583,0.9753894809521408,-0.0135520582228308,0.0157155316800549,-0.034447178771676,-0.8201028384746208,0.20062640070351676,0.34925937717924815,0.40644589937528647,29.40000000000009,8.0,0.0109241927861925,-0.0190156613343805,0.9799433997104048,-0.0363691375604291,0.0041780057120617,0.0029712530868304,0.9809659884921761,-0.027743624248326885,0.04314839940086917,0.18728116927304397
443,29.59999999999991,0.0,-0.0077105405923633,-0.1384507394850072,0.9702648815142328,0.0975103765079503,0.1168272783470164,0.0697942437279706,0.9935192797963392,-0.06444572910649181,0.008443229642822618,0.09324645058174949,29.59999999999991,1.0,0.269644279859465,-0.3744656144406669,0.8630663160734777,0.4612652430225649,0.7387379655324641,0.4026510266395603,0.878428494162022,-0.2791293111178527,-0.10542788071326023,-0.37327626536846154,29.59999999999991,2.0,-0.1924271030464473,-0.2513662105415394,0.9277283213371996,1.4161632809248703,0.7466065231324331,0.749769263411312,-0.9731683446717404,0.1798625868061917,-0.14342526021162105,-0.004692284036429461,29.59999999999991,3.0,-0.1244878752592596,-0.400218942120569,0.885651493128831,0.4978330394438819,-0.2817173306123028,-0.6747483108120103,-0.9317383989512297,0.28264046696348605,-0.07086006170851109,-0.21669511764026428,29.59999999999991,4.0,0.3022230792614572,-0.3731795583335733,0.8546965704878439,0.8370112428004362,-0.4320310516280587,-1.3205356073451178,0.9463722860250207,-0.18254220913963295,-0.2437805482687419,0.10783729601576081,29.52599999999984,5.0,-0.0149889246178269,0.0632480818155002,0.9779984725373864,0.0429960498724176,0.0469841393239037,0.1276446527655196,0.9883951196171419,0.1275336110193284,0.03681978086515833,-0.07385505611959112,29.52599999999984,6.0,-0.0029657995161096,-0.0031814804574065,0.9797219412748344,-0.0181883662609378,0.0040773682753066,0.0637588066093759,0.49359376953343564,0.018999854186350758,0.06394668002256919,0.8671303352626767,29.52599999999984,7.0,0.0814124238126499,0.0415861168898293,0.9757928120922876,-0.0083032968783644,0.0320755055438699,0.0398821737326405,-0.8330128681983235,0.18353959373795575,0.3209313177755441,0.4115894413336685,29.52599999999984,8.0,0.0110371045527114,-0.0211436975201067,0.9792661162208516,-0.0308748872592384,0.0230598768534776,0.0270226241583726,0.9808872800779624,-0.027602618380816995,0.03897113321772979,0.18862526346040123
444,29.67599999999993,0.0,-0.0068950850831932,-0.1420149101154099,0.9694700733424458,0.1634849799010536,-0.0385930753734396,-0.1322040855890351,0.994590969711238,-0.05701271967424818,0.005743098454791295,0.08663353614128604,29.67700000000013,1.0,0.2478654465787814,-0.3490140562162211,0.8820373625622677,0.4729029758196879,-0.2317735801168852,0.4945281177031432,0.8951269758974082,-0.25873611785092315,-0.11261018952833782,-0.34514093288769143,29.67700000000013,2.0,-0.1865364580382683,-0.2286508587096091,0.9333241316037508,-0.4773997025442538,-0.7434629113657234,0.617838513457601,-0.9743553124610572,0.19219065018436346,-0.10810078780834563,-0.04481850885340078,29.67700000000013,3.0,-0.1066948942432048,-0.3829374729449148,0.8953860013184226,0.2093963306888829,0.4163830656823256,-1.0318413531404798,-0.9457558666774898,0.27298785377129026,-0.07266876330677438,-0.1604453900176593,29.67700000000013,4.0,0.3162709861642302,-0.3494897368485908,0.8592185910164003,-0.1310762408765511,0.3789946924122971,-0.529803624249857,0.9538261632148498,-0.18233042988241727,-0.22547474095878367,0.07830967944833679,29.608999999999924,5.0,-0.0208960584690306,0.0569970325585347,0.9781721183002408,-0.1597452661268872,0.6204391628237633,0.3607648153481436,0.9902499601946925,0.11281465864663208,0.06325965480495843,-0.051730892151704136,29.608999999999924,6.0,-0.0049275606662642,-0.0042093570417272,0.980030101812784,0.0196512831747047,0.0049185539536423,-0.0697493291058553,0.49683134492856385,0.016815234429733702,0.058549187262574964,0.8657065641765919,29.608999999999924,7.0,0.1025466948910175,0.0299402762957582,0.9736209504844596,-0.9285894398633908,-1.3074789575155954,-0.7459749341713646,-0.796984981428774,0.21985613918203786,0.3392151641207517,0.4487886917820864,29.608999999999924,8.0,0.0092700188193129,-0.0232868393496711,0.9797993620452058,-0.0117122669695212,0.0480615723271108,0.0397933962017864,0.9806302610177909,-0.026875543066836854,0.036696712283556934,0.19051337923783623
445,29.73900000000004,0.0,-0.0033538505573968,-0.1353404543024947,0.9708525702266192,0.0427610470984109,-0.0369705128196844,-0.0022462343288597,0.9946717157326493,-0.05593475628726872,0.003084075064785929,0.08654460954644368,29.73900000000004,1.0,0.2717367656821023,-0.3406391007098048,0.8779118026568762,0.0066083307129824,-0.4756965409472133,-0.1735125777435741,0.8911340913098021,-0.26155737546824753,-0.1319692889055291,-0.3464850320423442,29.73999999999978,2.0,-0.1232772342860407,-0.2748622717611361,0.9324432717699732,-0.5825688005541884,-0.4065371979090892,-2.1800578037788343,-0.9710612326465171,0.22534928273956145,-0.056798422374480635,0.05506107913546679,29.73999999999978,3.0,-0.1225996291999076,-0.3788452985049921,0.895927770928387,0.051044385168825,0.4058704090243757,-0.330100951654155,-0.9496251664312279,0.2682475775265602,-0.08379447275785094,-0.13868585640514536,29.73999999999978,4.0,0.2858544939578549,-0.3477259656217936,0.8706083281915523,0.0294053991396633,0.8672907380136866,-0.2354174460831161,0.9652833077221413,-0.18005697337411924,-0.17940578583848957,0.06017629250815702,29.65599999999995,5.0,-0.0432114062925767,0.0270682290565799,0.978712463056417,-0.271855740045939,0.1336423912138009,-0.1281944556400214,0.9921105251553849,0.08955672625506192,0.06699494794386902,-0.05663899370910899,29.65599999999995,6.0,-0.0070177664168879,-0.0012890179610476,0.9797096964852468,0.0427642546501178,0.0138477219374486,-0.0950220072848812,0.5010759407863692,0.01496588434729391,0.05510191420789402,0.8635176332428797,29.65599999999995,7.0,0.1063699257635017,0.0447356683608591,0.9729286504514988,0.1882939296304647,0.577551800299651,0.236102119197625,-0.8247000553973404,0.18437969868921922,0.29205636512923744,0.4478582643274475,29.65599999999995,8.0,0.0100476581593684,-0.0212326105318632,0.9793805291180308,0.0226438746076834,-0.0150427844047057,0.0224355014810265,0.9806726229632673,-0.02386409952278455,0.03183078102259154,0.19156855875587656
446,29.79500000000008,0.0,-0.0034889682307288,-0.1366729705924008,0.9703985398845844,0.021764178362552,0.0072173453226885,0.1476312315072295,0.9939953515009908,-0.05624584694145079,0.0032191818429090995,0.09380449224063199,29.79500000000008,1.0,0.2929341444128046,-0.3365505553349364,0.8716704140561866,0.1050721984276339,-0.1924923690721107,-0.289230243573246,0.8881433449177537,-0.2542021293245651,-0.14099659962467687,-0.3559531362685819,29.79500000000008,2.0,-0.0617632044698511,-0.303311053013478,0.9290240641089286,-0.2264418442088525,-1.052977264650912,0.3390643263326268,-0.9725826464515087,0.23095283919503476,-0.008450933572135206,0.025929975142512836,29.79500000000008,3.0,-0.141015132754539,-0.3740515036111734,0.8949850305901437,0.3199606914231473,0.5133862622931373,-0.3714056403001412,-0.9558877934509324,0.2514761761409746,-0.10203117677152226,-0.11237392104772072,29.79599999999982,4.0,0.2442751854404847,-0.3354849594985747,0.8874404068602333,0.0092665148423174,1.020454641983713,-0.6084652844188828,0.9755277187992654,-0.17552758724927808,-0.13058459610096734,0.02198634189435969,29.73199999999997,5.0,-0.0390756973242788,0.0204471798755907,0.9789525027874214,-0.1283265969555071,-0.1051769460459989,-0.2284282974557963,0.9931948841198838,0.0743667112050662,0.0582412323681599,-0.06812835881533665,29.73199999999997,6.0,-0.0059887191166347,-0.0022556605432623,0.9797913284158296,-0.0183753656259933,-0.0079055612870094,-0.1014360355189896,0.5056808666019162,0.012724359616808702,0.04873050002171065,0.8612492613597477,29.73199999999997,7.0,0.0858258319603626,0.0334948807078991,0.9760245998614356,-0.1324355204806975,0.0678349372291443,-0.1915013711271329,-0.8284433773881422,0.16936905083667989,0.2656591809047038,0.4630560383813736,29.73299999999972,8.0,0.0091641152926692,-0.0223041814466454,0.979647152030208,-0.0032329077929596,0.0264233535122214,0.0581709486725362,0.9802241701525769,-0.022827573667895906,0.029309113168003786,0.19437194760158671
447,29.84099999999989,0.0,-0.0033492083535203,-0.1331048418408697,0.9708974631143712,0.0676666580100065,-0.0094742256452136,-0.0211623979421031,0.9942244018043556,-0.05401014498535434,0.0022209294070219664,0.09271359429987126,29.84099999999989,1.0,0.3085694642199869,-0.3018394729787134,0.8798970498319237,0.7698849192146203,0.1077221392824843,-0.3396608864102122,0.8941281884912455,-0.21058626718659823,-0.14856537628302086,-0.36621924524478916,29.84099999999989,2.0,-0.0212818020274312,-0.2886156290590078,0.9366595451738792,0.538529364032467,-1.1082939768505344,0.5921070206977143,-0.9794592583910434,0.19698710279324974,0.04010316377691041,-0.01572827836323159,29.8420000000001,3.0,-0.1544028120478199,-0.3452114217119547,0.9043134666426996,0.7034590896211286,0.2441328570661624,-0.3565057583706396,-0.9666407216749334,0.21404471884587675,-0.10964354414535393,-0.08814117517482481,29.8420000000001,4.0,0.1743110937403206,-0.3225628411584175,0.909051624553228,0.2476642565752685,1.679463998311809,-0.508053361617853,0.9858358735895502,-0.16009010323966869,-0.047513495480557215,-0.015532447838621536,29.79199999999992,5.0,-0.0298898925085802,0.0291980652265975,0.97874514931766,0.2211880718257559,-0.106534756626229,0.1201706139488496,0.9936978772028427,0.07952526713199487,0.047333179892837675,-0.06324421563574958,29.79300000000012,6.0,-0.0059244968164001,-0.0042297683757626,0.980105611348573,-0.0243745615884847,-0.0055506444540308,0.0811829154623667,0.5023672298906698,0.010927454355581222,0.04260819419701492,0.8635347699198631,29.79300000000012,7.0,0.0870131664475248,0.0358430668105766,0.9749871709034884,0.0216862996225919,0.0009647002934874,-0.216602290406635,-0.8303972713236911,0.15045468810122953,0.24765231935528845,0.4758908355121752,29.79300000000012,8.0,0.0090582117660255,-0.0213215235436197,0.9794949420152104,0.0195031265135867,-0.0067342331280313,-0.0364056506330576,0.9807406594744189,-0.02055618786964173,0.02553811539128594,0.1925435188631685
448,29.90000000000009,0.0,-0.0023939929671415,-0.1331008837197414,0.9706015781723708,-0.0203791084852129,-0.0204264303564423,-0.0731422262566603,0.9944302410935733,-0.056327037991695715,0.00017515194585594578,0.08908271275312558,29.90000000000009,1.0,0.297564671660247,-0.2434072241590788,0.9011471519163236,1.4280415359634588,0.2361931318865464,0.5183515993882025,0.9199668132687676,-0.14045211379743705,-0.1545619704975432,-0.3317301063965356,29.90000000000009,2.0,0.056442622323309,-0.2409819785759302,0.9486574283622607,0.9338120134018044,-1.2829841736252203,0.2995976233448099,-0.983775854488546,0.1426253933812072,0.09927260554260338,-0.044587162692528916,29.90000000000009,3.0,-0.1516829620539241,-0.3001090110617554,0.9203563769008628,1.0819641314455242,0.0691177875541132,-0.7090490417171345,-0.9802541844489129,0.1594470995137221,-0.10739879406148352,-0.04630178572362641,29.90000000000009,4.0,0.067115687101689,-0.2800628265774768,0.9373693496772242,0.4748839727626536,2.098127823848849,-1.292404099483046,0.9859522695175548,-0.12921327373060074,0.049067928571254894,-0.09377841175201257,29.85100000000012,5.0,-0.0268180514701021,0.0395674095267876,0.9785439245218818,0.1084174789876938,-0.0309859184081273,-0.0214656662484206,0.99388601455177,0.07894436697457051,0.04205767795521648,-0.06472656893732591,29.85100000000012,6.0,-0.0069856552667706,-0.0022760718772977,0.9798668379516184,0.0617824902284254,0.0309376737786021,-0.0126638544959316,0.5029264362699222,0.009659130111833013,0.041885737580883584,0.8632596862437304,29.85199999999986,7.0,0.0787586922070557,0.0439831227347008,0.9762533243561008,0.1409588357082632,0.0629206880820241,-0.0010977987657652,-0.8378484228825245,0.12899166672405754,0.22939647213496944,0.47827651914038843,29.85199999999986,8.0,0.0068605036861769,-0.0183886554783807,0.9802488412841248,0.0683175365306987,0.0438839547968425,0.1291392350476484,0.9795935120694207,-0.016266919309756652,0.025379136042672137,0.19871546970831191
449,29.97600000000012,0.0,-0.0004928466021372,-0.1375641924007346,0.9699200225128668,-0.0630925029720891,-0.0457046156357218,-0.0462105640219935,0.994367568983402,-0.06064056913409905,-0.0031364915028518317,0.08686783956208714,29.97600000000012,1.0,0.2787515845097998,-0.164805366616304,0.9254332743465308,1.6048140898271634,0.2088086387791418,1.0167751590368297,0.9468668982027747,-0.06712486728521115,-0.16238985356912988,-0.26938237644210455,29.97699999999986,2.0,0.1516567570794991,-0.1857028073789885,0.9505233797038832,0.911370211660375,-1.5225683640848833,-0.966084556376527,-0.981118709504016,0.0840739247903332,0.17379283570046994,-0.011563013911300438,29.97699999999986,3.0,-0.1472722818892282,-0.2341633581159,0.9393489217021672,1.3173405060601806,0.0655700372986765,-0.3761281298579482,-0.9896468559171088,0.09246797491348863,-0.1079805405548923,-0.019722501115554448,29.97699999999986,4.0,-0.0012200769788008,-0.2405665399265089,0.9493804565504564,0.6342612391581416,1.2332645882188542,-0.279671775305903,0.9836232527288901,-0.09203180368319148,0.1017816566217175,-0.11685862474458425,29.97299999999996,5.0,-0.0237334390059281,0.0475149014906488,0.9779760007327816,0.1762560415142713,-0.059016492057283,-0.0686226723945207,0.9936176840093219,0.08199594464129077,0.035697003209669655,-0.0687479966848661,29.97299999999996,6.0,-0.0100335838015937,0.0017699944921471,0.9804494858561528,0.0602095117735723,0.0353745197407132,-0.0322322060238818,0.504320074005758,0.008216849161612657,0.04154251354701286,0.8624778060407574,29.97299999999996,7.0,0.0781721333596829,0.0458811995137203,0.9760225576784471,-0.0382831385915899,0.0009893349121095,-0.0836346227568596,-0.8402072932495303,0.1173293519227288,0.21157390149072783,0.4853061010905201,29.97499999999991,8.0,0.0054474431862591,-0.0145469368780344,0.979754414121314,0.0439627444194481,0.0244590541082471,-0.0584407060034918,0.9802637459324534,-0.013475851078185662,0.024018116944820946,0.19576649331951018
450,30.085999999999785,0.0,0.0016831773134076,-0.1371268560402908,0.9701914204251844,0.0142977701497861,0.0003925710201104,-0.0676812092784503,0.9946442040215232,-0.06083746260036568,-0.0036420019673256954,0.08347722067971489,30.085999999999785,1.0,0.2344145062650131,-0.0614340817524721,0.9497561228293084,2.1110594074051705,0.8103729558725823,1.6970658958881215,0.9744688377744618,0.033929714045045384,-0.14675559704783706,-0.16649940974803443,30.085999999999785,2.0,0.2233134484518859,-0.0948509406807768,0.9500165276417556,1.3657343125694397,-0.6094987781590759,-2.83562890802036,-0.9744623656275049,-0.01166406846331873,0.19349170922889022,0.11334904473445202,30.085999999999785,3.0,-0.1316296354826605,-0.1675715576196073,0.9564906754065304,1.0365289569485412,-0.3684320482581373,-0.1808487348236656,-0.995442379071942,0.040806056758920135,-0.08595150456592518,-0.0064555822536467725,30.085999999999785,4.0,-0.0726175262593178,-0.1621508566672731,0.9636066596708672,1.7159234783395976,0.2589864769291797,3.3973876752535963,0.9943309970306679,0.014691391303108673,0.09522624996649845,0.0449665729503032,30.090000000000146,5.0,-0.0213118060452362,0.0591356228597211,0.977668545587963,0.1891210530997634,-0.0479794645857851,0.3391722166591765,0.9944444865872383,0.08673203353519804,0.028500830223448525,-0.052396756881200525,30.090000000000146,6.0,-0.0121237895522175,0.0046903335728268,0.9801290805286154,0.047442891988297,0.0234391523304475,-0.1323599685619536,0.5100654466537695,0.0068864190562299005,0.04059805705222729,0.8591493555407329,30.090000000000146,7.0,0.0796527472705315,0.0472803472268881,0.975100512059327,0.0353320597473654,-0.0204847010244798,0.0714595710879014,-0.8457159602796868,0.10579248772218043,0.1971304127043767,0.48447091187888847,30.090000000000146,8.0,0.0031438315797667,-0.0106314109097697,0.9803561033752304,0.0743546330009513,0.0325599135717943,-0.0272879241639654,0.9806098990812712,-0.009335066655817285,0.023665392048456853,0.19431168666228738
451,30.154,0.0,0.0016831773134076,-0.1371268560402908,0.9701914204251844,0.0106504032525957,-0.008059143231816,-0.109062565375571,0.9950608259391931,-0.06115308034260471,-0.004639223777973666,0.07805594819460929,30.154,1.0,0.194691720465745,0.0370246199086525,0.9592946948163052,2.047299290168549,0.3449768285731598,1.4255654506128688,0.9779556421684451,0.12305053046561529,-0.14989779075568377,-0.0774078886780935,30.154999999999745,2.0,0.253830985562791,0.0219490853267372,0.946635129509539,1.6405473837327087,-0.0486271036696041,-0.3684834159173289,-0.9693228156188692,-0.09291151844284022,0.19670945830995976,0.11439457099336207,30.154999999999745,3.0,-0.0908079231676145,-0.1017522395965076,0.9710990695223014,1.232485110062518,-0.1141898926284488,-2.4324088857825967,-0.9898268638284743,-0.009137858097950436,-0.07705610541230248,0.11925450017318918,30.154999999999745,4.0,-0.0712307811718265,0.0193346761443471,0.9775737036725388,2.425858585686472,-0.2037672702926098,0.9893359089831378,0.9839622557841625,0.13841218396955013,0.07724220116877727,0.08181680071674814,30.19599999999992,5.0,-0.0210901169693515,0.0624446884283543,0.9776379022180476,-0.0799802152565877,0.0365538891650367,-0.2480122615834758,0.9945009175703701,0.07707774512886913,0.029546511815242836,-0.06445114271362813,30.19700000000012,6.0,-0.0142782176030759,0.0095847804860067,0.9794943922683348,0.0405790576942101,0.0090786534740825,0.0620617560736875,0.5074576206720363,0.006596414644068446,0.03929046864802306,0.8607551972594403,30.19700000000012,7.0,0.0769990156649373,0.0496773530717595,0.97556102432314,0.006531934736982,0.052641969067327,-0.2158994140540086,-0.8441801621589275,0.09167404319689,0.18160747795225585,0.49595811070400153,30.19700000000012,8.0,0.0026143139465482,-0.0057181213946413,0.9795950533002424,0.0397245298916279,0.0164417303467138,-0.014371843313725,0.9808117266341253,-0.0068910531291443405,0.02229968818558,0.19355514508941188
452,30.201000000000025,0.0,0.0037287257594971,-0.1357864235081281,0.9700536808832186,-0.0097003446512096,-0.0152111625968758,-0.0462661233299533,0.9951552785475007,-0.06236234622907808,-0.005847024497174734,0.07578074726723348,30.201000000000025,1.0,0.2025815004105019,0.1282146729146205,0.949854058969496,1.3747740241438184,-0.2270586643931026,2.0106000079445305,0.9693773243660991,0.16650904609698025,-0.17776991145864227,0.031308132372957695,30.201000000000025,2.0,0.3054590555291464,0.1009794645568406,0.92602587066078,1.675111639874125,-1.1102842406477609,2.672704402571408,-0.9528671944475228,-0.1335051320503887,0.27074961175729967,-0.030251234605993372,30.20199999999977,3.0,-0.0983335216937927,-0.0221892799129134,0.974277247177744,1.265067152821371,0.6772624402539132,-1.9635520379802824,-0.9679764882378662,-0.06539110055219664,-0.10569532983083095,0.21811469331343195,30.20199999999977,4.0,-0.086435437395746,0.1202508824138379,0.9689286044084464,1.8446137603013872,0.3995871254322889,-2.7391497821234703,0.9682905703268202,0.20585917686036465,0.12841928378563175,-0.05953031387889631,30.22400000000016,5.0,-0.0210497149680919,0.068779557530478,0.976706343772617,0.1290240201178185,-0.0309842945521547,-0.0259942306511744,0.9943370803225392,0.07923464875708144,0.02559130630467275,-0.06603579463904868,30.22400000000016,6.0,-0.0153001626875098,0.0126846156072721,0.9800831625676628,0.0312406925534468,0.0192970240414904,-0.0862053230766966,0.5112019529810646,0.005381277370191707,0.0381772990850997,0.858595422161554,30.22400000000016,7.0,0.0767057362412508,0.0506263914612693,0.9754456409843132,0.0051660135368331,-0.0292305123866845,0.086788477425325,-0.8486300896069225,0.08382093151187815,0.16948234665793113,0.49404124992306914,30.22499999999991,8.0,0.0013071569732741,-0.0028590606973207,0.9792528361524292,0.0422229568996426,0.0192851924703541,-0.0195394880463198,0.9810455427728678,-0.0044698487415232415,0.021326896391519762,0.19254824576718968
453,30.259999999999764,0.0,0.005904749675042,-0.1353490871476843,0.9703250787955362,-0.0127034158971299,-0.0494517277330941,0.0574253527934322,0.994834632802708,-0.06346805717733316,-0.00841412040774554,0.0787722138333031,30.259999999999764,1.0,0.2281804400739581,0.1753236480679358,0.9369142464472432,0.9103811085152604,0.0157012704606977,0.4295085302073804,0.9625577315901135,0.19926109921496,-0.17352406912587995,0.06055596692100619,30.259999999999764,2.0,0.3544506840754599,0.1427797921132151,0.9027760760690028,1.389772671865711,-0.4922114835522503,1.5910583806374938,-0.9320598917693061,-0.171722068771922,0.2951524083773227,-0.1210823896392313,30.259999999999764,3.0,-0.1380393608035471,0.0293096844505318,0.9701175584775064,1.0027989938098272,0.4950756478691086,-0.6856306932349627,-0.9534833086900518,-0.11138736314293349,-0.11808979515373444,0.2540024323940322,30.259999999999764,4.0,-0.1353466720217262,0.2140727310466461,0.946699077951845,1.5681253534229664,0.5572714595189301,-2.0791449995818154,0.9373552797394168,0.25736087499792126,0.16938361461751153,-0.16260273879627743,30.25599999999985,5.0,-0.0212310020427171,0.0718053610639685,0.975805428697102,0.0441189682724045,-0.0084425073004928,0.0511074218063088,0.9947110147339691,0.07728808841505423,0.023113573695840717,-0.06357917321789656,30.25599999999985,6.0,-0.0163613211378804,0.014638312105737,0.9798443891707084,0.0254686627971453,0.0152071312710515,-0.0340792110722211,0.5127017876490134,0.00443956253332307,0.036920896824213026,0.8577610474973286,30.25599999999985,7.0,0.0761827071475753,0.0536941342219664,0.9760072413060368,-0.0099656026331895,0.0120964018422869,-0.0445907680817124,-0.8497107509528526,0.0749853996352234,0.1569816451472454,0.49772039604937757,30.25599999999985,8.0,2.9568135661248734e-17,-1.1128264505609003e-16,0.9789106190046156,0.0214433693921241,0.0152366531296065,-0.0025522645027289,0.9811037711363075,-0.0031205707950547057,0.020148543102465215,0.1924050116573814
454,30.320000000000164,0.0,0.0068599650614207,-0.135345129026556,0.970029193853536,-6.893326260002023e-05,-0.0248347074502253,0.1209579556695166,0.9942946107970568,-0.06395293536596768,-0.009317394344868238,0.08486127008611045,30.320000000000164,1.0,0.2223652552319771,0.2003028768802822,0.9328866226820384,0.1043338923058115,0.1002904480783946,-0.2903220641240142,0.9660254273124459,0.19778118492562968,-0.1590236516398376,0.04887693622100261,30.320000000000164,2.0,0.3616158825152883,0.1968772853427401,0.8895427409791855,0.9927151697209028,0.3148964635047354,0.90798189903463,-0.9247734284073034,-0.1974585838136704,0.27119701506641575,-0.17960064813125867,30.320000000000164,3.0,-0.1541803792558147,0.0662206899686611,0.965014109157274,0.1956294757905207,0.1789984622182625,0.0033290702218401,-0.952540488240515,-0.11723286815743043,-0.11911181864787515,0.25443161663696506,30.32099999999992,4.0,-0.1967795111425861,0.2647781130884499,0.9229931607676216,0.7770730524181583,0.2597245753969198,-1.4556032798314595,0.9151077252097832,0.2720493351751729,0.18562590569657564,-0.23261563495699952,30.315999999999804,5.0,-0.020840797317903,0.0745104754354402,0.9770423993960236,0.0574502013104844,0.0040804372457432,0.0759546253191746,0.9950512269701581,0.07639037286737722,0.02135522023172549,-0.05984581194386695,30.317000000000007,6.0,-0.0163934322879977,0.0156253660219871,0.9796872477043366,0.0122562058661363,0.0126446600332037,0.0080587193556408,0.5123951694343883,0.0034746452266174424,0.03519307204103649,0.8580213079295689,30.317000000000007,7.0,0.0761827071475753,0.0536941342219664,0.9760072413060368,-0.011194925533134,0.0071357586710658,0.1143747703391391,-0.8542996546214948,0.0684380770494122,0.14522189072785158,0.49436720378358545,30.317000000000007,8.0,-0.0001059035266436,0.0009826579030255,0.9787584089896182,-0.0028022658476664,0.0099760367755267,0.0308079631494615,0.9808351820496973,-0.00296278163934235,0.018616836458340426,0.193925194285782
455,30.41300000000001,0.0,0.0071255582042082,-0.1349157089083687,0.9708923616498538,0.0112442306642097,-0.0278483456305296,0.0949143519886807,0.9938739147898238,-0.06376622749183854,-0.010368952278954919,0.08967159282875412,30.41300000000001,1.0,0.2184988432436638,0.1907833634710298,0.9357900211713424,-0.2568060549746777,0.0358816622670333,0.2280149349241421,0.970704004193905,0.17417088580168105,-0.15474133515495211,0.05876527865534187,30.41300000000001,2.0,0.343366866487149,0.2109854143951766,0.8936578483464978,0.0517050687316472,0.4857944856822536,0.3577814306458524,-0.9314658597271269,-0.1850812157465247,0.2400016584959821,-0.20128462350554968,30.41300000000001,3.0,-0.1516617530960604,0.0692509371168821,0.966228244441376,-0.064880371609515,-0.1532848677687047,-0.0809885590432862,-0.953990049332745,-0.10546014676115852,-0.10775164828998164,0.2591731573871291,30.41399999999976,4.0,-0.1967997091687279,0.2695320958174337,0.9211494579032036,-0.1921171137822399,-0.2984829107410491,-0.0399425278398648,0.9251056448558425,0.2484280270258565,0.16289421336783022,-0.23649214890810222,30.3449999999998,5.0,-0.0214910053956893,0.0757618525043225,0.9769361690469832,0.003871756510385,0.0141787817230795,0.061177514273593,0.9955048880838063,0.07298493405812342,0.02055620520764485,-0.05675085575778562,30.346000000000004,6.0,-0.0163934322879977,0.0156253660219871,0.9796872477043366,0.0012838759964126,0.0051707773892747,0.032216890004775,0.5110619020574124,0.0026891412223853566,0.032972884331641104,0.8589070320376927,30.346000000000004,7.0,0.0758258979701916,0.0534735066297987,0.975099490967833,0.0022660929335183,0.0041712434523768,0.0557763751487991,-0.8571455807136147,0.0614924688144905,0.13526645505687232,0.4931765564973321,30.346000000000004,8.0,-0.0001059035266436,0.0009826579030255,0.9787584089896182,-0.0183560787596733,0.0057983056664997,0.0364452316822791,0.980505147275748,-0.003540613843705184,0.016884144684747956,0.19573463126804577
456,30.471000000000004,0.0,0.0082158912639189,-0.1335792344973343,0.9710505070498884,0.0050473383563528,-0.0385877887895926,0.0783042558051767,0.9934846427434577,-0.06377002609460405,-0.01200886664268404,0.09368796895416248,30.47199999999976,1.0,0.217957555021482,0.1582821138965687,0.9418212551378796,-0.5290873367754394,0.0294975526291125,0.2667261340801621,0.9763848520065905,0.13762805018288374,-0.1518316952068394,0.06839793056477213,30.47199999999976,2.0,0.3135817797830079,0.1817055035952036,0.9105556420951628,-0.8636294618558487,0.6661081738777088,0.0247559097345558,-0.9492444825421075,-0.13100222841467674,0.20691359641729407,-0.19738311004596273,30.47199999999976,3.0,-0.1364275946724589,0.0592173950915201,0.9687279347321734,-0.2441212906485254,-0.3094691343409994,-0.0103720258968334,-0.95758122883393,-0.08392124221787133,-0.09128604264493399,0.26011972956263224,30.47199999999976,4.0,-0.1825921772838458,0.2295852466472173,0.935688896651382,-0.8388981064398863,-0.210876788095159,0.072622146523389,0.9414501242694577,0.1959443000701734,0.1521458439486931,-0.2283180609416879,30.41899999999987,5.0,-0.0212565448941087,0.0766490657366266,0.9765388266837458,-0.0022302684133887,0.0180053093689877,0.0828125426266753,0.9959833141246645,0.06968570788220263,0.0199780589167845,-0.05255489762261868,30.42000000000008,6.0,-0.0163613211378804,0.014638312105737,0.9798443891707084,-0.0262683141691739,-0.0178196868361436,0.0944688496645802,0.5070925409288932,0.0023489975063056257,0.029157464604537556,0.8613950774196641,30.42000000000008,7.0,0.074345284059343,0.052074358916631,0.9760215365869532,-0.0287125507185929,0.010440886681709,0.0075947714613393,-0.8585073869721627,0.05604858197397156,0.12529535056707664,0.494089767248027,30.42000000000008,8.0,2.9568135661248734e-17,-1.1128264505609003e-16,0.9789106190046156,-0.024598585299726,-0.0008492717523484,0.0047522220087835,0.9804820727907464,-0.0043802514940833445,0.014914902959204302,0.19599302029033552
457,30.514000000000124,0.0,0.0080854157944635,-0.1326761383256155,0.9706413695956057,0.0358927710137725,0.0103367792272907,0.064693649952679,0.9932745146159446,-0.06241528731610554,-0.010974497665628066,0.09690010797050205,30.514000000000124,1.0,0.2109475721692571,0.125897105732803,0.9482299513113892,-0.5676009839660329,0.1764349959042043,-0.5384203009404177,0.984009974335777,0.10654620209892045,-0.1372294762399456,0.03924726840061346,30.514000000000124,2.0,0.2845706119670866,0.1211340905289778,0.9285683060046768,-1.1712417887396966,0.331203991252598,-0.6856643627175898,-0.9665365451073227,-0.07389211514820093,0.191777326247939,-0.15352042023169743,30.514000000000124,3.0,-0.1098563541618934,0.0358689008087492,0.97270499299892,-0.4829684697858048,-0.4142619246573357,0.3934441029759989,-0.9665845670693276,-0.05177508520126766,-0.07222871100712966,0.2404508859664496,30.51499999999988,4.0,-0.1494451684727306,0.1604128331139676,0.9549360526194974,-1.3709423313331757,-0.2786072173797612,1.0770779418575935,0.9684336287653111,0.12398718292976404,0.13721370031698352,-0.16714031707195479,30.55600000000004,5.0,-0.0227914215512618,0.0782646066420869,0.9767237083489024,0.0400569057815424,0.0176681854237111,0.0960309874816705,0.9962912528861967,0.06890964014148802,0.019377235335827157,-0.047746451897111616,30.55600000000004,6.0,-0.0142711153872566,0.0117179730250573,0.9801647944982456,-0.098365284669436,-0.0452056549022037,0.2492812117709536,0.4964995960460792,0.0016806113741664435,0.021754424822311713,0.8677626816544599,30.55600000000004,7.0,0.0733948076383782,0.0506796382731246,0.975632500727723,-0.0287237796352211,0.0138612797719104,-0.0580270408327031,-0.8580585780826365,0.050666971774419776,0.11625095890821395,0.4976485196430658,30.55600000000004,8.0,0.0002118070532874,-0.0019653158060514,0.979215039034611,-0.0391592477488378,-0.0143415787813282,-0.0447025160633398,0.980940047333906,-0.00585200220243261,0.012292455284651619,0.19383310643399354
458,30.590000000000146,0.0,0.0072699602852933,-0.1291119676952128,0.9714361777673922,0.0536191679295669,0.0160301582919681,-0.0107236587350509,0.9934811783611103,-0.06011632026193972,-0.009864732393155162,0.09635280657663742,30.59099999999989,1.0,0.1984765225622363,0.086752435654283,0.9558567282284786,-0.8317058424237668,0.1597838858467451,-0.7429792554216378,0.9901354863096381,0.06418092735182762,-0.1245342698332791,-0.0019346709611781632,30.59099999999989,2.0,0.2512581338537815,0.0730017264821906,0.9443972141545816,-0.7825683789512513,0.2748356675530346,0.8362239329630382,-0.9657805404876252,-0.02423932109817973,0.17836457312650184,-0.18672568645350004,30.59099999999989,3.0,-0.085793403129353,-0.0028702072889908,0.9749975660941942,-0.7277620149104094,-0.3186241025939128,1.148001596951154,-0.9813725442275664,-0.011961916310048216,-0.06146729882392479,0.1816221714708728,30.59099999999989,4.0,-0.1347550772793752,0.0714453259044018,0.9678195258176204,-2.477124190147881,0.211786401431996,0.2382107767935822,0.9781228545338537,-0.0023525053667638137,0.15944937415867486,-0.1335890872693267,30.62100000000009,5.0,-0.0232071691274675,0.0804031969432733,0.9762201356366248,-0.0061798969573755,0.0208408368961372,0.0073089553335997,0.9965125710222368,0.0659294289028109,0.019457475930803995,-0.047301298392356715,30.62100000000009,6.0,-0.010065694951711,0.0027570484083972,0.9802923443897807,-0.1750888871273847,-0.0802542781730525,0.2947097710945984,0.483885489028031,0.0007270550213807007,0.010413957176487423,0.8750690569292376,30.62100000000009,7.0,0.0700838790355056,0.0507328850849798,0.9758193604711328,-0.0132702466185184,0.0492366392701077,-0.1557598234535489,-0.8552233281757468,0.04364837891315059,0.10702327111783261,0.5052067867729922,30.621999999999844,8.0,0.0015189640265615,-0.0048243765033721,0.9795572561824242,-0.0570756228220463,-0.0315596749946016,-0.071156207212407,0.981638220878441,-0.008032563652647142,0.008807779765682618,0.1903793692798002
459,30.642,0.0,0.0122975964830433,-0.1215747135247946,0.9742491253022012,-0.1725736041582471,-0.3103591234173865,-0.069917293349125,0.9929745488517484,-0.06724691154156515,-0.026574474150435932,0.09366533800940181,30.642,1.0,0.1973161092861178,0.1228270282768501,0.9513537061161144,-3.132672324489433,-1.1163900748482,4.281520873959222,0.9643298396243496,-0.114878187200186,-0.14758867534284212,0.18731936746161743,30.642,2.0,0.2623178892925192,0.3254579186180682,0.9140566000888088,-1.052503640759885,3.884583087616394,9.43005293973695,-0.8338363041569428,0.1177853114613127,-0.05126269284478918,-0.5368573130694532,30.642,3.0,-0.1541159482648778,0.0743579704745229,0.9552785806859316,-1.1648395346458509,0.3502686273042738,0.6171268152964217,-0.9843780293962441,0.0363024415371863,-0.09128591350566431,0.1461126619285357,30.642,4.0,-0.3406737996138642,0.1897152918056531,0.9116350532486936,-3.8672371564943577,2.848642041433013,-11.749478375500068,0.7767786850232613,-0.20891137101769483,0.1530825669567136,-0.5740528209555137,30.69700000000012,5.0,-0.0270828747427932,0.0830677546839086,0.9748493555557391,0.0342496092525106,0.0393783451455181,0.0176507402719412,0.996567720656351,0.06546436794139042,0.02051804647434921,-0.04632714587275726,30.69700000000012,6.0,-0.0048383294317315,-0.0093037113295282,0.9798311239819884,-0.1556286748915396,-0.0849306699591805,0.0880941800377115,0.4801076247253035,0.00024008851455212328,0.00022850536273596694,0.8772095296013556,30.69700000000012,7.0,0.0673595092800058,0.0488880551178154,0.9762369868921962,-0.0843830688047685,0.0345228191885299,-0.1338448373778754,-0.8524685420106147,0.040931731662753,0.09729742681855573,0.5120109266020335,30.697999999999865,8.0,0.005016820839809,-0.0094709269832311,0.979975067565874,-0.0816003339153537,-0.0455509367376926,-0.0652998165647551,0.9822441905136208,-0.011257572404357959,0.00453235794393644,0.1872139818423582
460,30.694,0.0,0.0216819227157597,-0.1109271741718638,0.977649761549397,-0.5527640010595316,-0.802706239985241,-0.0751909757376758,0.9894218655273338,-0.08946079391758881,-0.06815376499049244,0.09163079550929541,30.694,1.0,0.1945921351394141,0.1971440644697174,0.9427190030895972,-7.160264140779585,-3.19895101673068,12.202558962109345,0.6853773523499292,-0.38154515328757943,-0.05990133941330343,0.6173273122299473,30.694,2.0,0.2845291031473418,0.7589790364680976,0.8623352084103532,-2.455389106749569,9.92614087070688,21.74507414100625,-0.23712688014687341,0.3748085353422201,-0.5278334367767136,-0.7243488576417533,30.694,3.0,-0.2638877547131742,0.2384182775973578,0.9234294655359168,-2.2048873467834813,1.3405944108541523,-0.6104319918644718,-0.96431888173702,0.1185563494932635,-0.17075677059036254,0.16393782851387478,30.694,4.0,-0.6938274275622281,0.4198337876446695,0.8162359288308199,-5.546787938709583,6.746847955055126,-31.124910216882675,-0.4904083044865723,-0.42029654082016527,-0.15616819648788852,-0.747303156069161,30.7489999999998,5.0,-0.0315210767894951,0.0737100000920174,0.976503076085511,-0.3297466374355849,0.1022274024421859,-0.032201440924975,0.9974654314547732,0.04650032251301935,0.02583179742479142,-0.047256230284829545,30.7489999999998,6.0,0.0001784624690653,-0.0101887085756017,0.9796107177694152,0.0738354803006531,-0.0721198232796724,-0.3159324307793343,0.4939998784689434,0.004950326512787559,0.0012806500565645147,0.869446935859526,30.7489999999998,7.0,0.0630838874637517,0.0414022416254475,0.9775337730896302,-0.1433562570848879,0.0694712963613987,-0.1033923273293532,-0.8503776982168577,0.040526994865089115,0.08505336642908935,0.5176690621639299,30.7489999999998,8.0,0.008415782366288,-0.0142801978427649,0.9794111754297756,-0.0751861960797374,-0.0590670418678691,-0.0859288532227533,0.9830097223653199,-0.013929136897715615,-0.00014697685971252957,0.18302416036781569
461,30.746,0.0,0.0229073734488024,-0.1082581834709233,0.9782619372914664,-0.6082404568478861,-0.8416773681021146,-0.0454058444301021,0.9837054445434124,-0.11175465013106924,-0.10742735496799508,0.09107063167844033,30.746,1.0,0.1886213562801733,0.1962782969685386,0.9439840115670172,-8.047778446321749,-3.47005214827306,12.756825617481802,0.16833172765340673,-0.4162813776321231,-0.11066727343496464,0.8866380313816861,30.746,2.0,0.284756895626508,0.7979896594338044,0.857424057179337,-3.399306780384564,10.836521642090297,21.852479411439063,0.9401493555496752,-0.0195124492765547,0.1000557472167826,0.3251573481126511,30.746,3.0,-0.2656120740490654,0.270748369570812,0.922090855878151,-2.6831988230941954,1.4502357245455109,-0.5466416998458082,-0.9299946864705916,0.21049911784242617,-0.24947306061899566,0.1690064985419716,30.746,4.0,-0.7422971889860669,0.4276291256549283,0.8032392010571847,-5.352753721553769,6.798588217881673,-33.35559385270214,-0.5437731300061002,0.18902469097989394,0.13241185597206498,0.8068751760225106,30.76499999999988,5.0,-0.0372894132915052,0.044497852088327,0.9783406568347758,-0.4250814104104508,0.096226656090128,0.3672651112009588,0.9988616586139992,0.023658340042317778,0.03040378428005444,-0.028129696030790886,30.76499999999988,6.0,0.0020831035348045,-0.0050535316197302,0.9796586765286326,0.0569379909801867,-0.023004853450136,0.0382323455556143,0.4923268141064435,0.006825513012426515,0.0027712761858629947,0.8703792509660477,30.76499999999988,7.0,0.0617623850729867,0.0336425537290567,0.9777359492054506,-0.0637455237479962,0.0299942167679074,0.0033461476665596,-0.8508734493280611,0.03861596868018597,0.07722241587204108,0.5182276321061469,30.76499999999988,8.0,0.0118077356528917,-0.0179440904195983,0.979676776798228,-0.0515902139425859,-0.0291938047132316,-0.0310324340547312,0.9832619731872622,-0.01559504436458234,-0.0028239242657274177,0.1815067825920007
462,30.797000000000025,0.0,0.0063240293066678,-0.1246447008930913,0.9718218484848962,0.0760152521395812,0.0220264374338128,-0.0822690891119836,0.9860614189908293,-0.10287346228204405,-0.09672419312816942,0.08800204088316173,30.797000000000025,1.0,0.1897285694817512,0.0292829490820236,0.9614003218303332,-1.3108400619608758,0.1407146038933831,-1.4991632720445267,0.21341345245228321,-0.3890682205469568,-0.19075651363019486,0.8756098278231434,30.797000000000025,2.0,0.2544962168929995,-0.0186113579917753,0.9459964550360922,-1.600821055295205,0.6840754437643104,-1.523965734634751,0.9574958377088909,-0.10964662561234981,0.07588803771302277,0.2557740096140372,30.797000000000025,3.0,-0.0728867420424471,-0.0408531230558449,0.9763076078629224,-0.8695071288981917,-0.2092273705113153,2.2917011341275315,-0.9451968488532333,0.2052061004664165,-0.24942953270935198,0.047731346740682815,30.797000000000025,4.0,-0.1136262255744765,-0.0481043769470178,0.9712018584106176,-1.5210595308135932,-0.720042211191867,1.4095795681058556,-0.5861330110600256,0.2517140910604811,0.05602771113529011,0.7680813793422181,30.8739999999998,5.0,-0.0377327914432746,0.0378797209510606,0.9784019435746067,0.3111937181083871,-0.0951400413965663,0.2703211728372121,0.9988436046978916,0.039093066522717164,0.02351033611063731,-0.01518056652228488,30.875,6.0,0.0031121508350577,-0.006020174201945,0.9797403084592152,-0.0632848607332333,-0.0349328250109306,0.0634019077455372,0.4895988207335475,0.006112296682331008,-0.0014808579558629597,0.8719251353329031,30.875,7.0,0.0601547116547435,0.029904074052534,0.977073260825817,-0.0583803152842203,0.0356587039504601,-0.1058878591665302,-0.8484818907797343,0.03620861308456227,0.07011504722292125,0.5233080331031306,30.875,8.0,0.0142102425461525,-0.0216968960081881,0.9800567910638596,-0.0538534907176519,-0.0262021533153334,-0.0101438027676045,0.9833136253414583,-0.017400828987239037,-0.005240908520884625,0.18100844799696675
463,30.87599999999975,0.0,0.0044275251455401,-0.1179457797504732,0.9725482970321516,0.1394040022788097,0.038968421868183,-0.1316353149812677,0.988667904343247,-0.09125722486725714,-0.08597272367145838,0.08256261027590113,30.87599999999975,1.0,0.1887601434906249,-0.0317076045907708,0.9609371655006969,-1.4594869890400417,-0.0670957769109394,-2.203782804788817,0.28928063769321916,-0.34839689129259127,-0.2864699412224004,0.8443170563061587,30.87599999999975,2.0,0.2077513291197799,-0.0756050003510259,0.9547508937785216,-1.1832268319157568,0.7393190657626517,-2.0600304151950697,0.97109407919225,-0.17419157023436324,0.059597146520177044,0.15192684536873508,30.87599999999975,3.0,-0.0800264535083867,-0.100946881547447,0.9714327016549914,-1.046151609062171,0.0953534756467762,1.830541837460787,-0.940874704816374,0.21613035090917507,-0.25594558162998027,-0.050342035086684105,30.87699999999996,4.0,-0.0806035552895789,-0.1236752724717177,0.9690704277057094,-1.1262582922374929,-0.5460858663645254,1.2475699484578062,-0.6238389945541062,0.2885621129143638,-0.001702226693312969,0.7263290702487436,30.90000000000009,5.0,-0.0304551211355032,0.0703200327219488,0.9771128791468288,0.4885200683776144,-0.0664242882070412,0.2001225414898393,0.9978064160824072,0.06334084459927228,0.018333593230197825,-0.005845749695507768,30.90099999999984,6.0,0.009286434636577,-0.0118200296952337,0.9802301000427118,-0.120164329808041,-0.1270513335776266,0.343844450855611,0.47468125129663585,0.008293173274535118,-0.010489794382065012,0.8800561897733125,30.90099999999984,7.0,0.0562430074120815,0.0257110579826921,0.9785283162048276,-0.0459948766918752,0.0576512311259418,-0.1364820494129069,-0.8452941550586518,0.03294749021428916,0.06284649261407807,0.5295682889659916,30.90099999999984,8.0,0.0164079506260011,-0.0246297640734271,0.9793028917949452,-0.0385533323697694,-0.028346102540463,-0.0701768436836966,0.9839099487878976,-0.018366905864956082,-0.007576099857281633,0.17755695468242602
464,30.963999999999945,0.0,0.002670780861621,-0.1076787298563242,0.973773668809194,0.1538545809499119,0.050002499574886,-0.173316548881607,0.9911406243080505,-0.07946497800669775,-0.07561119490612045,0.07489010162572629,30.965000000000146,1.0,0.2045068898493037,-0.0855966365062964,0.953320590264877,-1.0383422099347157,-0.213049018651002,-1.3085821845752936,0.33461528820280834,-0.3030501614885867,-0.3399185756270607,0.8250142850074557,30.965000000000146,2.0,0.1875723024412813,-0.1149202428067855,0.9550952670546042,-0.8054210598495659,0.3365008801354495,-1.4406218729674527,0.9743124651107853,-0.20747015347749437,0.03875269204780896,0.07854670333513353,30.965000000000146,3.0,-0.1019055807663489,-0.1646914390394556,0.9601218581595706,-0.8907030220085783,0.1053079250352609,0.7259525983262907,-0.9348161902899503,0.23663364102433196,-0.24765392860858398,-0.09375895664993963,30.965000000000146,4.0,-0.056527983833405,-0.1535491400669331,0.9660839759712588,-0.4267092192279306,-0.4457111265671065,0.995581280737999,-0.6601722982194308,0.29454495011328913,-0.02534180371640961,0.6904879448700274,30.97600000000012,5.0,-0.0292126983266051,0.1034481155351566,0.9737982879676385,0.4172792533511927,0.0070163183735778,-0.2731161823918288,0.9961798662377461,0.08282248303805309,0.019316368189999003,-0.019823933159343738,30.97600000000012,6.0,0.0155999675412252,-0.0289547323869248,0.9794943922683348,-0.2433274360636622,-0.0613004858028356,-0.0509918361243411,0.4770057481567756,0.004382436530826469,-0.02327699509627721,0.8785809535692973,30.97600000000012,7.0,0.0523455199618361,0.0276623815735669,0.978484409270584,0.0389911487292458,0.0419355356156919,-0.1504939536595829,-0.8417010611510808,0.02666182912728233,0.059065824825262056,0.536040762314251,30.97600000000012,8.0,0.0175033005459878,-0.0255235089646963,0.9793406889127632,-0.0133828752570127,-0.0188415041734152,0.0023377780062718,0.9838812135864903,-0.018145662080214647,-0.008972348998323394,0.1776738288344632
465,31.11799999999993,0.0,-0.0003160563592174,-0.1023162831247405,0.9743419719564153,0.0443353894413489,-0.0225146677090689,0.1174639518827276,0.99146570601158,-0.07492035996237247,-0.06899751035563445,0.08137589956978525,31.12100000000009,1.0,0.2130677575094395,-0.1299356643728333,0.946781312571118,0.3168632618257328,0.1764336118610764,0.7672638941886427,0.32260965603461145,-0.2881548015482077,-0.29502913171429607,0.8519669193213146,31.12100000000009,2.0,0.1481933011381306,-0.1065684354061482,0.9630035898546117,0.4608042126346897,0.0244751922480516,1.2129141958475698,0.9758876649399182,-0.16720006650184216,0.040446711849978875,0.13435574673387915,31.121999999999844,3.0,-0.1118435393129714,-0.1758460570317171,0.9575119774396276,0.4011446091224513,0.2392119969737694,-0.7165964775172132,-0.9469019385453676,0.21414094621436272,-0.2341896769055505,-0.05172590419041404,31.121999999999844,4.0,-0.0529585097330058,-0.1554894114949893,0.9653809813538904,0.5631810886877477,0.4119735050946484,-1.7113146670783796,-0.6151638295074827,0.24189040265531894,-0.0016562625313108743,0.7503730757185815,31.05699999999979,5.0,-0.0326577972158572,0.1151526567493874,0.9727329201402436,0.1620553187589401,-0.0089628963110285,-0.3992187486254289,0.9951080863652187,0.0881145505984911,0.020085039584709773,-0.03990380443339835,31.058,6.0,0.0188263585451136,-0.0431895073319716,0.9785137887022096,-0.0692537413834305,0.0309919605173165,-0.4298157594078145,0.4959877622074026,0.0011519297431179134,-0.025587799257360856,0.8679516561004564,31.058,7.0,0.0477979439105205,0.0303421159617839,0.9774173686593096,0.0082753662382206,0.0294614251198402,-0.005606615125158,-0.8418121047125023,0.022851693392266864,0.05504572888117435,0.5364700813657303,31.05899999999974,8.0,0.0197999039126049,-0.0282936566502604,0.9795684931633972,-0.0230387005770282,-0.0295692647096653,-0.031535220355653,0.9841332660629716,-0.01842896063866798,-0.011014427975589986,0.17612714275311891
466,31.195000000000164,0.0,0.0017341342907486,-0.0987402381309529,0.9742491253022012,0.0599694357474951,-0.0355066221066789,0.0863603554593398,0.9917737333494193,-0.06964976475656791,-0.06386041365432624,0.0863459302770413,31.195000000000164,1.0,0.1925172670672188,-0.1110741074635524,0.954391766798176,0.5635965517125981,0.0954504364945218,1.103225909085212,0.2949826931695787,-0.27116568504983174,-0.23802460041046858,0.8847591037007274,31.195000000000164,2.0,0.1556454848946526,-0.0958696139391373,0.963016874283659,0.3394953430422152,-0.7631858004791383,2.527222679549761,0.9577972243112527,-0.12724134632962397,0.009963780869403839,0.25755550849607367,31.195000000000164,3.0,-0.1236571697879596,-0.1574752628131709,0.9592301319088944,0.4618312760784922,0.3749244439431563,-0.8589088427999328,-0.954830653874521,0.1904223563493396,-0.22811517345447815,-0.0011028434852518598,31.19599999999992,4.0,-0.0645254755325909,-0.1336425885592022,0.9686857702735644,0.3789869380625594,0.3983017536281436,-1.4600830087204362,-0.5698623376212069,0.1957641282587299,0.009626594799936886,0.7980229639055202,31.128999999999905,5.0,-0.0339454419457338,0.1152335585508228,0.972153760448841,-0.1735192468428494,0.0262553546083737,-0.0547453198144418,0.9959302004514793,0.0766145170826212,0.02143646734357527,-0.042352443479697154,31.128999999999905,6.0,0.0186800072261656,-0.0339878526726198,0.979068885830172,0.2193607530957166,0.003230003538853,-0.3088692526656389,0.5094351768394877,0.006852285079345173,-0.015296307965433137,0.8603457849901618,31.128999999999905,7.0,0.0480841149379986,0.0263209077419157,0.9782822331547631,-0.042829977444034,-0.0198283866315499,0.0864493360209011,-0.8441604281561397,0.02333340463404618,0.05191703707230986,0.5330603577692298,31.128999999999905,8.0,0.0218847002259345,-0.0290984885297732,0.979491877384036,-0.0105046021635353,-0.0132042264420764,-0.0355104414071964,0.9844367034425828,-0.01823198346769699,-0.012048403776824285,0.17437547895379218
467,31.2489999999998,0.0,0.0029595850237914,-0.0960712474300125,0.9748613010442708,0.0547052252323475,-0.0311239910716852,-0.0302632618904965,0.9924637804990077,-0.06462943680866584,-0.059490930558037634,0.08543716683476071,31.2489999999998,1.0,0.1911776671065545,-0.0910207401511078,0.9570503249370116,0.4569829050019189,-0.1561292674811857,0.5206880099014413,0.28404686560833403,-0.23433440289945204,-0.20048635659598002,0.9078601139904252,31.2489999999998,2.0,0.1857966721856757,-0.0913478612399865,0.9577766779639234,0.4046280730938115,-0.2470264752138454,0.6030503156279245,0.9535578309436087,-0.09413400930488762,-0.0048783700052793385,0.2860811997395128,31.25,3.0,-0.1346793927611031,-0.1396604656127975,0.9606942362220756,0.1960240648712025,0.1714154727508477,-0.3395220690201178,-0.9601853446643457,0.17347212330971634,-0.21812738126475403,0.019286572241101085,31.25,4.0,-0.0710065913234427,-0.1191572362827094,0.969767300454131,0.1788852974471812,0.0858758020098653,-0.2532829382542751,-0.5648805842679047,0.16912673223498356,0.008815963473514203,0.8076065581387389,31.213999999999945,5.0,-0.0358380728324182,0.0833568528064971,0.9753621212789916,-0.4538041220225496,0.0145372071798004,0.0638124320703296,0.9977126445934742,0.050722024862708145,0.022455296877623324,-0.038633077204134746,31.213999999999945,6.0,0.017447488522549,-0.0197122550595024,0.9798984703247192,0.3346122158886511,0.1116728728065394,-0.4775987114360244,0.5300559145027014,0.01084981970425249,0.002537081562122846,0.8478894810824329,31.213999999999945,7.0,0.0489710616052661,0.0265459624037447,0.9778789020146166,0.0375412230652712,0.0097254687128085,-0.0063529757146101,-0.8441722233770266,0.019332607243607282,0.05016300112783539,0.5333696475182113,31.215000000000146,8.0,0.0228741466192775,-0.0290095755180167,0.9793774644868564,-0.002383640323829,-0.0141747830238798,0.0248128605365198,0.9842180697883517,-0.01767169989662817,-0.012947224116136065,0.17559860908487113
468,31.30899999999974,0.0,0.0028337517582125,-0.0929325387966688,0.9744970564777392,0.0679626831956992,-0.0096888775528052,0.0128229814322863,0.9929830683707365,-0.05951996745246658,-0.054274361242327075,0.08658113602414763,31.30899999999974,1.0,0.2024911518769701,-0.0747573817676307,0.9551772962559288,0.1952027213054984,-0.1223668530590999,-0.0433370142096659,0.2932611303109771,-0.196759208263232,-0.18291980955374154,0.9175097093138455,31.30899999999974,2.0,0.1899863088111695,-0.0697793027182552,0.95927475280884,0.1817274524998322,-0.0230907855059654,-0.5506961073700196,0.9627974382315657,-0.07629717556250797,-0.015347947682231414,0.25877456296526063,31.309999999999945,3.0,-0.1327217574710071,-0.1423340100290895,0.9608350351037612,-0.0322792152107736,-0.0274202281006637,0.1525025788930327,-0.9651904860712078,0.1635581330040126,-0.20375562538059028,0.011819807597066655,31.309999999999945,4.0,-0.0701872527349966,-0.1163577099343358,0.9704682544485168,-0.0012580660295396,-0.0536364286849018,0.197013511723962,-0.5753936569664541,0.15557854535593627,0.0009587926821424641,0.8029424241278412,31.259999999999764,5.0,-0.0453985787516881,0.0163347209198117,0.9786225758379984,-1.005237258875777,0.1652868353724903,0.0394521000393913,0.9988466782239761,-0.003339401764322393,0.03264984429931078,-0.03504496346147038,31.259999999999764,6.0,0.011062631101847,-0.0027366370743617,0.979649492936442,0.1290113064207855,0.0316299274339799,0.3111486681138786,0.5168238553078808,0.012214887977682411,0.007959932512006367,0.8559676036923334,31.259999999999764,7.0,0.0495647288488473,0.0277200554550835,0.977360187535643,0.0636911504304775,-0.0028254159330798,0.2111820872147546,-0.8499269202752295,0.015453239688391605,0.04968456141603961,0.5243251585910145,31.259999999999764,8.0,0.0237576894859767,-0.0279380046032345,0.9791108415746796,0.0196648125436192,0.0102423854607861,0.1017482575212954,0.9833455928843848,-0.01628468879303087,-0.012337091414978534,0.18059360465196556
469,31.375,0.0,0.0043294378379193,-0.0875985155159161,0.9760172929038786,0.0669283590107909,-0.0266159535107349,0.0316723670311551,0.9932836043389419,-0.05465906156582523,-0.05042298275391211,0.08864305472163253,31.375,1.0,0.2052485463141205,-0.0614606921862883,0.955948543359904,0.1634368532783265,-0.0076502058273011,-0.0570873295804461,0.3025350250546013,-0.16706310627273835,-0.16574543282630017,0.9236292159925096,31.375,2.0,0.197508054506481,-0.0573508856089213,0.9575549301867422,0.134515342803918,-0.1150452877788071,-0.2269361282775462,0.9665378997328966,-0.06086757253132216,-0.02883834768844036,0.24752368916260548,31.375,3.0,-0.1299727146790663,-0.1455635514635544,0.9607217838293618,-0.1096554267822062,-0.095087923834899,0.1839033949245185,-0.9694291902710961,0.15832878804018968,-0.18744815083143634,0.0014935454216444472,31.37599999999975,4.0,-0.066152690040558,-0.1206726085681249,0.970145836017329,-0.085379663430222,-0.1037087097224701,0.2107256918869479,-0.5853978395363649,0.14799090088619923,-0.008112264256025695,0.7970835927866587,31.327,5.0,-0.0740420273130737,-0.1079728227462378,0.9886817727355852,1.1213882479542627,-0.158787584839964,0.7736320102985085,0.9985808494447209,0.04869602566825045,0.02148195473805207,0.0018734532311079,31.327,6.0,0.0038914111501917,0.0030428070848916,0.9792352108887344,-0.1016402238976188,-0.022062472445519,0.9473248109578812,0.47663230255583733,0.010197061823269914,0.0018195514424707256,0.8790417267246428,31.327,7.0,0.0564727570820706,0.0235923536115049,0.9778513325442776,0.2598032160592513,-0.0527464791320869,0.6543985571289863,-0.8669644198410779,0.006140595603006473,0.05664590356201321,0.49510224138546044,31.327,8.0,0.0177151075992752,-0.0274888247707477,0.9796451089427584,0.0178287584480243,0.0489897238413262,0.1892038338273089,0.981645689623108,-0.015556322212552933,-0.009532376416600204,0.1898390757548196
470,31.433,0.0,0.0063796284878854,-0.0840224705221286,0.9759244462496646,0.0393737729202975,-0.0264227187682992,0.0754397461005598,0.9932392419804091,-0.05156221988341,-0.04704738347673456,0.09275607461977976,31.433,1.0,0.2050410743500657,-0.057920823961571,0.9566014509611528,0.0492647246737004,0.0139891866320872,0.0723984569127451,0.3039595258123268,-0.14356783209547772,-0.15346487748510934,0.9292176363123068,31.433,2.0,0.1968078934594371,-0.0543403810614846,0.958223239155757,0.0358387645791824,-0.0758159399915185,0.0690796607166752,0.9658862536706272,-0.05252586125087261,-0.0394250087618588,0.25050039431925475,31.433,3.0,-0.1248755011869715,-0.1455644524900236,0.9608574813022908,-0.0778950543212073,-0.0791435405544804,0.1318440020234889,-0.973065691825063,0.15270770232181402,-0.1725951396357355,-0.005868118840367026,31.43399999999974,4.0,-0.0623912402089347,-0.1259206826513718,0.9695897662546792,-0.0705672711029216,-0.068343322091744,0.0895155111701036,-0.590454482382401,0.1395783483960565,-0.015783970960967907,0.7947529522777902,31.39399999999977,5.0,-0.0443177639478282,0.0241233273245248,0.9790342184405294,0.6405346538772738,-0.1261013584567771,0.2720939483832707,0.9968036286564351,0.07727070679612327,0.01431504611250569,0.014382045174030878,31.39399999999977,6.0,0.0110697333176662,-0.0006034445353111,0.9803198951663528,-0.0298224906695694,-0.0291478832343784,0.2039684130568372,0.4676991294435644,0.010267702573921806,-0.0007578203779479583,0.883827768465022,31.39399999999977,7.0,0.0518295992643689,0.0338022941646224,0.97829652843568,0.0710554803636609,-0.0089154156177494,0.1136326868877355,-0.8698763774160808,0.0027953011608269677,0.05625897723411475,0.49004306115429036,31.394999999999985,8.0,0.0247471358793197,-0.027849091591478,0.9789964286775004,0.0059122245168491,-0.0169668879336183,-0.0276512853275394,0.9819058941233479,-0.014692177231145683,-0.0108864638573342,0.18848458801376952
471,31.490999999999985,0.0,0.0073302016703875,-0.0862541248626252,0.9755836684199126,-0.082378044525154,-0.0331789370675592,0.1795521908265635,0.9922783395023047,-0.055117451006773364,-0.044673119347081056,0.10173532305382664,31.490999999999985,1.0,0.2025566703301179,-0.0598355500214015,0.957003397203172,-0.0892546434096897,0.0293647242239128,0.1513884331975448,0.30008760389361167,-0.1255300653192997,-0.14784749950015524,0.9339864825477266,31.49199999999973,2.0,0.195298883807338,-0.0575883130188711,0.9578063124594908,-0.1113742843139988,0.0676498340431683,0.1251776465403422,0.9642697697090534,-0.05417519450107793,-0.04370348293889776,0.25561468092625084,31.49199999999973,3.0,-0.122330823221837,-0.1474308368043167,0.9610605173708088,-0.0670847534396059,-0.0289848372097142,0.1505521479681963,-0.9757477397814861,0.147151987728764,-0.16148156985013384,-0.013650766188447058,31.49199999999973,4.0,-0.0597317452704727,-0.127865682396946,0.9699693221293686,0.0030579014660402,-0.0383431752442888,0.1816838495487891,-0.5994935305096253,0.12864683433926014,-0.02122079906017301,0.7896880248419876,31.40999999999985,5.0,-0.0361022516337346,0.0601124920246294,0.9761557845598025,0.2770778081383711,-0.0666538772235963,0.0638625275981295,0.9960418553604143,0.08649787747279894,0.011375601853158385,0.017009857299890015,31.40999999999985,6.0,0.0130957167680554,-0.0015496757834906,0.9803260175611463,0.0014339354729838,-0.0313543960763618,0.010456388718845,0.4672344684529188,0.011213259890148684,-0.0017393777601222137,0.8840606251028047,31.40999999999985,7.0,0.0500628143260421,0.0364243546713228,0.9783537095593464,0.0234608027419138,0.0036732152396,-0.0112681201886043,-0.8697213540280928,0.0010094433488604968,0.054189816781561664,0.490558060915165,31.41100000000005,8.0,0.0267260286660056,-0.027671265567965,0.9787676028831416,0.0055084696617641,-0.0312192718413203,-0.0620498914962435,0.9824725699411858,-0.013754555361592974,-0.012928657113669577,0.18544894538714324
472,31.56799999999976,0.0,0.0092359902392684,-0.0884818210819935,0.9749470056481604,-0.0330899577891653,-0.0551986342110687,0.1979875527363092,0.9912065712747389,-0.05586084655254042,-0.04350108576328818,0.11178888326495026,31.56799999999976,1.0,0.2020762079488605,-0.0676776453181963,0.9564831114584268,-0.0197269574815218,-0.0544156783121006,0.2788661387756083,0.2897505631809944,-0.10515592427691287,-0.14033933499894644,0.9408994174606646,31.56799999999976,2.0,0.1925424251725151,-0.0644557199385086,0.9589201607411824,-0.0003617739688609,-0.0057620786837918,0.3371363459845781,0.9599431724311817,-0.050194007424032676,-0.049112332510464964,0.2712519974430717,31.56799999999976,3.0,-0.1215394157199923,-0.1479868338224895,0.9608064672147236,-0.0232159404585156,-0.0246126465930956,0.1876447035824945,-0.9782122904573362,0.13982940235327201,-0.15174133159154202,-0.022869659432629134,31.56899999999996,4.0,-0.0586392938192114,-0.1241329805991146,0.9709039274552164,0.0428240468057134,-0.0483067924734126,0.2594038335226763,-0.6115850539033819,0.11776421527496553,-0.02441555838528023,0.781984137915472,31.472,5.0,-0.0272089006662909,0.1036070010943046,0.9728187215760068,-0.5272512976042188,0.1007654737638721,-0.3487919842039603,0.9982546506010085,0.056473004479892605,0.01727358088353618,0.00027517618423743046,31.472,6.0,0.0170442480026625,-0.0026141690701498,0.9791964357217078,0.070543236883803,-0.0388277095771683,-0.2671893780650191,0.47902486873786576,0.014222856390949352,0.00029064151269672737,0.8776860492307395,31.472,7.0,0.0477094705403425,0.0409444919570428,0.9781801240053593,-0.0117841270406618,0.0146310331950948,-0.0766010474502921,-0.8679654050495255,0.00023016823592012306,0.051001235781192034,0.4939988629628488,31.474,8.0,0.0295884643193908,-0.0264218686296699,0.9782721541766056,0.0070868502398489,-0.0431694029928775,-0.0348047576557608,0.9827682241066555,-0.012654004601785835,-0.015448793915197037,0.1837602476607884
473,31.6239999999998,0.0,0.010452156564558,-0.0902840553043028,0.9754693956147265,-0.0002321839754066,-0.0522047940337921,0.1271432024729583,0.990545164829156,-0.05479705349948935,-0.042449321409170356,0.11838756046669395,31.625,1.0,0.2055625827881536,-0.068726603876848,0.9556200492230256,0.0474401807882479,-0.0729658183726259,0.113685013610564,0.286939169685108,-0.08311161080018024,-0.1316680295629963,0.9452099782808147,31.625,2.0,0.1954517569187021,-0.0672287970759955,0.9580004694994187,0.0296953943294862,-0.0807705053376873,0.2270310113067008,0.9567194848204169,-0.0438896920795149,-0.0577144810433083,0.2818342792706788,31.625,3.0,-0.121335050893186,-0.1493499909426612,0.9604901798718064,-0.0663711823214815,-0.06070574020472,0.1878471723090114,-0.9801531506076002,0.13548600986984063,-0.14097723794182312,-0.032691908262430736,31.625,4.0,-0.0600650291540545,-0.1215065793987321,0.9706406870905124,-0.0209414531363575,-0.0719553221875835,0.2700283201252408,-0.6234071139474314,0.11069185995498204,-0.02892396702297325,0.773481923868357,31.53499999999985,5.0,-0.0379119907937278,0.0545059505956619,0.9776695670336268,-0.1846642043979446,0.0434477474471414,-0.0501668381597877,0.9988190796361893,0.044340333050313416,0.01975724051511819,-0.002008100328861883,31.53499999999985,6.0,0.0170192390683644,0.0005060773851508,0.9797096964852468,0.0596145981115369,-0.0299690191922915,-0.0138333928386608,0.4795902423110997,0.01631950515162443,0.0017772125194826438,0.8773389964815467,31.53499999999985,7.0,0.0513136785669016,0.0399422067556778,0.978108647600776,0.04056195831613,-0.013605768309239,0.1434862193953913,-0.8715309134430359,-0.0013320966353737608,0.050783715167194356,0.48770186252004294,31.53600000000005,8.0,0.0296873596061593,-0.026259148249995,0.979253857696154,-0.0014857214714686,-0.0293971312877469,0.0405794901027666,0.9823695541570141,-0.012261660526822399,-0.01707178433019168,0.18576400331134615
474,31.68600000000015,0.0,0.0114073719509368,-0.0902800971831745,0.9751735106727262,-0.0245486393379222,-0.0216062452804989,0.0637975780371231,0.9902156085251993,-0.055054385214291776,-0.04038061492459997,0.12170237976332658,31.68699999999989,1.0,0.2049637595632751,-0.067930770206099,0.9557098240181976,0.0211353339064666,-0.0194600241410731,0.0218695288598586,0.2882030665887206,-0.06521119888437656,-0.12457678478885711,0.9471890606634932,31.68699999999989,2.0,0.1949361150910977,-0.0664025711210063,0.9582273266723872,0.000917154934678,-0.0028247487698734,0.0262208894365791,0.9563494297384159,-0.03999686754566717,-0.06256181240797251,0.28263410702491465,31.68699999999989,3.0,-0.1197782876948769,-0.1455653535164927,0.96099317877522,-0.0580683340150798,-0.0332694307673604,0.0677914088314223,-0.9817997157378474,0.1319907655059657,-0.13160853637876802,-0.03642731324802648,31.68699999999989,4.0,-0.0593774952760662,-0.1226915288428395,0.970289699937574,-0.0424137501922959,-0.0267516715251877,-0.0206143033943359,-0.6235489114670736,0.10373897371114087,-0.03349877368689243,0.7741465058392122,31.588999999999945,5.0,-0.0368460351397358,0.0511159832255933,0.9782793700949448,0.0641747430716978,-0.0423600403570914,0.1958524771415691,0.998770601773682,0.04591205315809355,0.017083740024191336,0.007583813963391647,31.590000000000146,6.0,0.017959055134085,0.0046337890907369,0.979990306246625,0.0407554746279264,-0.0212852028950495,0.1000998018985394,0.47517257752946607,0.017519061977793474,0.0025600739809425004,0.8797144707532291,31.590000000000146,7.0,0.0527942924777502,0.0413413544688455,0.977186601981656,0.0066174503790397,-0.0219898188636441,0.1048387128460659,-0.8740887376286173,-0.0012094987979550092,0.05021497875044284,0.4831623658487491,31.590000000000146,8.0,0.0317721559194889,-0.0270639801295077,0.9791772419167928,-0.0136507273284726,-0.0390738708457912,-0.0065488807160137,0.9823869338322196,-0.012393296642327979,-0.019264314853026022,0.18544865760449453
475,31.744000000000145,0.0,0.0126235382762263,-0.0920823314054838,0.975695900639292,-0.0311619352601078,-0.0299166363790241,0.1089915135682763,0.9895389204763971,-0.05571916790502363,-0.03893175532028257,0.1272494307180192,31.74499999999989,1.0,0.2049637595632751,-0.067930770206099,0.9557098240181976,0.0213158582318491,-0.0190987227191017,0.1792886147081729,0.28166722085609575,-0.05002608578545675,-0.11761057818432864,0.9509619967881668,31.74499999999989,2.0,0.1964830405739109,-0.0688812489859736,0.9575467551534824,0.0166083716932094,-0.0290169364638735,0.2442167891381183,0.9527430093013168,-0.03614994496831669,-0.06765759478372277,0.29393262761105704,31.74499999999989,3.0,-0.1201870173484894,-0.1428390392761493,0.9616257534610544,-0.0151938996024688,0.0195061288714377,0.0473791065870085,-0.9831718891692536,0.12686727688813945,-0.12565890521423628,-0.038569028283178396,31.74499999999989,4.0,-0.0607525630320427,-0.1203216299546247,0.9709916742434508,0.0228145914801673,-0.0229505126286349,0.0605119555910133,-0.6270655133031975,0.0949987036900825,-0.03558345558014373,0.772332768961655,31.701000000000025,5.0,-0.0313546488647378,0.059505622783745,0.9776021516198128,0.0632336565197117,-0.0264953287431473,0.0796187298845552,0.9986815382132197,0.04758305075866461,0.015510175843237651,0.011422475996374169,31.701000000000025,6.0,0.0198887051341222,0.0066487195913078,0.9795250042423034,0.0269774639804039,-0.0494293290595932,-0.0038941869045401,0.4753283079147041,0.01963636279481866,0.0021360422889086846,0.8795867497151572,31.701000000000025,7.0,0.0540380483224014,0.0417870367228421,0.9776910211797128,0.0427161994139262,-0.0176120192929244,0.0763187563390953,-0.8759392002074166,-0.002873131600794252,0.05045166740560609,0.47976753945092004,31.701000000000025,8.0,0.0348463986261615,-0.027779898997264,0.978986213240252,-0.0094124440752832,-0.0529465953354549,-0.0279663290841808,0.9825863440802276,-0.012161746322797129,-0.022053740542969005,0.18409182730772192
476,31.791000000000167,0.0,0.0135741114587285,-0.0943139857459804,0.97535512280954,-0.0299608752239647,-0.0154729641824299,0.1166013580117115,0.9887995125293019,-0.05644773184337809,-0.03697577184848402,0.13312388924517643,31.791000000000167,1.0,0.2061614060130322,-0.0695224375475971,0.955530274427854,0.0051342537394677,-0.0476199665795808,0.1900430115226541,0.2740963652927526,-0.03504962798084136,-0.11255754095011045,0.9544493208583528,31.79199999999992,2.0,0.1954896727494162,-0.0729554068983491,0.956902971284248,0.0160110751294303,-0.0181776600431764,0.231847930200327,0.9491895152240024,-0.03296105100987058,-0.07181170252998002,0.3046242155261029,31.79199999999992,3.0,-0.1186302541501802,-0.1390544018499809,0.962128752364468,-0.006386684089495,-0.0296341493341742,0.1136599242073118,-0.9845824790842357,0.12113006328646969,-0.118181562738921,-0.044248930802253554,31.79199999999992,4.0,-0.0614907644888975,-0.1188801781983496,0.9703774467258088,-0.0162241705103451,-0.0233224409369185,0.1031475562559693,-0.6318852871650916,0.088213463942749,-0.03909948871221119,0.7690322481053409,31.73900000000004,5.0,-0.0307044407869516,0.0582542457148628,0.9777083819688532,-0.1001433401569691,-0.0161671962064146,0.0528365197569548,0.9989606044871718,0.04082870558835975,0.014586595509784812,0.01406978017018353,31.73900000000004,6.0,0.0228545046502319,0.0098302000487144,0.9798117363984752,0.0567413374216041,-0.0469147399104821,-0.0286122827173016,0.47653982769751585,0.02234853824916186,0.0032195175515536967,0.8788628847339515,31.73900000000004,7.0,0.0561687508343201,0.0424577736386677,0.977792109237623,-0.0025561467692427,-0.0203704693111984,0.03710345971384,-0.8768349743696838,-0.002413880474934496,0.04979742671756432,0.47819955792062097,31.73900000000004,8.0,0.0388041841995334,-0.027424246950238,0.9785285616515346,-0.0102763384066004,-0.071523916861216,-0.0681797836281558,0.9831206719907764,-0.011728360600283065,-0.025703462507686486,0.18076371836502572
477,31.86400000000004,0.0,0.013173400642609,-0.0960759221540739,0.9740379246711872,-0.0109682814270594,-0.0052039770499667,0.0931122359740889,0.9882476273979439,-0.05626283428908203,-0.034677305305923535,0.13783542692941297,31.86400000000004,1.0,0.2067602292379108,-0.0703182712183461,0.9554404996326824,0.0035711204425391,-0.017860396627396,0.0616134349947525,0.27255322770919654,-0.022028362434745923,-0.1079291487854577,0.9558142016920386,31.86400000000004,2.0,0.1947736886483346,-0.0736730050832508,0.95788908467125,0.0056402493701808,0.0235889036586389,-0.0107743960042524,0.949383661693868,-0.03030197322217218,-0.07411077989308346,0.30374338779835974,31.86400000000004,3.0,-0.118247576301948,-0.1368840846278102,0.9625072768942172,-0.0195728044939978,0.0069140843701738,0.0612962049618518,-0.985577419268563,0.11695313383148487,-0.11281998571798225,-0.04723098493053262,31.86499999999978,4.0,-0.070460365597812,-0.1172908853837937,0.9702346031170548,-0.0422860626366945,-0.0071678559118248,-0.0526661973070841,-0.6304891077963262,0.0822292629425204,-0.04327666284567206,0.770615963836115,31.86200000000008,5.0,-0.028078065624415,0.0484050327666758,0.9773999053783706,-0.1052290315909699,-0.0413996571346967,0.2188304578466688,0.9990325749478759,0.03412839889275555,0.012079834210182772,0.024964859052032762,31.86200000000008,6.0,0.0258203041663416,0.0130116805061211,0.9800984685546468,0.041483999255,-0.0304570571593819,0.2089407764692017,0.46733516582383744,0.023936070119747667,0.0037101120493674435,0.8837483478910781,31.86200000000008,7.0,0.0582994533462388,0.0431285105544933,0.9778931972955331,0.0021201071057271,-0.0339014231082925,0.0939277336845059,-0.8790400167836597,-0.0017274427887953002,0.05002934314260251,0.47411257066135076,31.86200000000008,8.0,0.0439632232195357,-0.028944997697507,0.9782609171956328,-0.0404455927375406,-0.0763234242778354,-0.0277211761892278,0.9832446286061295,-0.012865947349332156,-0.02974328117929408,0.1793873042907099
478,31.894999999999985,0.0,0.013038282969277,-0.0974084384439798,0.9735838943291524,-0.0265769896060063,-0.0085877408078846,0.1388252592703149,0.9872798311370363,-0.05697366095730024,-0.0327770622549174,0.1447694759853919,31.894999999999985,1.0,0.2044715008483748,-0.0708609800011925,0.95612401227774,0.0092772753681574,0.0257345653975895,0.1117599053596009,0.2686411920515219,-0.012638679915590003,-0.10281165307570586,0.957654393659304,31.89599999999973,2.0,0.1925645179491915,-0.0739104324932006,0.9581404669439988,0.0179524343577098,0.0079325084250622,0.1603997607859564,0.9469051991795444,-0.02777350223881388,-0.07638251564545481,0.3110705509105767,31.89599999999973,3.0,-0.1210044766557144,-0.1373864107954625,0.9628909028327234,-0.0285620260040394,0.0533734586813012,0.1548910688040004,-0.985845356726037,0.11327257252196848,-0.1108820981793562,-0.05462066677835244,31.89599999999973,4.0,-0.0699952770037725,-0.1196655125895266,0.9706151793032352,-0.0536693636808839,-0.0420420406556161,0.1238263238678998,-0.6358370314230115,0.07823749766469562,-0.04719851564871655,0.7663957616994608,31.904999999999745,5.0,-0.0217955861982652,0.0461826226203312,0.9786613907732246,-0.0077205002616844,-0.0620353143764174,0.3647015037640798,0.9984944133738834,0.03295145788852139,0.0083328967305334,0.04305427639902556,31.90599999999995,6.0,0.0287147791663974,0.0160340762569774,0.9794005155481644,0.0566901591956747,-0.0396179630352633,0.2038246918077764,0.45828685160714283,0.026314351494199893,0.004702362729030009,0.8884022761869856,31.90599999999995,7.0,0.0603666261044602,0.0426295814886415,0.9772019183540664,0.011054412618237,-0.0111534408627347,0.1448752199766209,-0.8824799814814108,-0.0018663641696930594,0.04953566783381853,0.46773049567204017,31.90599999999995,8.0,0.0493340692928254,-0.0324310642508274,0.9782976927697262,-0.0605214421660737,-0.0842620166817594,-0.0076710569493476,0.983145175719848,-0.014963587770550388,-0.034233480817137805,0.17896849804075765
479,31.98799999999983,0.0,0.0132992339081879,-0.0992146307874175,0.9744021692377188,-0.0060359094014891,-0.0054827487064892,0.2270053601400414,0.9856395199071584,-0.05682304027988911,-0.030582348285651866,0.1560467842150929,31.98900000000004,1.0,0.2038726776234962,-0.0700651463304435,0.9562137870729116,0.0149513183464639,-0.0116363571207108,0.2514862279188198,0.25768895892180693,-0.0030207757797658026,-0.09828993390108448,0.9612108843834448,31.98900000000004,2.0,0.1906864698582134,-0.0727898072656919,0.9586064438398252,0.0492706061126338,0.0202893038673656,0.2827501784199834,0.94250595668007,-0.024596983563560007,-0.07711161040562511,0.3242395866682711,31.98900000000004,3.0,-0.1247232399709258,-0.1371343466851672,0.9625633923905412,-0.0222042156085618,0.0406488232545054,0.2066669698733548,-0.9859006283312138,0.10939214337239807,-0.10889866751244932,-0.06460952126833534,31.98900000000004,4.0,-0.0708146155922185,-0.1224650389379001,0.9699142253088492,-0.0393922195974454,-0.0114285491942139,0.1006532184221367,-0.6402106157798197,0.07314841595022367,-0.05114675765073166,0.7629965175992707,31.92000000000008,5.0,-0.0172164990781978,0.0461797045766082,0.978840143764398,-0.0163564872423615,-0.0366490462719073,0.3666545162446785,0.9976094683716699,0.031384288247030274,0.00603839649746739,0.06126918339720786,31.92000000000008,6.0,0.0316092541664532,0.0190564720078336,0.9787025625416822,0.0601046864934299,-0.0586993950904355,0.2298795555207244,0.44803440841646314,0.029579335896331594,0.005367019889100363,0.893510731250807,31.92099999999982,7.0,0.060953184951833,0.0407315047096219,0.97743268503172,-0.0238172361587723,-0.0010766217280588,0.1742064070001115,-0.8865823289162044,-0.0005451297626995824,0.04779513427685288,0.4600946663747787,31.92099999999982,8.0,0.055694361759458,-0.0358282177923912,0.97822005544664,-0.0459632744070152,-0.0839472132177122,-0.0157678776173483,0.9831124333219884,-0.01623800765425669,-0.03848369343012234,0.1781720401609517
480,32.04500000000007,0.0,0.0113888031354305,-0.0992225470296741,0.9749939391217188,0.0139358834849119,-0.0009213507742259,0.3399111337989048,0.9829686535721296,-0.05587821262334846,-0.027882488546996334,0.17283754881692018,32.04500000000007,1.0,0.2030781787682058,-0.0706413299366785,0.9560219954650446,0.021579098177885,-0.0242594971335742,0.3356643104019697,0.2424535118758611,0.005996774940737832,-0.09404871705048404,0.9655750473632434,32.04500000000007,2.0,0.1884772991590703,-0.0730272346756417,0.958857826112574,0.0563267756402592,0.0255182904578937,0.2851299232658681,0.9378975607063212,-0.02143451008414332,-0.07732633992763237,0.3375046141195427,32.04500000000007,3.0,-0.1291995014207763,-0.137491049417096,0.961208458224754,-0.0296749049852127,0.0438645770982315,0.2017758454131631,-0.9857062375597306,0.1064396370456506,-0.10733347467148896,-0.07438643771800575,32.04500000000007,4.0,-0.0737472233934959,-0.1214532146417838,0.969301018102698,-0.003613631846973,-0.0061293385546308,0.2527978539207733,-0.6504506355517622,0.06668178133789393,-0.05405787396502889,0.7546822225349521,32.00999999999976,5.0,-0.0145752647657933,0.0475090654032029,0.9783335067151288,-0.011883558442462,-0.0141345099418133,0.307117675075508,0.9965974801606465,0.030162567660237984,0.005120756381803487,0.07653404408280995,32.00999999999976,6.0,0.0364654903166636,0.0231067443430106,0.97769644899725,0.0519105609676599,-0.0722616323246068,0.1041597936145735,0.44333533703939937,0.033226931896150655,0.005592522716039266,0.8957223194822161,32.00999999999976,7.0,0.062133411042787,0.040007520981941,0.9771447372304,0.033483602074547,-0.0102033791269712,0.3029104808719377,-0.8935007265510454,-0.0013777049584629746,0.048009307028192026,0.44648590125610293,32.00999999999976,8.0,0.0607474972528166,-0.0363663106366345,0.9778002009757406,-0.0361119674843306,-0.0687368415016629,0.053788506375849,0.9824877956296062,-0.01715304909867975,-0.041669010880723056,0.18079601178598464
481,32.090000000000146,0.0,0.0092174214237621,-0.097424270928493,0.9747674340971534,0.0355139954833746,-0.0153368134149181,0.3946329564210395,0.9795226298270272,-0.053783284803162336,-0.025806339928217813,0.1922935483890086,32.090000000000146,1.0,0.2022836799129153,-0.0712175135429135,0.9558302038571777,0.0546498800529953,-0.0402047581259846,0.4176537663016162,0.2229940855517902,0.014986747608318345,-0.08883493906534567,0.9706479221665814,32.090000000000146,2.0,0.1867837702875317,-0.0740908880405806,0.9588823512123544,0.0633958046989648,-0.0153220679971949,0.4253212040059085,0.9304747722546138,-0.01808348639016357,-0.07912136782112336,0.3572527044989523,32.090000000000146,3.0,-0.1321607666013488,-0.1366302184645766,0.9619083715061774,-0.039369606245536,0.0051641104931524,0.3380257236296859,-0.9849045049578604,0.10342973543144102,-0.10470503607538137,-0.09111674578664052,32.090999999999894,4.0,-0.0756685168751031,-0.1209496666524846,0.969535689745651,-0.0111789912852505,-0.0282817398001894,0.3127659594550632,-0.6628005790774066,0.061737992463929484,-0.056380185026025986,0.7441136253272139,32.077999999999975,5.0,-0.0121684909549693,0.0479512129974935,0.978224212029097,0.0668434547662708,-0.0331898754863742,0.3795472510310242,0.9948905894825487,0.03308511451530603,0.0033908629579512185,0.09532361829565834,32.077999999999975,6.0,0.041496486649099,0.0264881321750383,0.978816847244498,0.0478016356024005,-0.070619554863381,0.1497447188077046,0.436586876615914,0.036655076100687294,0.005626356428081997,0.8988974628266329,32.077999999999975,7.0,0.0627977164362736,0.0454234498453157,0.9766689085941762,0.1054586630936963,0.0138576715001578,0.242238030156277,-0.8989101885128364,-0.00634846115992481,0.048914627608320875,0.43534759587559113,32.077999999999975,8.0,0.0659135445126941,-0.0390324396666041,0.976703063015288,-0.0707763349386636,-0.0932982441967532,0.1635784920236611,0.9807399812530931,-0.0197575554004656,-0.04622610077754458,0.1887375844477833
482,32.13499999999976,0.0,0.0092174214237621,-0.097424270928493,0.9747674340971534,-0.0312769795964188,-0.0861641003741759,0.4063406559759159,0.975280858636675,-0.05441329568239651,-0.028045640065552754,0.21232023479452852,32.13499999999976,1.0,0.2028825031377939,-0.0720133472136626,0.955740429062006,0.0988782879592875,-0.0716308191588722,0.5791014776851036,0.19532814040264712,0.024503762618073636,-0.08243985876806763,0.9769596475140117,32.13499999999976,2.0,0.1862681284599273,-0.0732646620855915,0.9591092083853228,0.1204788436964418,-0.090704469514946,0.6565124437676124,0.9180229487176371,-0.011826915124668661,-0.08303310346789104,0.3875557939637839,32.13599999999997,3.0,-0.1337096722378325,-0.136682988288628,0.9611349979386572,-0.0926140979166688,-0.042197437058524,0.4393192070439563,-0.9831437002750799,0.10274267511672575,-0.10018865444122937,-0.11329007388354337,32.13599999999997,4.0,-0.0744347572714842,-0.1202682651976763,0.9696520052556366,-0.0371582843095118,-0.108431528868208,0.4951710246979355,-0.6818552025598297,0.06072003500666667,-0.05714778040494375,0.7267191281958053,32.17399999999998,5.0,-0.0082523833383839,0.0516215243589819,0.9786634336645524,0.0063895576726556,-0.0285491249056056,0.4148539015759964,0.9927227751058928,0.03287723549177216,0.0016517953189302734,0.1158354468403245,32.17399999999998,6.0,0.046416945099544,0.0285642966777151,0.9781250166328096,0.0623693003214042,-0.068994532032911,0.2269476064212346,0.42632145747042965,0.04026149880415863,0.0062093390867584124,0.9036539551855218,32.17399999999998,7.0,0.0662570297351657,0.0569260444878904,0.9758183393796388,0.2392768099962789,-0.0356100593500018,0.3362500591031542,-0.905943932694421,-0.016096081512545178,0.05541596389361449,0.41944675218655564,32.17399999999998,8.0,0.0717220211723091,-0.0487398943974283,0.9756896916402706,-0.2034494742558033,-0.0958403986200886,0.2819031859831136,0.9775527898382451,-0.02922437827720293,-0.05186026950564133,0.20210638594704763
483,32.21199999999999,0.0,0.0112536854620984,-0.1005550633195802,0.9745399087796842,-0.0315542583449374,-0.0913064397746773,0.3281040685586389,0.9715097180044651,-0.054889678475976866,-0.03076853007270395,0.22849351976993565,32.21299999999974,1.0,0.2042758252179629,-0.0722329972781766,0.9558424458747012,0.1417905124373567,-0.0970932082205513,0.5797531513993585,0.1671514379415914,0.035006894590134126,-0.07472158588851718,0.9824721872539286,32.21299999999974,2.0,0.1906864698582134,-0.0727898072656919,0.9586064438398252,0.1235868126973287,-0.1335115563816005,0.6086801609254735,0.9053293921619069,-0.004645495635709053,-0.08863961846366618,0.41533134855999776,32.21299999999974,3.0,-0.1315737239263104,-0.1358230583625777,0.9619706086930094,-0.1144474008153772,-0.1133837492511847,0.3766450750761349,-0.981467698981462,0.10322863897223333,-0.09181685164634959,-0.13279559369846086,32.21399999999994,4.0,-0.0723816590794192,-0.1167873373944945,0.9704692747600078,-0.0347313210295858,-0.151045688937035,0.4294721926818459,-0.6981888133842111,0.06150722178180913,-0.05570052258773706,0.7110883871343165,32.28200000000015,5.0,-0.0051826300240778,0.0483904425480613,0.9782936703342388,-0.0305452806244367,-0.0480715586343278,0.277870800635331,0.9910999109150417,0.030799147895891842,-0.0009524871907490847,0.129504717447801,32.28200000000015,6.0,0.0503796807657896,0.0317661884691571,0.9783362392531922,0.0751936045447742,-0.0734852347890285,0.0783880981618568,0.42267030827063207,0.04418932704549269,0.007626130967452374,0.9051734397385635,32.2829999999999,7.0,0.076136884154647,0.0827295291993754,0.972273109712323,0.4724444112220837,-0.2423667456275856,0.3225377327339541,-0.9113262985671697,-0.03223884666367562,0.07663478496191489,0.40320236115317976,32.2829999999999,8.0,0.0714726260112987,-0.0703671382828553,0.9742064101518376,-0.4135975043983061,0.0313412497590768,-0.05455605780332,0.9774310749384564,-0.049466800955215724,-0.053752381951587304,0.1982226293399452
484,32.253999999999905,0.0,0.0112490432582218,-0.102790675781205,0.9744950158919324,-0.0748055363128397,-0.0748788578673435,0.2181876349725967,0.9686927180962702,-0.05748355241384173,-0.033312182943249974,0.23920777072808555,32.25500000000011,1.0,0.2042876215516059,-0.0771448827798779,0.9549079718704137,0.0758056277998711,-0.0958773576622499,0.3835167468502986,0.14835498580378878,0.04494992515735538,-0.070733267573626,0.9853766321939361,32.25500000000011,2.0,0.1924020915064285,-0.0811808664554451,0.9578022249428612,0.0469459380898982,-0.1176956702644537,0.357640889617706,0.8971683689571945,-0.0008933518382250776,-0.09474609072396661,0.43140618674018405,32.25500000000011,3.0,-0.1272679179360605,-0.1352679623708741,0.9623603563220234,-0.1329630103414377,-0.1297075306416576,0.2385877583599235,-0.9802828921060174,0.10520495212281501,-0.08219964170029885,-0.14567288147572607,32.25500000000011,4.0,-0.0678610416801163,-0.1119436066816961,0.97151917528435,-0.027382233461303,-0.1892904416938775,0.3024730539938278,-0.7097729040344836,0.0637528589245222,-0.05191108843699263,0.6996164924976345,32.31399999999985,5.0,0.0009057909017508,0.0516156882715361,0.9790209396468994,0.0706969068970279,-0.1280074150836177,0.1015828555483801,0.990309323099564,0.03466034073228871,-0.006619037981215748,0.13432160547956595,32.31399999999985,6.0,0.0542460829816833,0.0379292420093494,0.9780760374744596,0.1095840450942973,-0.0658350413131118,0.0005716793178255,0.4224527145571842,0.04839316219973487,0.01101370187185684,0.9050251400854311,32.315000000000055,7.0,0.102642019738397,0.1125086156636202,0.9678364671707088,0.535935865420027,-0.3970089869358892,0.4109210480090896,-0.9167406201431043,-0.047128065496684156,0.10602517148968073,0.38226200940292315,32.315000000000055,8.0,0.0704525997501081,-0.0951939892687907,0.9723124680860288,-0.4190662707607523,0.0890934370478501,-0.8669916819194937,0.9842052912941045,-0.06768958905211292,-0.055509962518086764,0.15387237628594594
485,32.29899999999998,0.0,0.0141007628057282,-0.1094856388026948,0.9734726824026764,-0.1440317670247405,-0.0967226184912076,0.0457285157955607,0.9676009216352864,-0.06288214941990272,-0.03828397650421624,0.24151320642544943,32.29899999999998,1.0,0.2066947107847631,-0.0852401029645753,0.953614398685439,0.0316557545047488,-0.1284571828862714,0.2320286040134142,0.136814180472739,0.05598971906866202,-0.06953668209927662,0.9865655990469205,32.29999999999973,2.0,0.1956646386374568,-0.0920506035101655,0.956317434526992,-0.0230067017762857,-0.0978792055090426,0.0302983627684098,0.8959067748944561,0.00022580387567741776,-0.10124575719812869,0.4325509176503984,32.29999999999973,3.0,-0.1210044766557144,-0.1373864107954625,0.9628909028327234,-0.1416880445114677,-0.1071896188963208,0.0288483211098567,-0.9802673705632818,0.10860455997848287,-0.07296226344410896,-0.14818043013145094,32.29999999999973,4.0,-0.0545026278823568,-0.1126736445759347,0.9716599782701218,-0.0890452838168711,-0.2526415131276501,0.0912352099251062,-0.7136863347546581,0.07131967250098008,-0.047190944207582367,0.6952253840903768,32.38599999999997,5.0,0.014073648186686,0.0655280494134969,0.977587851380519,0.3828815376820055,-0.2905749239830759,-0.027562345464442,0.9894713789718599,0.05549934814722191,-0.017946466661896067,0.13245428224528208,32.38599999999997,6.0,0.0591094213477129,0.044112706883577,0.9777403261599382,0.09978862702673,-0.0854707944994321,-0.1063261198519661,0.4270989288945019,0.053176887049827475,0.013653973117323605,0.9025365879780002,32.38599999999997,7.0,0.1311650151190878,0.1467634467410523,0.9604172163749958,0.5803969774605302,-0.389802442387395,0.2149972943539594,-0.9171353503592522,-0.06477540384673677,0.1341350113106229,0.36969540830067504,32.38599999999997,8.0,0.068376085130827,-0.0808748101194879,0.9742227548514346,0.6118615751070821,-0.1930672016979878,0.5558120697815704,0.9807911237441751,-0.034469022085529426,-0.05780105660304582,0.18308384952441045
486,32.38999999999987,0.0,0.0200697950435286,-0.122446144727487,0.9722911832204826,-0.2954873912122715,-0.1293731207779924,-0.1593414241079759,0.9682823211266052,-0.07484682916956546,-0.04739103194535716,0.23362660132803742,32.38999999999987,1.0,0.2111830564434015,-0.0892527461417092,0.952290220456656,-0.0316386696754571,-0.1338949869635142,0.1865980434834722,0.1275781431106127,0.06623949436586456,-0.07165612470202888,0.9870164874911107,32.38999999999987,2.0,0.1982649405521553,-0.105636445839803,0.9544034548649668,-0.0805548775932603,-0.1412186768764048,0.2258251764192672,0.8901055180885388,-0.0019176022175596966,-0.11063920612085228,0.4421170156632934,32.39100000000008,3.0,-0.1129356613013179,-0.1506085094411994,0.9618563371368586,-0.2741953288255871,-0.1254506059811101,-0.1502341100213546,-0.9806913174219286,0.11929353603983735,-0.061160465697446556,-0.14238324911317773,32.39100000000008,4.0,-0.0376052095369228,-0.1198414343150457,0.9719762748323626,-0.1557112627102203,-0.2780409244675726,0.1398811194520372,-0.7190015272958455,0.08217941968415413,-0.04413494655849218,0.6887201559551572,32.41699999999992,5.0,0.0355554131336488,0.0861336074067138,0.9758718226652524,0.2426913390323636,-0.329833237898329,-0.0525512783175246,0.9887334023871479,0.06876927121398903,-0.031883581187611164,0.12907549570419635,32.41699999999992,6.0,0.0638693240475713,0.0511241409675044,0.9762627882163908,0.0804848479007645,-0.0712217816600159,-0.0684127392989142,0.43005140255971197,0.0568215322683484,0.015551783446716332,0.9008802621096368,32.41800000000012,7.0,0.1559780681544498,0.1888977405475696,0.9492362645152308,0.9530180965829,-0.2674013224532335,0.4077474115771502,-0.9190494438116041,-0.1003478177022901,0.16357006163120258,0.3442720875266153,32.41800000000012,8.0,0.0830741419532547,-0.029245301471432,0.9753893577851748,0.7807229512400392,-0.2829273266975815,1.7937516396285305,0.9605778777678231,0.003297366307504771,-0.06298245809963302,0.2707627708718965
487,32.42099999999982,0.0,0.0305307422549287,-0.1447587300113247,0.9685875199809624,-0.4012493052911774,-0.1044873956587312,-0.4196314396582352,0.9711524453814682,-0.09143322017356932,-0.05756733891114201,0.21257679922554001,32.42099999999982,1.0,0.2188729901904874,-0.1007844258973055,0.9498642606507652,-0.0864842443510523,-0.1258620014611113,-0.030762560371383,0.12922228509395875,0.07586258527443798,-0.07608066892401129,0.9857779673976534,32.42099999999982,2.0,0.2047837650915732,-0.1141931046622134,0.9518957634124254,-0.1166357021812562,-0.1461392309182156,-0.073686481474316,0.8907653385531614,-0.0038522258717689816,-0.12070589835038442,0.4381236789897702,32.422000000000025,3.0,-0.1048407941415412,-0.1687272395494502,0.9598106722254102,-0.2395197914423213,-0.0397720764040741,-0.5004031492775688,-0.9830475342131372,0.12967625185726758,-0.052201208227003394,-0.11864505485422715,32.422000000000025,4.0,-0.0251377680173005,-0.1346477527978105,0.9694591663838183,-0.2694801311802398,-0.1277308454574404,-0.4447318702230004,-0.7032738826838227,0.09296726422944389,-0.04807957884568844,0.7031723030769449,32.47499999999991,5.0,0.0579877915126297,0.107866165992818,0.972199725503714,0.3204113087705495,-0.3071297972346786,0.0053488118170153,0.9870088017665216,0.08551766004032414,-0.04403007502487285,0.12869229794337705,32.47499999999991,6.0,0.0697938208639714,0.0553539093432671,0.9761658502988236,0.0232405821090674,-0.0789232959879816,-0.1328575610896808,0.4360623936072595,0.05952692691449012,0.014739843843432979,0.8978245211939222,32.47499999999991,7.0,0.174399459466233,0.2554996860981579,0.9302143510727128,0.6477022405175507,-0.6587202956696943,-0.9956592834558832,-0.8927987000910521,-0.1251565720203534,0.19450414270281843,0.38654165631569815,32.47499999999991,8.0,0.087243734579914,-0.0308549652304575,0.9752361262264524,-0.653540796747876,0.3629821672114658,-1.365412656674,0.9776380543001012,-0.029908505549599833,-0.05431640404688529,0.2009453764870383
488,32.52599999999984,0.0,0.0426272426885457,-0.1719640440943428,0.9633391332856206,-0.4358303378647766,-0.1101816384539021,-0.5679185203039768,0.9744531702909363,-0.10880191299371177,-0.06888399316150991,0.18400586437659472,32.52599999999984,1.0,0.2278496815077642,-0.1088097122515734,0.9472159041931992,-0.1103711100132735,-0.1296531064036365,-0.1934256610372486,0.13895596294845633,0.08552907172232084,-0.08112985905321367,0.9832568149885313,32.527000000000044,2.0,0.2159212733027543,-0.1207310845248335,0.9481260512003532,-0.1964105855652569,-0.1044497621326872,-0.3014473073586501,0.8965003508903276,-0.008833496105657701,-0.1304487133567099,0.4233110244059913,32.527000000000044,3.0,-0.0972990602895971,-0.1888178936200969,0.9564212962474388,-0.2209417632452786,0.0063101192362082,-0.6423102209617376,-0.9853197690060663,0.1394606950105333,-0.04527576495999713,-0.08744010784701756,32.527000000000044,4.0,-0.0138027509435642,-0.1506484773597189,0.9687561717664503,-0.1719277447140849,-0.1485298073373515,-0.5593531668210607,-0.6836511763556546,0.10114366841861834,-0.04727761526491042,0.7212183126496562,32.535,5.0,0.0556597339801528,0.106493330491664,0.97027736476435,0.5320507442814304,-0.1999689096568033,0.1793118608967103,0.9831450922746033,0.10977707900677737,-0.04914113857623507,0.13769483999240006,32.535,6.0,0.069028764980476,0.0505573131345316,0.9780117523291258,-0.0455632167365325,-0.1091815487231277,-0.3144125830228472,0.45046448701457525,0.06149607651583034,0.010528276049125295,0.8906116627999479,32.535,7.0,0.1747674412798581,0.2642837945442203,0.9235282439697226,-0.316335005561361,-0.9959604458351764,-2.5322499980383086,-0.8329530688931326,-0.11346910193771784,0.20909280643469524,0.49959398137309763,32.536,8.0,0.0650231408494698,-0.1118643475588469,0.9735853115671494,-1.977703537838129,0.9018466845526886,-4.686821813251648,0.9893943430030842,-0.12512163006821664,-0.05529532232910235,-0.04884505144933524
489,32.55499999999984,0.0,0.0559491938552054,-0.1965003674764203,0.958702922332348,-0.473522659125341,-0.1430428643277676,-0.506002835749285,0.9757676421169597,-0.12727128174698132,-0.08120772731963638,0.1583819259371754,32.55499999999984,1.0,0.238237630516594,-0.1229662009667898,0.941498882009763,-0.4365799953703531,-0.1065973798850479,-0.2427156968213411,0.152569153589242,0.09117012769260174,-0.10228259179945633,0.9787486565019452,32.55499999999984,2.0,0.2171591689540791,-0.1340225275819513,0.9464511912611864,-0.4645370711915116,0.1321625105452495,-0.4701357784771888,0.9066690563203847,-0.030196342079342714,-0.13493613928736908,0.39853687602322324,32.55499999999984,3.0,-0.088438837433356,-0.2025959892840066,0.9551326803954888,-0.1896900400318865,-0.0734893762028994,-0.5331316757971017,-0.9866091778317712,0.14647128985504398,-0.03597507730889747,-0.062082890388054,32.55499999999984,4.0,0.006148385329363,-0.1571254090089855,0.967023682854562,-0.1279581640433335,-0.2003126403991699,-0.4973068916201164,-0.6660531027467761,0.10952869026267995,-0.04331984448422298,0.736546075547618,32.596000000000004,5.0,0.0733939069594595,0.1228246259262309,0.9693897284824652,0.1547429757454341,-0.226176649266161,-0.1119479946295749,0.9830201959162778,0.11499224092354106,-0.05648843292474316,0.1313664184402246,32.596000000000004,6.0,0.0717876931642433,0.0553947320113377,0.9760148312272456,-0.0168764846301419,-0.0104751652876496,-0.0823412339306338,0.4542419173326485,0.05993222346574695,0.00960744528382361,0.8888082504812438,32.596000000000004,7.0,0.1946965426507911,0.2651339796547663,0.9231994525086412,-0.2427323957277131,-0.2444980104916143,-1.3002617288541485,-0.8000336439440272,-0.10667823789432211,0.2005590385884492,0.5552855068862151,32.59699999999975,8.0,0.0561014124779357,-0.0667875439440741,0.9751615535345406,-0.1301425740594879,0.3925309765586716,-0.5641536867584951,0.9889016720624223,-0.12010007447119775,-0.036118818676362074,-0.0796547929605149
490,32.64399999999978,0.0,0.0758271772570608,-0.2201058878388812,0.9515863793307908,-0.4373249267611207,-0.1316860163801864,-0.3482916855655765,0.9753177146182113,-0.1439156861777446,-0.09112577562143646,0.14049812753659632,32.64399999999978,1.0,0.2456781665137634,-0.1557036152473007,0.9360307808493032,-0.639179965398162,3.2288591347746486e-05,-0.400831681827468,0.17544140605351577,0.08983771876367443,-0.1315940476692525,0.9715104240034313,32.64499999999998,2.0,0.2036551235351227,-0.1614411796108464,0.9450880044650614,-0.583166729870285,0.3798888880142712,-0.5795368028503073,0.9191702996383895,-0.060991703128127545,-0.13018131502208885,0.36668623867186984,32.64499999999998,3.0,-0.0662446093909269,-0.2137032436110316,0.9541103580806404,-0.1898178179046033,-0.0892815483101461,-0.5374401461911869,-0.9872087890890621,0.15300369275379103,-0.02596517339174834,-0.03653062440949433,32.64499999999998,4.0,0.0226618522123488,-0.157677593437715,0.967046129707366,-0.0725454067961222,-0.1993010333148557,-0.4637822930678454,-0.6495679993005634,0.11562864249194735,-0.03763795050754345,0.7505163662450836,32.66100000000006,5.0,0.0914944301456494,0.1430254634520333,0.9647748369731944,0.1624001172521885,-0.356150830065937,-0.8667647664796686,0.9862897617047577,0.1240522052834909,-0.06557857220345611,0.08685048755436564,32.66100000000006,6.0,0.0657418539631932,0.057246371839626,0.9761536055092362,0.0598044027225636,0.1507635698657872,-0.223661251763342,0.4640231548937556,0.05283703687835004,0.016483151294829933,0.8840922265124568,32.66100000000006,7.0,0.1749575847287727,0.2413129299977049,0.9334430423768756,-0.925983433011046,-0.0880783376721984,-1.03606683231214,-0.7760152907100843,-0.0732728120588532,0.16877811625099584,0.6032788004495906,32.66199999999981,8.0,0.0330027157797936,-0.0188621705021143,0.9787124395220014,0.8899218151770271,0.2507586914433437,-1.0711667801753144,0.9888861181422753,-0.062052060223965755,-0.028475121718189937,-0.13207177825181923
491,32.721000000000004,0.0,0.089712917401733,-0.241928964584674,0.9454268710726692,-0.4490316062915624,-0.0366980036760456,-0.3187489139315067,0.9744676597398927,-0.16132067379461024,-0.09586653342300283,0.12328028267718286,32.721000000000004,1.0,0.2445512980658639,-0.1835832609160104,0.930603486413921,-0.5716640025437703,0.1276983933665351,-0.3415033781028653,0.19590962873405462,0.08209092104039582,-0.15529433541337345,0.9647611971055547,32.721000000000004,2.0,0.1866869789231531,-0.1927998739572023,0.9413847143982276,-0.480715435573732,0.3101282600443797,-0.1741463855136345,0.9226758456261075,-0.08726961109406166,-0.12500721160256467,0.3541560333031052,32.72199999999975,3.0,-0.047386466815477,-0.2223881166055908,0.953139049853359,-0.2028102610079194,0.0104475524898142,-0.6931238168436715,-0.9869024195615549,0.16005911973739995,-0.019963065995555352,-0.0024836361437786366,32.72199999999975,4.0,0.0368491080404542,-0.1626438811190841,0.9660176557243372,-0.1646114312560817,-0.0315676332560377,-0.9185091443431428,-0.6149070750930172,0.11904913385435563,-0.03851631584373521,0.7786097136196695,32.69900000000007,5.0,0.1038563351295649,0.1563713005237088,0.9616012052956148,-0.0505789266739773,-0.2619482315137276,-0.8752168268817848,0.9891410430061648,0.12148038701470001,-0.07141254980380043,0.04174638118394012,32.69999999999982,6.0,0.0506022470262698,0.0649957178656475,0.9770138019777518,-0.0060599533127704,0.1856648039975364,-1.1993899763413731,0.5174602281646077,0.04203921429232815,0.02371326998605857,0.8543449523208316,32.69999999999982,7.0,0.1815892771342274,0.1703303297532458,0.9480885576759268,-1.192609337340098,-0.2444715134398597,-0.0761066815775271,-0.7768971714666886,-0.014154087060309059,0.1380037432132795,0.6141542262703,32.69999999999982,8.0,0.0378300277401143,-0.0151441909749051,0.9796471520302082,-0.5208109150394098,-0.3207205421960276,-1.1210957776660382,0.9779446721666003,-0.08281322769279634,-0.04430271228600379,-0.1865568470578494
492,32.779999999999745,0.0,0.0958451350667276,-0.2677330411127391,0.9378409933355254,-0.4149663862404845,0.1007361281007631,-0.3355276468606449,0.9741075005918333,-0.17744580821545686,-0.09354430886204694,0.10429297539631867,32.779999999999745,1.0,0.2363507724853017,-0.209551164708542,0.9278796375149604,-0.42177862684072,0.2322261954533493,0.048550047817851,0.19763152990453584,0.0679176346763791,-0.1711327296239772,0.9628304950192454,32.779999999999745,2.0,0.169442660376278,-0.2142491727987417,0.9406356769757694,-0.2803483878712071,0.3622931617449758,0.1682317127770629,0.9207940681004778,-0.10610500110640396,-0.11198491809771603,0.3582448757621387,32.779999999999745,3.0,-0.0383140215706041,-0.233797501787555,0.9512637719943852,-0.1588348512220836,0.0288240343458698,-0.5750537426971195,-0.9859092109587814,0.16443425495775635,-0.01656418211968556,0.02588496501497982,32.779999999999745,4.0,0.0455550997284533,-0.1722021255186021,0.9640566170384426,-0.2629138673214442,0.0185587153344952,-0.8446961905737453,-0.5811870224250745,0.12311559852941256,-0.04555457053531831,0.8031120566065256,32.79100000000017,5.0,0.1036218746279844,0.1554840872914046,0.9619985476588524,-0.154005936924738,-0.1002197975660027,-1.0692849405438187,0.9910807424824984,0.1137340074020412,-0.06834287437977779,-0.012360783232547622,32.79100000000017,6.0,0.0296844945918943,0.0593136408565546,0.9774158392358718,0.0152294421629503,0.1369521966962187,-1.1487502305632444,0.5667700751774806,0.03388653421559038,0.029683362487169157,0.8226434723947088,32.79100000000017,7.0,0.1916137089287018,0.112099799362862,0.9549962416331242,-0.6195220530156285,-0.1276212166420396,0.2133917636590278,-0.7834458580382444,0.018486494090363792,0.12124331591835555,0.6092379628717236,32.79100000000017,8.0,0.041470102733555,-0.011840565218802,0.9787328703964976,0.2049554302425928,0.1868037748245861,1.908478023969116,0.9931255808789502,-0.06739074433854218,-0.0277849370582503,-0.09158638247039837
493,32.85699999999997,0.0,0.0917681793167812,-0.2912968304551179,0.9311233848592168,-0.4503656247450568,0.2092760895497433,-0.290271741332152,0.9730890426150199,-0.19575269719460886,-0.08551931321469944,0.08640048466823502,32.858999999999924,1.0,0.2214740803106416,-0.2318629588656606,0.926186158424221,-0.3527390599004449,0.2176600597572013,-0.0908557794720621,0.20570941244557706,0.056568752885114156,-0.18266965909984345,0.9597475759139303,32.86000000000013,2.0,0.1514211393324232,-0.2345007026804274,0.938165795052056,-0.3817428529735717,0.0984251335148256,0.2256029503772997,0.9154318647741928,-0.12447396383376039,-0.11335609820132922,0.3655695943102027,32.86000000000013,3.0,-0.0356833306275031,-0.2466219128872731,0.948163135752045,-0.2009774920924633,0.1151556688273466,-0.5091794651846773,-0.9837861866152184,0.17074854263517913,-0.018629562228348946,0.051600519612005895,32.86099999999988,4.0,0.0511966789047172,-0.1847330214144847,0.960430429999072,-0.2368465674466618,0.0665328662113916,-0.5304372255929554,-0.5589910695588276,0.12374247098897512,-0.055105732053515065,0.8180343167140771,32.858999999999924,5.0,0.0989896140809616,0.1515739885693329,0.9631180521064312,-0.1380307856438056,-0.2075938656567212,-1.3738439999076375,0.9884046301706304,0.10754293347885995,-0.06930227707160688,-0.08178018652895908,32.86000000000013,6.0,0.0206157357903191,0.0620911005989871,0.9776240006588578,0.0193315293579119,0.0557722290032873,0.2841744870680286,0.5550083368913112,0.03184292078264447,0.0306200151655596,0.8306709270513998,32.86000000000013,7.0,0.1975748791688163,0.0855888254077655,0.9557916719069832,0.07630129705456,-0.0267462159870278,0.6721408386102399,-0.8039088058085845,0.021232509465865197,0.1224849955564681,0.5816160575059198,32.86000000000013,8.0,0.0499890942747898,0.0164828431905873,0.9782731757203303,0.4611538764667869,-0.2313676756516322,0.9007348829668542,0.9974217877877852,-0.039265254455581086,-0.03945460333618655,-0.04529184600279614
494,32.97400000000016,0.0,0.0860603125484945,-0.3077322785366914,0.925995392726482,-0.2488570553514199,0.272778496153258,-0.5343042486148056,0.9746572859005824,-0.2025807053421667,-0.07599768451207156,0.05682063720853553,32.97400000000016,1.0,0.2206202022799446,-0.2483606410128583,0.9219320573348332,-0.3338622092524571,0.0424610937111089,-0.5017702424718885,0.23197849687675856,0.05807910774425682,-0.1936470094066845,0.9514797054999535,32.97400000000016,2.0,0.1412978819339054,-0.2466092326924144,0.9372154474355672,-0.1646775098935997,0.3948388651630362,-0.9083448444563024,0.9328630784200349,-0.13077261296345957,-0.10393118149282539,0.31916032042362397,32.97400000000016,3.0,-0.0299130614824036,-0.2567736805971683,0.9450573981009478,-0.0745341989223861,0.0681267684165353,-0.5310501833219432,-0.9820534228039458,0.17074185429945338,-0.017977005601982763,0.0780712573167938,32.97400000000016,4.0,0.0516807743825565,-0.2011792008912258,0.9570705442588792,-0.2280010259001455,0.2132123521370347,-0.9958754655100052,-0.5171799021470505,0.11947608994169163,-0.06533977163960909,0.8449740392399615,32.96900000000005,5.0,0.1082541351750073,0.1593941860134763,0.9608790432112736,0.1049042009357716,-0.1098209294122393,-0.0792122608333672,0.9875080445580202,0.10949642735249869,-0.07398809082124795,-0.085814665103704,32.96900000000005,6.0,0.0196830219404179,0.0600965814324516,0.9780137931273905,0.0034089213582753,-0.0093808277782748,0.3013485530044377,0.5425431546968429,0.03215870354988266,0.028955757023823258,0.8389125742368901,32.96900000000005,7.0,0.2019953957127373,0.0805697590561937,0.9552739785195036,-0.4444209747383574,-0.2348797045128488,-0.3484944360513142,-0.7919196548162721,0.044100048774969904,0.11820211749380313,0.597450169833186,32.96900000000005,8.0,0.0565068948555396,0.033404834872075,0.9778676228615788,-0.2174608241219584,0.1625533635037496,-1.2783388057120555,0.9925756709681204,-0.04163848078047875,-0.03250448526023052,-0.10955926596343464
495,33.103999999999814,0.0,0.0735354626061013,-0.3232923372944442,0.9225294577334656,0.0863328060995332,0.2526541355551912,-0.3443483992980747,0.9781847714557017,-0.19394281936169008,-0.06394433865950383,0.03810324479088505,33.103999999999814,1.0,0.2138431282317703,-0.2448907066185707,0.9239397482086738,0.0986895253328853,0.2437918325984399,-0.5560874246079689,0.2614118392308157,0.0551724157956509,-0.17999283593150153,0.9466902523310196,33.103999999999814,2.0,0.1405598050561473,-0.237872118322624,0.9389812546197528,0.1719781352895488,0.2112680138429674,-0.6670533775817081,0.9458329068510043,-0.1186870182686469,-0.09552252938550931,0.2866861531223158,33.103999999999814,3.0,-0.0382280085926377,-0.2447555285729799,0.9479600996835272,0.3279992762638006,0.1786025481522891,-0.7128820578457842,-0.9818416145834719,0.14978995232903242,-0.02122579133875819,0.11445295905056815,33.10500000000002,4.0,0.0256736379181924,-0.1800532484525114,0.963013858694538,0.3627395998635635,0.4375902889925372,-0.7016290785333522,-0.48924870229248135,0.08858361224533289,-0.05808656556756829,0.8656873580267048,33.0329999999999,5.0,0.1089043432527934,0.1581428089445941,0.960985273560314,-0.0678275646900379,0.0262381862704564,-0.2089685916301686,0.9874629187645055,0.10368586738939531,-0.0701726737793664,-0.09613542959516358,33.034000000000106,6.0,0.0207120692406711,0.0591299388502368,0.9780954250579732,-0.0204030242456164,-0.0616478611643574,0.0745377221956921,0.5395598726664796,0.03361656265013292,0.02537653250884969,0.8408930384546831,33.034000000000106,7.0,0.2001614625928574,0.1030107050492281,0.9538454715193384,0.0720179349969981,0.1145693399018557,-0.6293101128354587,-0.7738314192006429,0.031787669266697405,0.11650428684622434,0.6217726512857916,33.034000000000106,8.0,0.0484994366619026,0.0313854321156476,0.9769717290149148,0.0849161538624251,0.0377846466261844,0.33506517070597,0.9946936842155097,-0.03226600002787614,-0.02993557572854246,-0.09299054322767195
496,33.17000000000007,0.0,0.0654929214336506,-0.3112910578400999,0.927143222242862,0.2588603774867617,0.2077651604650179,-0.1678469843175571,0.9822808181813361,-0.1776008152679888,-0.052385185077086116,0.02895059642892226,33.17000000000007,1.0,0.2077360529175241,-0.2312069928557711,0.928985499764576,0.139263584359407,0.2193584631306118,-0.446009763306368,0.2848273542840152,0.05247864762322158,-0.16561131148410366,0.9427047593513682,33.17099999999982,2.0,0.1438172922530447,-0.2222930848580235,0.942542503483692,0.1305103719605198,0.1077907485944987,-0.8021969525113438,0.9583358202882074,-0.10703024247209211,-0.09356295515449858,0.2477558398335972,33.17099999999982,3.0,-0.03490383030372,-0.2130998829276225,0.9559519666418196,0.4915310313668622,0.1360660615281148,-0.5651568149202042,-0.98198880425317,0.1210589603138389,-0.02254571321378047,0.1432983156385435,33.17099999999982,4.0,0.0050464304362017,-0.1538223346713128,0.9679593084919008,0.357272055095759,0.4504096168609601,-0.9047967861022076,-0.4511913551440039,0.059046385093317576,-0.050858643155453076,0.8890181572201523,33.06899999999996,5.0,0.0968300721974139,0.1495972018710174,0.9624633054359036,-0.1143924014298014,0.2279254070433995,-0.0224210467946121,0.9890697917154022,0.095986779496117,-0.056901403498379494,-0.09638317051191819,33.06899999999996,6.0,0.027851178042209,0.0543375486072334,0.9783525656393086,-0.1444337736438949,-0.0731450275112935,0.5141407739992767,0.518371505548903,0.03296363020080095,0.015591973629161903,0.8543777101945579,33.070000000000164,7.0,0.1902850981417285,0.1012679416361128,0.9559478989055716,0.0651652512889338,0.088971919040908,0.3876751591440112,-0.7864996252632055,0.027610474992061554,0.11369308636649123,0.6064073575114436,33.070000000000164,8.0,0.0452829757750367,0.0241511747474418,0.9784948507086154,-0.2151487124066774,0.0929655918671697,-0.044760104707027,0.9943806716990137,-0.0382342974594833,-0.023826106027586797,-0.09579945156816023
497,33.21399999999994,0.0,0.0566395669559064,-0.2934899952937279,0.9325966878117974,0.270693511853631,0.1658120208881798,-0.1520319916918744,0.985725238108569,-0.16137535276926052,-0.04320439463462849,0.020907672243869684,33.21399999999994,1.0,0.2077954320929306,-0.2152854943148085,0.933047809246097,0.2346922454277761,0.00879840850919,-0.1514251121005876,0.29198643352338294,0.05852294157260466,-0.15122428318977862,0.94257636514063,33.21399999999994,2.0,0.1465433145683,-0.2096159281707723,0.9466484139385868,0.199426555735919,-0.1274959188861402,0.0575044662144821,0.9582391017335072,-0.09403471373242073,-0.0975347055929092,0.25183780043338877,33.21399999999994,3.0,-0.0371778952039689,-0.1932085231432198,0.9604422266294932,0.272573981474598,0.0934386154582555,-0.0334520361376841,-0.9834697359313386,0.10443462611794838,-0.02604991007804147,0.1456093731861844,33.215000000000146,4.0,-0.0111222898942773,-0.1410602205529728,0.9701274704104892,0.1665210337797919,0.2485098403449712,0.0685103266773696,-0.4544155358891604,0.04092189907587542,-0.050848234910094506,0.8883953939125974,33.133,5.0,-0.2969881491529449,0.1754146033660542,1.0318511308268443,1.3724250580829849,1.7460698120906266,3.678969744720665,0.9821638420592096,0.1593375237591847,0.012593052031706794,0.09903108559593679,33.134,6.0,0.2458504853852814,-0.4091757395023531,0.9369070140833208,4.750839317823319,1.968607235981911,-5.731976161708223,0.7485921662787572,0.11442741634534737,0.2972734138282171,0.5815020656932558,33.19900000000007,7.0,0.184020050113367,0.101595062851991,0.9572293687305952,-0.051604856594752,0.1418276952277364,-0.4887084666255667,-0.7723799820463759,0.02141768639224514,0.10647409683826456,0.6258064499077325,33.135,8.0,0.0235076618398015,-0.1386689800863055,0.9608190796381229,-0.6097697449983557,0.2447063546477909,6.492091003324592,0.9714054669736188,-0.07543342972877659,0.018356097683678723,0.22437528850331642
498,33.26299999999992,0.0,0.0502278295364945,-0.2748221762687248,0.9391847190893678,0.3155281928409078,0.1490621488638076,-0.1661891088140147,0.9889435431150394,-0.14350603865399109,-0.03527933046083899,0.012331027659779116,33.26299999999992,1.0,0.2093372444689397,-0.1944855850955333,0.9371692884789808,0.3330472245414168,-0.0001270858607221,-0.1452919009636403,0.2983312508448187,0.06607311617002085,-0.13276355458929223,0.9428714900036828,33.26299999999992,2.0,0.1533882017817518,-0.1903657638364033,0.949401356388932,0.3308297693150402,-0.1070696440965178,-0.0313383307063812,0.9597139381909885,-0.07472330842816993,-0.09894740977416075,0.2521408219992878,33.26299999999992,3.0,-0.0456893495791837,-0.1760953463967426,0.9633908408908828,0.269518151897007,0.1343000589346502,0.0262993876433993,-0.9849457081502017,0.08827755049378996,-0.031829273940338354,0.14517549171862684,33.264000000000124,4.0,-0.0285754374072419,-0.1287230055772734,0.9712141021485108,0.2028942893735651,0.2705226929787425,-0.0156099568671449,-0.45366915710047406,0.02196388023251552,-0.049388993273583655,0.8895294324553287,33.197999999999865,5.0,0.0840268767859011,0.1432336597731863,0.9658667623878492,-0.0388114221807663,0.1058307703927065,-0.1981732728031331,0.984592290152362,0.1486708830440935,0.014362270560919361,0.09093247985044219,33.19900000000007,6.0,0.0343644800633803,0.0334137149570923,0.9792301088930732,-0.3334359260086159,-0.0685038753845849,0.3175746285954307,0.7489807998194611,0.10057517124554467,0.2562155464022338,0.6027155134991422,33.28699999999981,7.0,0.1651755930670015,0.1075511001786645,0.958782448893034,-0.0033386466881244,0.1873361368113596,-0.3974190142606042,-0.7609056578130781,0.012489163490381008,0.098915100769991,0.6411570818005682,33.19900000000007,8.0,0.0403357438083219,0.0237066096886594,0.9790669151945124,-0.051655116833263,0.0813436963222411,-0.0982389161166699,0.9729697856201655,-0.06983215712196789,0.017838665318348452,0.21939701028410197
499,33.30600000000004,0.0,0.044640832034006,-0.2552473029508747,0.945067727970655,0.3471728457751726,0.1198740599439323,-0.1310750919593403,0.9917374484196348,-0.12486036975029895,-0.028882231814155276,0.005704222415406727,33.30600000000004,1.0,0.2081871808609462,-0.1720605337113713,0.9423456215551328,0.3057355870376115,0.1003206544984761,-0.3566702825639768,0.3151423010422796,0.06949069266707329,-0.11399091333278426,0.9396076018232214,33.30600000000004,2.0,0.159933612495114,-0.1650174466748161,0.951304095380224,0.3054937225171434,0.0101638166197566,-0.5251294114502437,0.9672773939517003,-0.05610661817545478,-0.09625345355906136,0.22795122992621605,33.30600000000004,3.0,-0.0568820280119276,-0.1580821559365944,0.9638897586672912,0.2652638895364884,0.1855062007469048,-0.0900886112255113,-0.9851061089936006,0.07276923887220973,-0.039582238796234126,0.15067792893893123,33.30600000000004,4.0,-0.0442485995909569,-0.11383803824785,0.972884352059442,0.2083703432284971,0.2227529524172391,0.0290904576182785,-0.4547591788382602,0.005687626680874506,-0.04646631383521113,0.8893832817428367,33.28600000000006,5.0,0.0751031630473467,0.1441267090929363,0.9651119140422648,0.0065380553981229,0.171157335685768,-0.0035856631695373,0.98546987549237,0.14114260468774215,0.018331575792973776,0.09269219475208736,33.28699999999981,6.0,0.0389018165027585,0.0071956196445292,0.9790750082249658,-0.3844923875024498,-0.0920725693848255,0.2288352167295316,0.750415855201742,0.08400383162932568,0.2152969232124154,0.6192468291309184,33.30099999999993,7.0,0.1488115393137303,0.111326332182973,0.9620938486082136,0.087872561408959,0.2607909845816057,0.0414705958753785,-0.763560356190557,0.0002868923859332607,0.09138856016117432,0.6392367567799712,33.28699999999981,8.0,0.0365967735281127,0.0202402635528815,0.9789994933086748,-0.0660722137732653,0.0408772480471419,-0.1201249185269727,0.9746389753574689,-0.06525573062983502,0.015346885617280162,0.21350651146032962
500,33.365999999999985,0.0,0.0378376682062279,-0.2338701954107152,0.9504283468853764,0.2897889909308216,0.1226324790900618,-0.0136903833203373,0.9936796355795077,-0.10998920205456818,-0.02191787333138668,0.004771173294414176,33.365999999999985,1.0,0.2049502037715698,-0.149805840627805,0.9462508251451032,0.2611255130552493,0.1061910791640388,-0.1949686677060284,0.32416388653819045,0.07044977366934356,-0.0986062535548851,0.9382064862354466,33.365999999999985,2.0,0.1637225645736535,-0.1465365364328663,0.954320682653208,0.2461102416885576,-0.0229589117686908,-0.1840316989984584,0.969854182790556,-0.042811488762754174,-0.09523525774354616,0.2201823931110292,33.365999999999985,3.0,-0.064405567620317,-0.1466200009305789,0.9665384100937852,0.1894566501757295,0.0850666314720973,0.2281446814324126,-0.9872494902007496,0.06196439244332414,-0.04349056964199282,0.14002652791419512,33.365999999999985,4.0,-0.0567572052475458,-0.1058109935884217,0.9725660148742188,0.1697498233123504,0.1595413767856899,0.3408857141724907,-0.4696618883003894,-0.006857454206126325,-0.04406127075735728,0.8817195077909814,33.30099999999993,5.0,0.0579425695916512,0.1410751506074613,0.9683059746331212,-0.0542587501831238,0.2838176234485929,0.1545536170577669,0.9857012077990052,0.1306966177685184,0.027007950412470554,0.10286930378868904,33.30099999999993,6.0,0.0473947863925631,-0.0179537764156425,0.978460727947331,-0.2850396210906363,-0.0967223478686871,0.0960052600928921,0.7536272484934788,0.07015341684440936,0.17988235580482764,0.6283047083249562,33.39599999999973,7.0,0.1311401999621105,0.1134862159516074,0.9641084621259596,0.0421517586817825,0.3033160356286842,0.1187080458244608,-0.7687295044400416,-0.010657591317529972,0.08088369605699763,0.6343494245783121,33.30099999999993,8.0,0.0341649602211776,0.013914856719783,0.9792742885706502,-0.0812879578632952,0.0432682616345563,0.1788027542397645,0.9729384175109407,-0.06200004006429296,0.01407479348657673,0.22214574259175598
501,33.45399999999972,0.0,0.0308993867051177,-0.2138256041604617,0.9553349354580628,0.3213309573874621,0.1213258533075612,0.0403408655958104,0.9954341859157153,-0.09402833006145506,-0.015065373113688166,0.0065183731955534546,33.45399999999972,1.0,0.201220967967293,-0.1304813573393322,0.9505702169946156,0.1902369135319025,0.0653418839089,-0.159887611633678,0.3313886143298327,0.07186488946299671,-0.08789346899372306,0.936638543976957,33.45499999999993,2.0,0.1658717266654061,-0.1311177866458707,0.9559464923928142,0.1781082235237296,-0.0007746694016008,-0.1885896514290534,0.9721976813027912,-0.03364411802763633,-0.09390347763182072,0.2118534367912615,33.45499999999993,3.0,-0.0699557568149592,-0.1303676551366211,0.9687871110737516,0.2521617418997166,0.0183814986551987,0.18745078234839,-0.9891924605557496,0.04885491341371059,-0.04321817316594762,0.1313151283104839,33.45499999999993,4.0,-0.0648053645255982,-0.0856479397685232,0.9742025945059436,0.4182270861208496,0.0703855995417444,0.2802808018920178,-0.4817813626953922,-0.020824015901723072,-0.028052028981116073,0.8755947479234548,33.39599999999973,5.0,0.0454929529613255,0.1410030029371946,0.9683488753510028,0.1004283476175414,0.1901826677011347,0.1272412144046255,0.9848974427653743,0.12923906622511644,0.03185051993413925,0.11072414088811608,33.39599999999973,6.0,0.0487557496966489,-0.0361775896937603,0.9782597093182708,-0.2179682050812603,0.0292650026548112,-0.6601758105047051,0.7778689301940026,0.04787913994469367,0.1553544333366457,0.6070358436201638,33.46,7.0,0.1282816623030078,0.1062298841907297,0.963690835704896,-0.207655882203458,0.3557415783238575,-0.4593649828301868,-0.7556793184594662,-0.01491387417188522,0.060953270861832595,0.6519287098917073,33.396999999999935,8.0,0.0326166897809417,0.0086610208014667,0.9792824609204488,-0.0497942566067063,0.0299433317660948,0.0777453821497003,0.972364233027396,-0.05773918219794055,0.012284855819723347,0.22588286231063576
502,33.53099999999995,0.0,0.0208252236982072,-0.1964579198534055,0.9602211181726804,0.2672585510387143,0.1383959396272061,0.0978233803695474,0.996587584147339,-0.08148083040080661,-0.007314085624005208,0.010980234608162838,33.53099999999995,1.0,0.1974087603203238,-0.1172546015884193,0.9526962473711827,0.1463698387391936,0.1058548836367998,-0.2536698690203562,0.34323205957023545,0.07090355655657972,-0.07860935651499233,0.9332657756604499,33.53099999999995,2.0,0.1650957339569339,-0.1166540624537266,0.9588097977921708,0.1410699541604141,0.0867932522091202,-0.4570674247267197,0.9773934548257184,-0.02619317756272229,-0.08890651578712544,0.1900304800909787,33.53099999999995,3.0,-0.0698216898424682,-0.1133090502671337,0.9712337467134792,0.2412337397356611,0.052444628792049,-0.1876967008280028,-0.9883004593744033,0.03737589322985426,-0.04385055194284111,0.14121746952810835,33.53200000000015,4.0,-0.0770705587874134,-0.064897960795149,0.9741444367509506,0.2109078456076192,0.2995511936369041,-0.6637994455602273,-0.4521963693657294,-0.0376174278120689,-0.02882728333871143,0.8906583859104266,33.52399999999989,5.0,0.0382726315288536,0.1396765601543228,0.9686767594090984,-0.2428661732652686,0.0405350284163215,0.1255367185281304,0.9863363769191057,0.11165543776736021,0.027520426080873375,0.11796711800920648,33.52500000000009,6.0,0.0299544000858333,0.0038916711829106,0.9792413332835282,0.2063343136843825,0.2840260163073021,-0.4927845443804695,0.7920808902932556,0.03984977053492185,0.15753971956339483,0.5883885585057248,33.52500000000009,7.0,0.1101508236114098,0.1126271767017387,0.9670594165437424,0.0233694997181446,0.2530301469957444,-0.1427856598258746,-0.7517409011446926,-0.023670095478720628,0.0539698867591612,0.6568200632208162,33.52500000000009,8.0,0.0309625158140622,0.0043898427861761,0.97913842325525,-0.0609520330524002,0.061719899928849,0.0257779606240694,0.9722618777384942,-0.055064087532457076,0.01196027247186731,0.2270060334947814
503,33.5920000000001,0.0,0.01090021224156,-0.1848457627030325,0.9621321267808404,0.1396288565576011,0.0925150627074546,0.2420133182026678,0.9968494693313698,-0.07597423738099912,-0.0016395675817461102,0.02272361252721664,33.59299999999985,1.0,0.1884320690030471,-0.1092293152341516,0.955344603828749,0.0814015022659792,0.1257091878855244,0.0468168806226166,0.3411930720355609,0.06630415590801178,-0.07356186167924089,0.9347618407971876,33.59299999999985,2.0,0.1604549575084942,-0.1092180288588249,0.9608515123488852,0.0795961293456523,0.0980841600257013,-0.0278224864324605,0.9781070566787414,-0.024406050539602972,-0.08364330849575435,0.1889834048698228,33.59299999999985,3.0,-0.0741717418816531,-0.1003390157316921,0.972595822851526,0.2401495558506866,0.0975154990628939,-0.1646788379799001,-0.9872268704333168,0.025989672211463,-0.046843928450760415,0.1500442921276243,33.59299999999985,4.0,-0.0832785617154499,-0.0494794330691984,0.975459618262979,0.2114171054066008,0.234068186077477,-0.2855875247768762,-0.4387293455790838,-0.05118617351982261,-0.026581917102498284,0.8967663790817001,33.590999999999894,5.0,0.0286631276309723,0.0959422637240643,0.9735725484759274,-0.4976683451036957,0.2312659633287835,0.2253619519819216,0.9876331298727897,0.07987955017229825,0.03150544152916987,0.13117722895381212,33.590999999999894,6.0,0.0229187269504665,0.0078560922162142,0.9801260193312183,0.0319335547687569,0.053577329959353,0.3644411127826654,0.7828331760475826,0.03963312795955561,0.14394247206435365,0.6040546319526062,33.590999999999894,7.0,0.0988151704380572,0.1187017750665308,0.9678354460792148,0.080223055325435,0.170231275847461,0.0905215278711828,-0.7550717179005535,-0.030938056737820165,0.05273512855740947,0.6527852201819738,33.590999999999894,8.0,0.0242552063538241,0.0006567576151287,0.9794142400609502,-0.0605060562612884,0.0953772829300584,0.1991844984866357,0.9700865297506902,-0.05317358739910432,0.014049844599670605,0.23644723780602364
504,33.61999999999989,0.0,0.0050523710654619,-0.1772595778732087,0.963632977641814,0.1114891936413819,0.0330102353380113,0.2612681799048196,0.9967726058287695,-0.07194770522940294,0.0007725075686783858,0.03559920242932147,33.61999999999989,1.0,0.1892147715246946,-0.1037412461262153,0.9564708694409032,0.1163181334196762,-0.0667265096355148,0.3720013518241438,0.32317096535737877,0.07062327780957332,-0.0714827254894474,0.9409904886543816,33.61999999999989,2.0,0.161117202724824,-0.1065019235839079,0.9612807015950416,0.1231771953991783,-0.1073757712623443,0.5610303317277424,0.9720056877585604,-0.021075542642501152,-0.08785349239103506,0.21689289601559264,33.61999999999989,3.0,-0.0786922493804384,-0.0871705879364758,0.9729927124527996,0.1583125999139391,0.0311001495046884,0.2066391905230147,-0.9888041260131036,0.018644285431438423,-0.04734765957966681,0.14027469526803912,33.61999999999989,4.0,-0.0933398461909426,-0.0353356027711697,0.9735302092333084,0.1542430454464186,0.0934798458679321,0.412204864341903,-0.4566906834052983,-0.0578063926264984,-0.021656414424622603,0.8874812901557879,33.68899999999985,5.0,0.0212232048467877,0.1049071814836701,0.9740996144384738,0.109954311786246,0.1297983190016082,0.0033029175927021,0.9872430582467404,0.08194090589348837,0.03511780287644667,0.13192259778411164,33.68899999999985,6.0,0.0168657855335971,0.0075745395054519,0.9795943913832984,-0.0121697909301403,0.0724391482919647,-0.2566638891669477,0.7917535112589758,0.03196402414076944,0.1322628728439907,0.5954924105619364,33.68899999999985,7.0,0.0845996544169771,0.1083035321793702,0.970442292663505,-0.1721823606753996,0.1757709253236321,0.0682194608021259,-0.7580900503599225,-0.028245438151035026,0.04217582137596839,0.6501714165204502,33.690000000000055,8.0,0.0196326932069156,-0.0038811594354313,0.9796134410872892,-0.0352423458687203,0.0418130998860473,-0.0632941984445178,0.9710248123433624,-0.050075451153813434,0.013082912829909006,0.23330688030395677
505,33.69599999999991,0.0,0.0002948629490747,-0.1683369186323507,0.965291973902822,0.1486288788668016,0.0176534997085117,0.1007749686049089,0.9969959212340173,-0.06598613571544491,0.001852370785072379,0.04051581985534345,33.69599999999991,1.0,0.1923871098899546,-0.0975242929943072,0.9559363013423808,0.1805534167921414,-0.0677966349853089,0.1664517108549141,0.31443797272924884,0.07672014929317092,-0.06548345956105567,0.9439039657307672,33.69599999999991,2.0,0.1662136123934777,-0.0995828607567529,0.9608893218777133,0.1781702921509979,-0.0770336769797868,0.1662259711494815,0.9698883678360598,-0.013338174763839354,-0.09018538005877177,0.2258434064876099,33.69700000000012,3.0,-0.0777146712953422,-0.0804612430101891,0.973163099505274,0.0409941587307125,-0.0904951969755054,0.2962140618399939,-0.9909888037765786,0.018194578954786846,-0.04261979661594614,0.1256729924149941,33.69700000000012,4.0,-0.09759685416933,-0.0322103818990061,0.9745841910036148,-0.0326267569561258,0.035393645508592,0.3262927604729775,-0.4711814528628651,-0.05684026122372928,-0.02457027392268876,0.8798599461399649,33.73999999999978,5.0,0.0127024672587434,0.1060834928385628,0.9742150377984888,-0.057738031897636,0.1220267749082206,-0.1182714407899434,0.9883276682407305,0.07534351645178898,0.037790248578604545,0.1269002436202822,33.740999999999985,6.0,0.0130064855335227,0.0035446785043103,0.9805249953919418,-0.0434329307470783,0.0335110307016843,-0.203798334007453,0.7990902479207376,0.025210593518585962,0.11910790009749159,0.5887550507526714,33.740999999999985,7.0,0.076719824574164,0.1018200038883673,0.9718105552655224,-0.0569160253970356,0.0983705571262653,0.0945979968595129,-0.7614915127984163,-0.02766020846720614,0.03886659153555951,0.6464170301484469,33.740999999999985,8.0,0.0167702575535304,-0.0051305563737264,0.980108889793825,-0.0268590795142845,0.0350146512480201,-0.0052314736317898,0.9712701904095447,-0.046852504210854594,0.012261181357515718,0.23299940665739224
506,33.80400000000009,0.0,-0.0022866212517676,-0.1589769230310487,0.9672223680761476,0.0983139373095611,0.0034423594057913,-0.0105300915307168,0.9972359422927342,-0.06262846726802991,0.0017940738643842445,0.039936597077730326,33.80400000000009,1.0,0.1907745195120878,-0.0888528892033747,0.957421666135222,0.0913902522523911,0.0422059060968895,-0.0794945782810288,0.31790652684417664,0.0766172260017131,-0.06106313720741588,0.9430464114475297,33.80400000000009,2.0,0.1677384450996145,-0.0926068260670281,0.9609884441559924,0.0818624631489955,0.012728988459967,-0.1003256053157217,0.9710392220317084,-0.010385720929780243,-0.08913344196280548,0.22142763061706205,33.80400000000009,3.0,-0.07733199344711,-0.0782909257880185,0.9735416240350236,-0.0132178405170888,-0.0195135435446183,0.1169466131126076,-0.9916886108321173,0.02037449961272376,-0.04201905931539191,0.1198873536518594,33.80400000000009,4.0,-0.1006105991021986,-0.0354395357075383,0.97388425732072,-0.0687472156797894,0.0243073409379683,0.0811317794017731,-0.47483649412712564,-0.054371614672538975,-0.02950981325975899,0.8778970339876625,33.779999999999745,5.0,0.0010694866309611,0.0905555907911416,0.9754632443997124,-0.1862189360091189,0.1358114948113412,-0.0205484367447528,0.9891437877954454,0.062295083754052766,0.040156535088362,0.12689106467932032,33.779999999999745,6.0,0.0109733998673143,0.0023577172134391,0.9798484707672376,-0.0227018986985352,0.0400139033160507,0.0416186105241923,0.7988116067441758,0.021319564342697443,0.10789164005972621,0.5914430548347389,33.78099999999995,7.0,0.0693701322212348,0.0953409026670257,0.971867736389188,-0.0754893632678035,0.1182210170042532,0.029779573662235,-0.7628253198810918,-0.027207738996788203,0.03393633983101704,0.6451399810319203,33.78099999999995,8.0,0.0148053812465949,-0.0075991389626405,0.9786787285790824,-0.0306091885996984,0.0500043032886544,0.079243400057624,0.9704737350177591,-0.04440169197783252,0.012461353124705834,0.23675712041771244
507,33.858999999999924,0.0,-0.0032325522303931,-0.1545096562289273,0.9676080387936514,0.0508850979312342,0.005577988183757,0.0357575788385414,0.9972197509022572,-0.06174616199661916,0.001955634434666481,0.041669597827254275,33.858999999999924,1.0,0.189173725467864,-0.0850933709141434,0.957972556923776,0.0160568826479311,0.0195955906082484,-0.0180036437003219,0.3186546596537796,0.07614982372249768,-0.061050532497512945,0.9428325645148966,33.86000000000013,2.0,0.167553925880175,-0.0904225474745805,0.9614298959520388,0.0143855856569046,0.014782947237859,-0.0449920342720489,0.9715194083640187,-0.011209039619102803,-0.08877655247942427,0.21941540586912422,33.86000000000013,3.0,-0.0795018511258379,-0.0779860918536718,0.9739874871603617,0.014923540757833,0.0148298486470219,0.1212059354253219,-0.9923330364564183,0.02071900253532553,-0.04310085350666573,0.11396571466069476,33.86000000000013,4.0,-0.1066982599887022,-0.0346055648769311,0.9733894062475364,-0.0122692539051628,0.0125632422602438,0.1135613766446819,-0.4797666252961495,-0.05331234227318089,-0.031238928395543247,0.8752176350862622,33.82400000000007,5.0,-0.003328313414481,0.0875327053013741,0.9761854064840542,-0.0775008479050991,0.0611098435218033,0.1262984914473087,0.9886472222495546,0.05651562953541967,0.039062747626962095,0.13362917085833942,33.82499999999982,6.0,0.0080468137171412,0.000322375378833,0.980389282307348,-0.0290974169019748,0.0419392927098316,0.0894503601016497,0.7969201374794452,0.017568088523790153,0.09766598953797871,0.5958783527138152,33.82499999999982,7.0,0.065158040158678,0.0890247551563352,0.9739568895859992,-0.0986814759653045,0.0438691722862288,0.0640807950980081,-0.7651414122563244,-0.023348883931427093,0.03123901533750624,0.6426799925237267,33.82499999999982,8.0,0.0119429455932098,-0.0088485359009357,0.9791741772856184,-0.0380667788646555,0.0280380213514679,0.0068321883160721,0.9704991325963434,-0.04243982054039883,0.011443614076360062,0.23706399760215635
508,33.922999999999774,0.0,-0.0041831254128953,-0.1522780018884307,0.9679488166234034,0.0436504658363976,-0.0011777810899929,0.1007915295524738,0.9970332930649828,-0.061178996243044535,0.0019909768223496365,0.04666667922600224,33.922999999999774,1.0,0.1883792266125736,-0.0856695545203785,0.9577807653159088,-0.0556015417555362,-0.0052405102254628,0.0021900510069224,0.31864790520686037,0.0756465602950452,-0.06491291385331036,0.9426173264044538,33.92399999999998,2.0,0.1672228032720101,-0.091780600112039,0.9612153013289608,-0.0696545902663003,0.02441714131131,-0.0218320142835003,0.9717232067459401,-0.01633198876874825,-0.08889602948668872,0.2181393397710412,33.92399999999998,3.0,-0.0808724437408955,-0.0745053873353808,0.973908925465508,0.0498216773957136,0.0111499519109457,0.066909414458126,-0.9926950949028231,0.019275274508831354,-0.04366626967812953,0.11080690069161277,33.92399999999998,4.0,-0.1119665822867597,-0.0309720676979503,0.9735955091687388,0.044564165378507,0.0336493359324092,0.0234193872494463,-0.48055616486513597,-0.05481932326756313,-0.031042427490014936,0.8746982233331253,33.90700000000015,5.0,-0.0097043682688458,0.0795072295798004,0.9771537369733831,-0.1231162982274731,0.0913631295881051,-0.0579626649753149,0.9893608209229673,0.04800482909830439,0.04003291676673426,0.13136996605397472,33.90700000000015,6.0,0.0060137280509328,-0.0008645859120381,0.9797127576826437,-0.0220067851511601,0.0297337934365373,-0.0097678802320184,0.7978662280453293,0.014158497669526052,0.08825915123243384,0.5961705639430639,33.90700000000015,7.0,0.0608824183424241,0.0815389416639673,0.9752536757834334,-0.0860676311391673,0.0937008231451331,0.0062499679732769,-0.765613839099601,-0.021914218322649146,0.026827643351738942,0.6423671021827546,33.90700000000015,8.0,0.0112712097797979,-0.0118854226217693,0.9797452202277906,-0.0368583831495615,0.0201286652469594,0.0202886752932962,0.9703514540293253,-0.0406715533692335,0.010180885104438792,0.23803409417181845
509,33.99400000000014,0.0,-0.0049985809220654,-0.148713831258028,0.9687436247951904,0.0608986537975781,0.0067173299702309,0.075178332433621,0.9969455230591169,-0.05964593854909972,0.002394492318145033,0.05036121993676526,33.99400000000014,1.0,0.1879878753517498,-0.0884135890743466,0.9572176325098318,-0.0259925499263019,0.0256238535192521,-0.0603065265076947,0.3215951751867854,0.07434408212091737,-0.06639829343705075,0.9416160403151734,33.99499999999989,2.0,0.1633201037013283,-0.0930816808869277,0.9614912087014896,-0.0151424782462601,0.0736157871659904,-0.1586624382540099,0.9736643513584414,-0.018348831154775914,-0.08594962115266988,0.21036566714345675,33.99499999999989,3.0,-0.0820386715291469,-0.0723878399372616,0.9735140764277374,0.0291731454334586,0.0253387022568242,0.0271804916529027,-0.9927772044772397,0.018909975210366525,-0.04500184141772333,0.10959319950122014,33.99499999999989,4.0,-0.1156373915448919,-0.0285187916455589,0.9723680744449452,0.0136214069470723,0.0316415900989823,0.0257758927506319,-0.4815324115735492,-0.055572400853724675,-0.0321540521106948,0.8740734304395584,33.94399999999996,5.0,-0.0143110859644769,0.0707534261850706,0.977539843434318,-0.1709183424663011,0.0723211975331139,0.0004522859573965,0.989736082778486,0.03775489323244385,0.039689419884127414,0.1319916831946852,33.94399999999996,6.0,0.0030871419007596,-0.0028999277466442,0.9802535692227542,-0.0138672798845958,0.0324573247101563,0.0267789908488604,0.7975776228965525,0.011329725943323045,0.08016011834424201,0.5977590887571439,33.945000000000164,7.0,0.0541899229867733,0.077403599475642,0.9755845094275032,-0.0594368424188547,0.0797810530087692,0.0328125991808321,-0.7668582794200542,-0.02121639108030158,0.023874547894864637,0.6410212554956797,33.945000000000164,8.0,0.0104935704397424,-0.0139396514395771,0.9801640531549652,-0.0262678214796057,0.0240670751254643,0.0096797060508317,0.9703318015957567,-0.0387293095597766,0.009349767380539172,0.23847183742086958
510,34.039999999999964,0.0,-0.0059445119006911,-0.1442465644559064,0.969129295512694,0.0585686279204859,0.0145057748503604,0.0530137300517824,0.9968972987436043,-0.05817929124839406,0.0031129153743823805,0.05292688905850411,34.039999999999964,1.0,0.1848928517732804,-0.0846205959617268,0.95864382755131,0.0613213924727455,0.0451552552276311,-0.0029250534911969,0.3216126012542523,0.07335526783540182,-0.06330643983507092,0.9419005436194834,34.039999999999964,2.0,0.161735262387801,-0.0848763931996067,0.9632692784355654,0.0563044104922557,-0.0125967289051824,0.0538379148735769,0.9730315057834285,-0.016368509123073544,-0.08634796520428528,0.21327397770708278,34.04100000000017,3.0,-0.0836214865328363,-0.071275845900916,0.9740221767399077,-0.0193158501123131,0.0103132101557076,0.1185487337216418,-0.9933296244796652,0.02080371173606622,-0.04589003268786332,0.10371869459743933,34.04100000000017,4.0,-0.1171442640113261,-0.0301333685498251,0.9720181076034976,-0.0360635397539113,0.0041883410475485,0.1509192811304919,-0.4881631118700593,-0.054060831354404565,-0.03444346148924587,0.8703952267121239,34.11000000000013,5.0,-0.0191394927359928,0.0586905572217076,0.9779565932651686,-0.1519070801424519,0.0807209831238935,0.0027531147182004,0.9899349747242,0.028773221823176504,0.04007735486433923,0.1326448383872885,34.11000000000013,6.0,0.0020902057506237,-0.0029203390806796,0.9803290787585432,-0.0134740664180876,0.0114411663130366,0.0124211134024125,0.7976958948448041,0.00931902959806007,0.07207133745588895,0.5986652965993743,34.11099999999988,7.0,0.0498649882092385,0.0748924596623133,0.9745899663123055,-0.0096269139395748,0.0560340812440462,0.0693801691400202,-0.769174355096496,-0.021745719558577434,0.02351605906157925,0.6382357950702715,34.11099999999988,8.0,0.0095111322862746,-0.0151739427340341,0.9794489725475938,-0.0316365019534364,0.0285223338066928,0.0628177995097436,0.9696467655935709,-0.03734371008133965,0.008884864391309142,0.24147806624212362
511,34.11400000000003,0.0,-0.0079807759390273,-0.1411157720648194,0.9693568208301632,0.0491967694526965,0.0079613158513607,0.03387817840198,0.9968672439564158,-0.057158411538089954,0.00345205899234723,0.05455911661579091,34.11400000000003,1.0,0.1832920577290566,-0.0808610776724955,0.9591947183398638,0.0541353652913425,0.002507168014859,0.0239253279595274,0.3202472880610751,0.07425378053650006,-0.061435996992225884,0.9424190516108718,34.11400000000003,2.0,0.1622667272694431,-0.0819745164222575,0.96272461684461,0.0492547292845895,-0.0183258817186015,0.0302140024812102,0.972611928063526,-0.01458986092447342,-0.08708241949997853,0.21501122194151767,34.11400000000003,3.0,-0.0842085292078748,-0.0720830060029149,0.9739599395530756,-0.0046516924131688,-0.0097547596146614,0.0666269910630022,-0.9936542653510445,0.022066089085796044,-0.045576866185958555,0.1004342468025778,34.11400000000003,4.0,-0.1186511364777605,-0.0317479454540912,0.9716681407620504,-0.0235296057369622,0.0138788996843124,0.0557346584489967,-0.49056671741829333,-0.053278109583139235,-0.03659615637452076,0.8690031416164725,34.22499999999991,5.0,-0.0232900608541587,0.0541330326279151,0.9779147139929506,-0.0383414318066678,0.0503194331227893,0.0075925922899331,0.9899340744046947,0.02626118152087472,0.03984541593913174,0.1332412154938765,34.22600000000011,6.0,0.0011253807506051,-0.003927804330965,0.980561729760704,-0.0257718076513289,0.007033665920964,0.0083520389308616,0.7978611922006651,0.007057345852571126,0.06424320796389775,0.5993667675807175,34.22600000000011,7.0,0.047204148207436,0.0742172956768263,0.975799959732746,-0.0279349920891033,0.0345104629581584,0.0145133986828551,-0.7697254692648017,-0.020961716825354176,0.02323705901615545,0.6376075183693289,34.22600000000011,8.0,0.0077440465528761,-0.0173170845635985,0.9799822183719478,-0.0255834972962283,0.0268606817612346,0.0559053793371414,0.9690353998204717,-0.03591541012526511,0.00849539004931779,0.24414812216812642
512,34.241999999999734,0.0,-0.0087962314481974,-0.1375516014344168,0.9701516290019498,0.0639012318999768,-0.0002096608900688,0.0777005825552295,0.9967547092046146,-0.05529390556310598,0.0035518859437418983,0.05839535762580179,34.241999999999734,1.0,0.1828889101345899,-0.0786932267247624,0.959566059538074,0.0177288842000182,0.0093477587040889,0.0003967019222295,0.3201343331851951,0.07425633153413438,-0.061145173240411625,0.9424761396091487,34.241999999999734,2.0,0.1634446143133773,-0.0800846371023295,0.9629269489177978,0.0025722603083931,-0.0061740654226528,-0.0047491453013728,0.9725839012873065,-0.015112612329353238,-0.08771595379107523,0.2148443049183939,34.241999999999734,3.0,-0.0836214865328363,-0.071275845900916,0.9740221767399077,0.0122704548346612,-0.0033155041673255,0.1011276976760229,-0.9941422390616488,0.02222743187661852,-0.04552298588693233,0.09547150120114309,34.241999999999734,4.0,-0.122493723440975,-0.0307408494754929,0.9721374840479564,0.0039224028404255,0.0058033502990769,0.1029587936298636,-0.4949683120084712,-0.0531667835602287,-0.03707857568605079,0.8664899551976574,34.259000000000015,5.0,-0.0265687318186536,0.0516331965338735,0.9779484216998576,-0.0534031226193904,0.0651842430090114,-0.0339913309573996,0.9901829261934435,0.022920572840248545,0.040469892337326605,0.13181277567015054,34.259000000000015,6.0,0.0020831035348045,-0.0050535316197302,0.9796586765286326,-0.0125810695898117,0.0049283502260411,-0.0353344122660014,0.7992540485163587,0.0054422029759465225,0.05743090866781589,0.5982182202896933,34.25999999999976,7.0,0.0459461755703682,0.067627273762113,0.9767945028479434,-0.0858442282616786,0.0310276036484349,0.0392758894142748,-0.7711235779212373,-0.017665070659470303,0.021025642146474326,0.6360929925921792,34.25999999999976,8.0,0.0068675119260521,-0.0195340337610813,0.979419347779574,-0.011042159338474,0.0258046732088674,0.0389703956468023,0.9686389440648748,-0.03404223921413388,0.008245866472442447,0.24599131626195803
513,34.30899999999974,0.0,-0.0087869470404442,-0.133080376511167,0.9702414147774532,0.0719443801533359,-0.0120049108806207,0.0810937960589889,0.996638799820799,-0.052954281262899174,0.0030754444881016764,0.06242986808321726,34.30899999999974,1.0,0.1822900869097114,-0.0778973930540134,0.959655834333246,-0.0161903774722925,0.0115382820910301,-0.0294755938121931,0.3215634062898004,0.07368700155968134,-0.06228728932042233,0.9419593914418808,34.309999999999945,2.0,0.1617510854418387,-0.0811482904672684,0.9629514740175782,-0.0135936557123188,0.0177221799943612,0.0007257124917863,0.9725984049594839,-0.016723180260588222,-0.08722123885570283,0.21486073025268201,34.309999999999945,3.0,-0.0838258513596426,-0.0699126887807443,0.9743384640828248,0.0014196019883417,0.0051120782394598,0.1306347099199041,-0.994708204354396,0.02275587246698969,-0.04597060604850665,0.08901944640275183,34.309999999999945,4.0,-0.1232319248978297,-0.0292993977192179,0.9715232565303143,0.0012356228781035,-0.0160751694350663,0.1650942858833352,-0.5021062558844129,-0.05221717467405165,-0.036906366218290576,0.8624387483197617,34.27500000000009,5.0,-0.0318660595933306,0.0377959011059023,0.9791598562571828,-0.2180422279755921,0.0674380075350561,-0.0988743098050907,0.9909693988318645,0.010874953197894216,0.04024498271691958,0.12744303565857046,34.27500000000009,6.0,8.923123453267087e-05,-0.0050943542878008,0.9798096956002108,0.0014814954203034,0.0274148602785544,0.0408389182957063,0.7982305767853678,0.004055449899524678,0.05268332940598682,0.6000299712628624,34.27500000000009,7.0,0.0440310059360221,0.0586934928143834,0.9775153934427374,-0.1203618330654083,0.0648776619767758,0.0363489012764618,-0.7724677107267123,-0.014158321727188884,0.016256678115220496,0.6346880322072883,34.27500000000009,8.0,0.0058780655327091,-0.0196229467728378,0.9795337606767534,0.0097826577335038,0.0095374392921401,-0.0025663496508753,0.9687793767130197,-0.031181467541215667,0.007463273625525001,0.24584250015873912
514,34.353999999999814,0.0,-0.0085120694899036,-0.12817973146973,0.9711943683492748,0.0605466264371696,-0.0074940823189432,0.0520266619619719,0.9965675032199556,-0.051181165237990905,0.002742623541986923,0.06500905988346788,34.353999999999814,1.0,0.1794025352952968,-0.0776442681661107,0.9604291217734752,0.0025147062864981,0.0550272077982121,-0.1074798690909503,0.32674804169056737,0.07152242552857849,-0.06139535030644434,0.9403993145779282,34.353999999999814,2.0,0.1617510854418387,-0.0811482904672684,0.9629514740175782,-0.0370804362769703,0.0074557393103706,-0.1022050740398416,0.9736398721770909,-0.01875930795687965,-0.08762218741232314,0.20975185325769313,34.353999999999814,3.0,-0.0834092641442045,-0.0689071354189706,0.9734355147328838,0.0088490559152889,-0.01351810744919,0.1086762019126533,-0.9951972563872844,0.02297759685994627,-0.04534868365760065,0.08365373758706916,34.35500000000002,4.0,-0.1229588120350144,-0.02836622226976,0.9717569078617764,-0.0136876070706332,0.0041210465375403,0.0085041124619601,-0.502452342811173,-0.05155102722152873,-0.03830162057487864,0.8622164001324183,34.320000000000164,5.0,-0.0353281053566227,0.0247214424342405,0.9781241103540396,-0.1674616901233145,0.038873803093239,-0.0779019329709847,0.9915174267693435,0.0021024515081440984,0.039038795981226025,0.12395460668604204,34.32200000000012,6.0,-0.0009077049156032,-0.0051147656218361,0.9798852051359996,2.988468650509194e-05,0.0218649675519145,0.0340418114906811,0.7973845738043186,0.0028530127161570922,0.0481817956935611,0.601538208546299,34.32200000000012,7.0,0.0396918543660709,0.050038013340338,0.9780198126407949,-0.1275035570263228,0.0533033362742748,0.0167818857752943,-0.7731410255520106,-0.010180352018600526,0.011720090504653296,0.6340441266345153,34.32200000000012,8.0,0.0058710572928339,-0.0184775684901372,0.9803632541813044,0.0190388611154336,0.0036074076210014,-0.0323838951047267,0.9692836098890736,-0.028037516775478166,0.006558518230525059,0.2442543082364993
515,34.42900000000009,0.0,-0.008372309612695,-0.1246116027181989,0.9716932915790616,0.0602164184860094,-0.0039092195269158,0.0173861457478904,0.9966006430308612,-0.049434775750453804,0.002525867936390262,0.065855760933609,34.42900000000009,1.0,0.1747185140062466,-0.0750036422659609,0.9614717335992196,0.0333453606531519,0.087256234276048,-0.1272661787003217,0.33285192917223133,0.0684121345728257,-0.05837191031584489,0.9386810391051863,34.42900000000009,2.0,0.1627823690970475,-0.0828007423772465,0.9624977596716418,-0.0429796073171659,-0.0336523026798145,-0.1574646291867115,0.9750275029328517,-0.020324497140686338,-0.0901609661673231,0.20193881132729555,34.42900000000009,3.0,-0.0834431735114103,-0.0677423715585737,0.9747169886125742,-0.0068691695166538,-0.0221880907639684,0.1254020419087368,-0.9957225322569192,0.023918842297837646,-0.044423875677796335,0.07740185403957313,34.42900000000009,4.0,-0.1235050377606451,-0.0302325731686757,0.9712896051988522,-0.0393372363732282,-0.0290867598830965,0.1389935789534421,-0.5085616719155226,-0.04908578786900944,-0.039600949150095974,0.8587126272008456,34.395,5.0,-0.0339617443483989,0.0237098527259416,0.9766716146200464,-0.1778590641155633,-0.0265822560440199,0.2283858677916811,0.9901397545531376,-0.005316238965314473,0.03465293638797837,0.13562513799589906,34.396,6.0,0.0039735401689051,-0.0041847397419598,0.9783658308280284,0.0285712944787267,0.0704032444103207,-0.0845200266952064,0.7999487594963508,0.0013331670792063554,0.046756579037934724,0.5982424484792581,34.396,7.0,0.0446317815758115,0.0629397556960805,0.9762471978071368,-0.3150914419889923,0.056726536989475,0.1133341782947717,-0.7769027821427559,0.0002974518061563144,0.0021626975250772576,0.62961678929384,34.396,8.0,0.0080617571328073,-0.0202650582726756,0.9804388484169406,0.0326736902134493,-0.0118088707664858,-0.0347578665929443,0.969815778337301,-0.02441845705387598,0.005035497487117822,0.24256079404590528
516,34.49400000000014,0.0,-0.0083630252049419,-0.1201403777949492,0.9717830773545648,0.0577757754206539,0.0058076921290473,-0.0269348675793567,0.9967705008791268,-0.047795766407790784,0.002711198088307534,0.06447311606858137,34.49400000000014,1.0,0.1697322525768062,-0.0700089901769526,0.9619083655575548,0.0613196150540244,0.0809434405595484,-0.1277234186178645,0.33884765701392017,0.06618869658390969,-0.054157514116591164,0.9369462553665557,34.49499999999989,2.0,0.1661694268401248,-0.0806734356473688,0.962448709472081,0.0084710685186287,-0.0185790211717116,-0.2208202749829174,0.9771033564459839,-0.019014088347133053,-0.09135051461919905,0.19121343766881993,34.49499999999989,3.0,-0.0834431735114103,-0.0677423715585737,0.9747169886125742,-0.0027110701749804,-0.0118264524126854,0.0387342083757395,-0.9958701314926547,0.024739022620801184,-0.04396822228138423,0.07548150362827363,34.49499999999989,4.0,-0.1242737087702245,-0.0332886018292168,0.9715538658750472,-0.0594126190611749,0.0039664305521976,-0.0397671210599459,-0.5069453223724151,-0.04736662283107178,-0.04308651577101956,0.8595966468786514,34.46900000000005,5.0,-0.0375408206671257,0.0188316389701303,0.9787676211222648,-0.0572615619569217,0.0156486301141115,-0.0287161470869372,0.9903404294455881,-0.007084335767795493,0.033594031421771475,0.13433944709239495,34.46900000000005,6.0,-0.0019367522158564,-0.0041481230396213,0.9798035732054168,-0.0136550390660583,0.010947628615495,-0.0039700546270927,0.8002235961846123,8.772334852923655e-05,0.04207230581996753,0.5982241298183916,34.4699999999998,7.0,0.0368968464606654,0.0439513475611379,0.978394553219108,-0.084357420329443,0.0297128371586485,-0.0040574000811975,-0.7767710249908453,0.002051683627628514,0.0010114803554925784,0.6297789629992846,34.4699999999998,8.0,0.0066486966328895,-0.0164233396723293,0.9799444212541296,0.0146574047923527,0.0027695039569799,-0.0129583362946796,0.9700369129401142,-0.02203361962614054,0.004297584158232175,0.2419182463357958
517,34.54899999999998,0.0,-0.0091831229179886,-0.1188118196261714,0.9725329926386,0.0586312746804043,0.0111105147240697,-0.0500562653511559,0.9970046145798444,-0.04622834275256939,0.003144506232704418,0.0619261730886019,34.54899999999998,1.0,0.1655404900026562,-0.0644381544817092,0.962536789123757,0.0455562550683007,0.0529962359961517,-0.1659268108249622,0.3465834661312367,0.06518711893970515,-0.0511478988638522,0.9343524136912217,34.54899999999998,2.0,0.1700721264108065,-0.0793723548724801,0.962172802099552,-0.018641240509583,-0.0481856587201489,-0.174617055276678,0.9784644077598166,-0.01908092559928908,-0.09424884772375303,0.1826485032193002,34.54999999999973,3.0,-0.0795121878075671,-0.0656257251869236,0.9744578370477324,0.0464191632323588,-0.1518038256904082,0.3222554220561964,-0.9973087619286121,0.022847280680543387,-0.03649311870295985,0.05934212191399203,34.54999999999973,4.0,-0.1241628701705916,-0.0408373825890562,0.971614064253022,-0.1415890074764172,-0.0226135729795008,0.0227601426816696,-0.5082665043803734,-0.04251747766267237,-0.04926073104983666,0.8587379140311646,34.48500000000013,5.0,-0.0384127178207967,0.0167739504703793,0.97869203414314,-0.0033412400134125,0.0176198835269613,-0.0693666177237346,0.9908171680530522,-0.0061917802649096776,0.033122046996319446,0.13094247344255572,34.48500000000013,6.0,-0.002901577215875,-0.0051555882899067,0.9800362242075776,-0.0345160133523126,-0.0177332733736006,-0.0421372180548802,0.8016674012488204,-0.0011658396318425944,0.03608327302675797,0.5966791566667901,34.48500000000013,7.0,0.0356459822198059,0.0404334954767828,0.9786396151776782,-0.0402837628647018,0.0070299993850696,-0.0470160835692609,-0.7752814002827675,0.0027308418771750144,0.00208504893293334,0.6316066382244415,34.48500000000013,8.0,0.0065427931062457,-0.0154406817693036,0.979792211239132,0.0073731156043468,0.0092632522173007,0.0053666197367894,0.9700165778088106,-0.02026788355431393,0.0038975345389791216,0.24216081618798263
518,34.63200000000006,0.0,-0.00904336304078,-0.1152436908746404,0.9730319158683866,0.0203378783288522,-0.011167509716791,-0.0524654380350899,0.9971542489396806,-0.046473622949312995,0.00231135497359557,0.05931495451985588,34.63200000000006,1.0,0.1645385191833109,-0.0614744698632271,0.9629979051171392,0.0008562328306844,0.0140584228312148,-0.1422429226349784,0.35321484598200664,0.06520538067950088,-0.051174286565741356,0.9318630389187222,34.634000000000015,2.0,0.1704032490189714,-0.0780143022350216,0.9623873967226302,0.0007163487300257,0.0111579889933608,-0.1782623827821144,0.9801046155515848,-0.01872271439972414,-0.09375028839622822,0.17394046672816063,34.634000000000015,3.0,-0.0757934244923556,-0.0658777892972189,0.9747853474899142,0.0050039981436121,-0.0471676820658339,0.0933972030801136,-0.9976290867276358,0.023411447789099406,-0.03465133911397652,0.05465705924224015,34.634000000000015,4.0,-0.122595826683391,-0.0465150841324618,0.9710590148018636,-0.0791488520429781,-0.0167525396268897,-0.0646700757038135,-0.5056820100873344,-0.039571799309030965,-0.05267745798338054,0.860200478257184,34.57600000000002,5.0,-0.0386195477468135,0.0246434586765279,0.9785245170542686,0.286312877787935,-0.0379694126104156,-0.0638630624258284,0.9912996661168055,0.00975036595385128,0.03194773659810785,0.12731553105074822,34.57600000000002,6.0,-0.0008755937654859,-0.0061018195380862,0.9800423466023714,-0.109080137758953,-0.0906430693263659,-0.0061687938351533,0.8021098181415588,-0.003008336530297261,0.025437794523572706,0.5966269422025897,34.57699999999977,7.0,0.0362325410671788,0.0385354186977632,0.9788703818553316,-0.0362284802223365,-0.0075966618216475,-0.0354416133679373,-0.774148137456589,0.0037423904091384327,0.0037058684909260634,0.6329825608381702,34.57699999999977,8.0,0.0075322394995887,-0.0153517687575471,0.9796777983419526,0.0053975576383243,-0.0034251934535753,0.0165580722576622,0.9698540246776743,-0.018602328783294826,0.002860269978431219,0.24295872702170196
519,34.66899999999987,0.0,-0.0079530299810692,-0.1139072164636061,0.973190061268421,0.0514438108199163,0.0043994961449686,-0.0066945404597393,0.9972379386688863,-0.045111472246010434,0.0024978011969540746,0.058950909580842474,34.66899999999987,1.0,0.1633408727335538,-0.059882802521729,0.9631774547074826,-0.0173926017592443,-0.0053464995595028,-0.0083503261888333,0.35359566293712424,0.06539513428180461,-0.05277372425822034,0.931616078431581,34.67000000000007,2.0,0.1717656552823452,-0.0783087015075412,0.9621482769997718,-0.0288181796061639,-0.042321088568773,0.0886325204333195,0.9790783721648071,-0.020715725374371923,-0.09597207864016481,0.178229514959815,34.67000000000007,3.0,-0.0738279316404339,-0.0648194661113938,0.9746557717074932,0.0217749109118795,-0.0339844517564374,0.0783172895916776,-0.9978838687283909,0.023041820647272133,-0.033470340690395686,0.05076017461541372,34.67000000000007,4.0,-0.1275308650978668,-0.0492406899516949,0.9705937527619218,-0.032265015712537,0.0303675454488081,0.0142843446136252,-0.5062782371830432,-0.04048695547960004,-0.05501381944995344,0.8596607660352723,34.63200000000006,5.0,-0.03615542506069,0.0561994752588348,0.9774540419985548,0.3675409276665355,-0.0100001166692783,-0.1181999521541862,0.9916858156062731,0.029482644631007103,0.03295995654817558,0.12084559592813186,34.63299999999981,6.0,0.0042625405199609,-0.0130682249882108,0.9797801040253744,-0.1299806959853274,-0.0733886088130987,0.1409136090466402,0.7980322748002047,-0.005922943388547308,0.015569611386792248,0.6023844240350932,34.63299999999981,7.0,0.0343951179789465,0.0369156433924278,0.9788846771362484,0.0040041868923936,0.0229340599046749,-3.403889030213326e-05,-0.7741406853866235,0.0021405564225266327,0.005124928507627077,0.6329892197779695,34.63299999999981,8.0,0.0075322394995887,-0.0153517687575471,0.9796777983419526,0.0016112924731849,-0.0119356411814677,-0.0426303946486898,0.970398309760283,-0.017191363799458362,0.0014144465453670054,0.2408932891677779
520,34.72199999999975,0.0,-0.007808627899984,-0.1081034752504502,0.9737338773859594,0.1287799229947106,0.0084558826343572,-0.0300821599155123,0.9975551288640215,-0.03974487173331652,0.003062586918300017,0.05739974398335982,34.72299999999996,1.0,0.1629377251390871,-0.0577149515739958,0.9635487959056928,0.0130752871963654,0.0224371546056789,-0.1952816847523836,0.3626906660372898,0.0653243550557821,-0.051578352140157685,0.9281852632941763,34.72299999999996,2.0,0.1726124197181145,-0.0777768748250718,0.9621360144498816,-0.0115100880093809,0.0136987790791674,-0.2006888428102999,0.9808809540103639,-0.020700847984116404,-0.09542293067388626,0.1683404088567676,34.72299999999996,3.0,-0.0722711684421248,-0.0610348286852253,0.9751587706109068,0.0527550339624634,-0.0432334630406092,0.2033111887377261,-0.998447684799106,0.020799180628070752,-0.031887675240235856,0.04065453200172831,34.72299999999996,4.0,-0.1287646247014857,-0.0499220914065032,0.9704774372519364,-0.0252194550350309,-0.005549823792036,0.2144858077833837,-0.5155844650619668,-0.040519151556882745,-0.055564934194254505,0.8540745844666402,34.664999999999964,5.0,-0.0382873363686739,0.062979409998972,0.9762344358759186,0.0765969800471237,0.0174639801715566,-0.0774517863243839,0.9920257094297749,0.03305795787609276,0.033452856983564386,0.1169319015968339,34.664999999999964,6.0,0.0083966364394526,-0.0221882343114213,0.9789229687542556,-0.0914231780295169,-0.0281986011642131,-0.0751416363909402,0.8003248208162379,-0.008848220477647257,0.009069196204297827,0.5994327650871641,34.664999999999964,7.0,0.0346248676489356,0.0347969390212406,0.978207693475698,-0.0557713877358181,0.0102213110225095,-0.0766971048422966,-0.7716973600072368,0.0034831540960634675,0.004956581664618953,0.6359610715237265,34.66600000000017,8.0,0.0085216858929317,-0.0152628557457906,0.9795633854447732,-0.0017111791807714,-0.0126987450319834,-0.0521252108434733,0.9710428157270058,-0.01605696316699002,-1.6261944029646622e-05,0.23836531562786398
521,34.789999999999964,0.0,-0.0076595836150222,-0.1000641215756694,0.9743225863912496,0.1327128874471353,-0.0019082600660655,-0.1130824237662226,0.9980683274447519,-0.03428776514309636,0.002945764741227827,0.051723160994050166,34.789999999999964,1.0,0.1641235752552013,-0.0543947334137927,0.964303720319637,0.0578172164559516,0.0021151058788773,-0.2513227753314739,0.37415973725445006,0.06724268679100073,-0.04851624139122174,0.9236498721983764,34.789999999999964,2.0,0.1748374134712953,-0.0738113446827837,0.9615668277591458,0.0372697093039996,-0.0103593619891813,-0.2668492452164422,0.9830370727316687,-0.017648783671248787,-0.09577661849992962,0.1554138778191844,34.79100000000017,3.0,-0.0705100404170094,-0.0586133483792286,0.9753454821714032,0.0288889091583149,-0.0191872845608337,0.0632854557480608,-0.9985983544992406,0.02006030972615029,-0.03146763491953802,0.03753263003934728,34.79100000000017,4.0,-0.1277228408290909,-0.0459328872965042,0.9704468279072034,0.0362267477915869,-0.0352052725338905,0.1400914295099909,-0.5216173733884464,-0.04067758357550929,-0.052648918410891185,0.8505814137188508,34.72699999999986,5.0,-0.0383405097956293,0.0590663932331773,0.9775326933146712,-0.3092687893702275,0.0063487497481854,0.0372544930244812,0.9922309313124866,0.017195000720001904,0.030876159893972854,0.11928442332172375,34.72699999999986,6.0,0.0052665788859161,-0.0109146211151248,0.980374996719496,0.2332968972443145,0.0985799859772315,-0.5035942700982449,0.8153974817839146,-0.0019241679891371056,0.018552074884322745,0.5786009547135977,34.72699999999986,7.0,0.0330807239843897,0.0322281253263954,0.9783373720954416,-0.05674643654582,0.0193340186633339,-0.1217893673601881,-0.7678053837391995,0.004479275763589508,0.004287320035006292,0.6406531414709928,34.72699999999986,8.0,0.0105994739663861,-0.0149223093426028,0.9803162631699628,-0.023595351507854,-0.0188333708499131,-0.0478370855514626,0.9716081265057599,-0.015982987579255644,-0.0019557885990101435,0.23604738402906456
522,34.86400000000003,0.0,-0.0073754216567284,-0.0906922516109826,0.9753653257385744,0.1125889081520799,0.0074702828598004,-0.115397929155327,0.9984915218187862,-0.029921467560444094,0.0032795989769870155,0.045919830853168676,34.86400000000003,1.0,0.1623153092469227,-0.0470953468998442,0.9655075187094396,0.0622945184177154,0.034147346110584,-0.2760105259260942,0.3867671432443946,0.0676139825821544,-0.04455402993109453,0.9186155151546535,34.86400000000003,2.0,0.1763622461774321,-0.0668353099930588,0.9616659500374248,0.0506377905123514,-0.001020725208342,-0.3620285163098748,0.9857443523239744,-0.013614793215625467,-0.09555265654712719,0.13781291337850213,34.86499999999978,3.0,-0.0715058127456603,-0.0566941942408841,0.9759158196704056,0.0188526453963358,0.0459495675764857,-0.1792334368304956,-0.9981296673378539,0.020063559850474942,-0.03415537622240322,0.046562120025379024,34.86499999999978,4.0,-0.1264079440938807,-0.0410105077370473,0.9706498698939324,0.0958334350235683,0.0048155659878426,-0.2104315071149417,-0.5124907498620555,-0.04312976213938047,-0.04905449104726612,0.8562048305351484,34.83899999999994,5.0,-0.0447674052721138,-0.0232960821460739,0.9785898895767552,-0.9979116858229538,0.0045793317978334,0.3490831087480788,0.9895730008285327,-0.03485573974097685,0.024757370459665196,0.13754063416403486,34.83899999999994,6.0,0.0009648250000186,0.0010074652502855,0.9797760224288452,0.1283449781866765,0.0429830060274937,0.3192885979894348,0.806125712012577,0.0025724775669253093,0.02210612518362126,0.5913256615611651,34.83899999999994,7.0,0.0357979853436812,0.0310007854632014,0.9786692268310052,0.0257227531463766,-0.0127490918797624,0.1035429182314752,-0.7711104814561761,0.003420831189343053,0.0075768845539881755,0.6366470875790243,34.83899999999994,8.0,0.0126842702797157,-0.0157271412221155,0.9802396473906014,-0.0274279367038041,-0.0011002776502563,0.0761931631653651,0.9706969049222384,-0.016337942827841605,-0.0028921799580121526,0.23973365573826189
523,34.940000000000055,0.0,-0.0073707794528519,-0.0884566391493578,0.9754102186263264,0.0131014828633272,-0.000321355035542,-0.0125660196329725,0.9984943130413441,-0.030809554921753215,0.0031154011536452587,0.04527882976921817,34.940000000000055,1.0,0.1579278710423608,-0.042896528481585,0.9658543758726033,-0.010210172255308,0.115265431148583,-0.0828533687033528,0.3908120991936285,0.06214735979669104,-0.04321890285800229,0.9173525686615374,34.940000000000055,2.0,0.1756620851303882,-0.0638248054456221,0.9623342590064394,-0.0682696981050244,0.0358528485497527,-0.1418849071401394,0.9868125894779787,-0.017177843499193973,-0.09418495903086113,0.13051830688772564,34.9409999999998,3.0,-0.076603026237755,-0.0566932932144149,0.9757801221974765,0.0542950804197552,0.0976763552621725,-0.3963748244368732,-0.9968456797909637,0.01850410501202256,-0.03914945946386461,0.06651021427933394,34.9409999999998,4.0,-0.129865811509964,-0.0303317777875264,0.9705611027942068,0.2077103196890574,0.0881414282243305,-0.2541939850421588,-0.5010036966547375,-0.05207010109782044,-0.042869376363442305,0.8628129676124252,34.89399999999978,5.0,-0.0438975958426148,-0.0348388197574336,0.9784969380213449,0.455313556868766,-0.0151577429305525,0.1250097349687831,0.9892922115731365,-0.010649890242766491,0.026694916560397186,0.1430904657494103,34.89399999999978,6.0,0.0009719272158378,0.0031406577893361,0.980446424658756,-0.0419623926394644,-0.0458778156530448,0.0391655541616598,0.805056601878285,0.002185817343888796,0.016861338846381364,0.592954285950473,34.89399999999978,7.0,0.0367555701608543,0.0354676759370662,0.9783087815336085,0.0005377223313932,0.0160856530577528,-0.0006601049721419,-0.7710794944387462,0.002344567697219612,0.00881602513035293,0.6366735379763334,34.89499999999998,8.0,0.011701832126248,-0.0169614325165726,0.9795245667832304,-0.0036807898494132,0.0073749059246531,0.0501729023345748,0.9701067456746715,-0.01567620136850291,-0.003036864150970552,0.242152712483839
524,34.98500000000013,0.0,-0.0076317303917627,-0.0866504468059201,0.97459194371776,0.0255451008279866,-0.0077802406384368,0.0971107254001407,0.9982620054821665,-0.030865684179003455,0.002812787172574471,0.050123509246730105,34.98500000000013,1.0,0.1537535618577556,-0.0461497969950109,0.966850059964508,-0.0176949567960874,-0.010463859728746,0.2294090893456221,0.3802721969959041,0.06190990119741215,-0.04586976832595151,0.921659473275981,34.98500000000013,2.0,0.1755154817416628,-0.0673671366755283,0.9616782125873148,0.0011366025657179,-0.0553489673659377,0.424971278248011,0.9835546306376346,-0.01927779023904746,-0.09642528971225187,0.15149527668766954,34.98599999999988,3.0,-0.0797268893161024,-0.0519022014000036,0.97524447427802,0.0912248390643975,0.0744310653697006,-0.2132845097280766,-0.9959778001801045,0.014652842300228555,-0.042719374786991254,0.077385856451505,34.98599999999988,4.0,-0.1351638352760632,-0.0149085217440576,0.9707937338141776,0.3515227644030579,0.0477951840228351,0.0607915379711888,-0.5026643260118445,-0.06348789429173604,-0.028558817595862006,0.8616741011374229,34.94900000000007,5.0,-0.0419172533095203,-0.0162358034145168,0.9784193081508924,0.0981581086746378,-0.0436597767508604,-0.0176036754344352,0.9895320045739817,-0.005566130648467623,0.0245620315320464,0.14209903842187063,34.94900000000007,6.0,0.0019938723002718,4.082266807071941e-05,0.979857654359428,-0.0150059310266999,-0.008784978072873,0.0445138724151239,0.8037680083575676,0.0017257352813423456,0.014294963133820714,0.59476858071661,34.94900000000007,7.0,0.0352749562500057,0.0340685282238985,0.9792308271527288,-0.0236742258324924,-0.003024516698508,-0.0403339464390066,-0.7697760195300305,0.0029074416381236006,0.0097958335561532,0.6382322995466174,34.94900000000007,8.0,0.012691278519591,-0.0168725195048161,0.9794101538860508,0.0049452083818164,-0.0276966260017851,-0.0824890460937873,0.9711100991831455,-0.014198624734300922,-0.004914353054016386,0.23815839992369864
525,35.06100000000015,0.0,-0.0061406865159325,-0.0835520359867924,0.9760672872561476,0.0571774709374539,-0.0261586071651098,0.0332319452975379,0.9982311126512724,-0.02913367195615883,0.0015172981786345538,0.05180321128647073,35.0619999999999,1.0,0.1573408441511252,-0.0470125803125372,0.9650096766634872,-0.0139904902687414,-0.0271253922941072,-0.0589365872843401,0.3829240908725087,0.0633734114377017,-0.047564178466864046,0.9203752497101292,35.0619999999999,2.0,0.1779091716602454,-0.0693139878580261,0.9609853785185198,-0.0018034661168833,0.0341298598015964,-0.2384192933755216,0.9854574614577103,-0.018669127300108147,-0.09488871149046185,0.13971824424482784,35.0619999999999,3.0,-0.0826463875676437,-0.048474266705764,0.974392539015646,0.0623214646227544,0.0220918236439159,-0.1928990964702099,-0.9951615561117032,0.012554276579220461,-0.04358795060452194,0.0871547929778018,35.0619999999999,4.0,-0.1373270039830781,0.0054465704939039,0.9690643058367624,0.2462192739461091,0.0370666198888942,-0.0063294245468631,-0.5015452824968822,-0.07112078086333504,-0.019348784802860244,0.8619859561855777,35.159000000000106,5.0,-0.0434414462651496,-0.0306425409564963,0.978068952288192,-0.300694261633387,0.0724483588795651,-0.1500742568033147,0.9902776023938722,-0.022460552855036106,0.02535745456914003,0.13491772774644623,35.159000000000106,6.0,0.0030300218163443,0.0012073726249065,0.9806096885199214,0.0422937232754757,-0.0216595800771672,-0.1247008904490543,0.8074988899739128,0.003953691251899845,0.013181539586814226,0.5897085365080827,35.159000000000106,7.0,0.035282064646214,0.0371406980542568,0.9784813459961016,0.0917008127771799,-0.0058163513500898,-0.0071365830479006,-0.7695384375753203,-0.0010387718847066723,0.01456217941970527,0.6384335963729156,35.159999999999854,8.0,0.012691278519591,-0.0168725195048161,0.9794101538860508,0.0048624810101051,0.0061761510118346,0.065156112395059,0.970344874068125,-0.013315090904632341,-0.004855782711663812,0.24130883758821084
526,35.15000000000009,0.0,-0.0049152357828897,-0.0808830452858519,0.9766794629982168,0.0407651298946462,-0.0114782699050383,-0.0118879111563356,0.9982862659252046,-0.02829441777556575,0.0009182529614228114,0.0512163450409354,35.15000000000009,1.0,0.1549512083075127,-0.047741464336509,0.9666705103741644,-0.0498769443888722,0.0566971076267671,-0.1684676260988472,0.39094061729402785,0.06023685335299531,-0.048791855463871665,0.9171457409203222,35.15000000000009,2.0,0.1736374336506846,-0.0662465114480196,0.9621441894831416,-0.0362829777014408,0.1007325813333837,-0.2716237164391308,0.9877065012997199,-0.020117759800846784,-0.09023061960889313,0.12605387068970586,35.15000000000009,3.0,-0.0830551172212562,-0.0457479524654205,0.9750251137014804,0.0431564384683512,0.027822996038994,-0.2266720197188732,-0.9940597510822464,0.011482200609571598,-0.04472358304844914,0.09855542332501135,35.15099999999984,4.0,-0.1413615666775168,0.009761469127693,0.9693867242679504,0.025953906054111,0.0690385128346932,-0.2971050722944597,-0.48853159837770616,-0.07386076884548323,-0.02227877112848787,0.8691289435803425,35.21900000000005,5.0,-0.0460699091518582,-0.0343937541194201,0.9782088903441392,0.1820652961715029,-0.0210046231837076,0.0741477990762838,0.9899771057885415,-0.013022796177281947,0.025150803290154986,0.13835885908798196,35.2199999999998,6.0,0.0039948468163629,0.0022148378751919,0.9803770375177606,-0.0028103389689129,-0.0219690558607868,0.0147422026700825,0.8070922457615931,0.0043142318533308825,0.01079356461258575,0.5903109292550641,35.2199999999998,7.0,0.0368262083107599,0.039709511749102,0.978351667376358,-0.0092158058282053,0.0065929060286576,0.0020200566574592,-0.7695920265898748,-0.001149002990475263,0.015299368181522924,0.6383515659373472,35.2199999999998,8.0,0.012691278519591,-0.0168725195048161,0.9794101538860508,-0.0051097077609133,0.0039547042776263,0.0153266024064328,0.9701658552579272,-0.01296251747896092,-0.005066422912711229,0.24204238841808623
527,35.20899999999983,0.0,-0.003824902723179,-0.0795465708748176,0.9768376083982516,0.0060310561203832,0.0021097661379827,-0.0318199909615994,0.9983398169515788,-0.029237132608434142,0.0008877768373620726,0.049618664010753835,35.20899999999983,1.0,0.1518679810626862,-0.0488603567255904,0.967162231411355,-0.0338312654815417,0.0551472286027321,-0.0710285176893905,0.3944055439157476,0.0573602342257928,-0.04952111573269935,0.9158066005192768,35.20899999999983,2.0,0.170381156242295,-0.0685595896803295,0.963167090519814,-0.052688209436517,0.0378661186368565,-0.0460979922866881,0.9880875774017513,-0.023115394460105746,-0.08882332664919974,0.12352746482568695,35.21000000000004,3.0,-0.0830551172212562,-0.0457479524654205,0.9750251137014804,-0.0047504760066742,-0.0161502803856634,-0.0261692164568701,-0.9939512004845203,0.012614145202217106,-0.04391018287050341,0.09986886520070908,35.21000000000004,4.0,-0.1416346795403321,0.0088282936782351,0.9691530729364884,-0.0088924034671684,-0.0228853233879504,-0.0236971888501301,-0.4875052411913295,-0.0717825071879027,-0.023117036744758936,0.869857180280156,35.23500000000013,5.0,-0.0427763790374955,-0.0207153442505968,0.9779770221784456,0.0807996839869622,-0.0287698711549613,-0.0218327363257873,0.9902200068984105,-0.008898644982298356,0.0237779372974767,0.13718513678044003,35.23500000000013,6.0,0.0050238941166161,0.0012481952929771,0.9804586694483431,-0.020946844599084,-0.008182761111442,-0.0060231135603927,0.807288225102908,0.00347806726096768,0.008597512640910616,0.5900844917761471,35.23500000000013,7.0,0.0362325410671788,0.0385354186977632,0.9788703818553316,0.0195277659962875,-0.0157375692455911,-0.1034465044113,-0.766259959188347,-0.0016891263364857472,0.01766263127121119,0.6422856477093889,35.23500000000013,8.0,0.012691278519591,-0.0168725195048161,0.9794101538860508,-0.0048293193345399,-0.0087465318357956,-0.0668668338692947,0.9709724550023835,-0.012456344536224736,-0.005921797753668558,0.23879334877421413
528,35.23999999999978,0.0,-0.0039553781926345,-0.0786434747030988,0.9764284709439686,0.0275545860904933,-0.0001932347424356,-0.0437673790694047,0.9984544079423867,-0.02896184437265269,0.0007968647248671268,0.04742754302683601,35.23999999999978,1.0,0.1518679810626862,-0.0488603567255904,0.967162231411355,-0.0081177493167277,-0.0274771660771505,-0.0885777703190079,0.3983991305106996,0.05908941156905086,-0.0505998812580573,0.9139071212466902,35.23999999999978,2.0,0.1743375946977285,-0.0692570159954562,0.9614758805141268,-0.0157762294776581,-0.0292871022108182,-0.0538288189440903,0.9882257340745254,-0.02357839709649649,-0.09085993761992657,0.1208239605331999,35.23999999999978,3.0,-0.0795068093656451,-0.0458016233159411,0.9743874376068892,0.0063434278244726,-0.078251615289895,0.0968977573684759,-0.994584952597822,0.013138394514295387,-0.03993960105699967,0.09504200609721279,35.23999999999978,4.0,-0.1421302376870962,0.0067054404671519,0.9696509849441451,-0.0723896781680921,0.0242320544133809,-0.0868623278056236,-0.48390461463824236,-0.07032447866012742,-0.02809599826129822,0.8718379473931475,35.27500000000009,5.0,-0.0428040096130592,-0.0294720656890495,0.978541881630554,-0.2084688710843178,0.0216153273013361,-0.0909996850419209,0.9906601904849077,-0.02038051435608297,0.02290414968209545,0.132862415868175,35.27500000000009,6.0,0.006020830266752,0.0012686066270124,0.9803831599125544,0.0203580044794618,-0.0112534202978821,-0.0948383931488444,0.8100907354508323,0.00447752812311974,0.007691957369242443,0.5862369707468695,35.27599999999984,7.0,0.037419875554341,0.0408836048004408,0.9778329528973846,0.0016720304366588,-0.0136249554379656,-0.0225330325236724,-0.7655083841951846,-0.0015384201984917074,0.019275318072324268,0.6431352961106872,35.27599999999984,8.0,0.0137796201997024,-0.0166208861133847,0.9802774445084196,0.0003074826117503,-0.000694769817473,-0.0253391815153571,0.9712812376797124,-0.011835180394355046,-0.00625956371114721,0.2375573692785494
529,35.315000000000055,0.0,-0.0038202605193024,-0.0773109584131927,0.9768825012860032,0.0203004653915979,-0.0107338569935387,-0.0779447229757834,0.998630958030216,-0.028982298832800037,0.0001240681821444246,0.04354561545213854,35.315000000000055,1.0,0.1543523850826341,-0.0469456306657599,0.9667602851693362,0.006554503548938,-0.023197218585915,-0.0539240412723985,0.4007726145411028,0.06079064973201724,-0.050902925772926405,0.9127402152238083,35.315000000000055,2.0,0.1768778880050365,-0.0676615359480479,0.9614390928644564,-0.0004022680427906,-0.0162272452103502,-0.1195340681727839,0.9888270779346177,-0.02294255041867027,-0.09213616840288363,0.11491551590454493,35.3159999999998,3.0,-0.0750305479157947,-0.0454449205840123,0.9757423717726768,-0.0320020611624644,-0.0580983046710025,0.0569994873698336,-0.9949278198490795,0.015524442803946593,-0.03728846159580939,0.09212597678072408,35.3159999999998,4.0,-0.1402900813370802,0.0019609143732041,0.9693295868244484,-0.0893838058496489,-0.0357865255470497,0.0143491649871181,-0.4848618014648703,-0.06591428832990202,-0.031660462825368094,0.8715285165546144,35.36299999999983,5.0,-0.0438720529912231,-0.0396825244300917,0.9777635400347012,-0.0686196338838306,0.0018259860549886,-0.0201610432148267,0.9907189809815193,-0.02408274877397862,0.02217527943179519,0.13192489877407998,35.36299999999983,6.0,0.0069856552667706,0.0022760718772979,0.9801505089103936,0.0023774712313845,-0.0039308995550155,0.0025898319750216,0.8100203987394958,0.004545341465439465,0.006612184332781284,0.5863468022554742,35.36299999999983,7.0,0.0377766847317247,0.0411042323926085,0.9787407032355884,0.0151100625737498,-0.0047623418033197,-0.050349756249846,-0.7638677605623001,-0.002221688659028306,0.020834005736837927,0.6450325981514395,35.36299999999983,8.0,0.0147690665930454,-0.0165319731016283,0.9801630316112402,-0.0016052249829968,-0.0026412059384422,-0.0159345815859163,0.971474309396865,-0.011333348132729418,-0.006722035576067742,0.23677845265078634
530,35.389000000000124,0.0,-0.0027345696634682,-0.0782100964637832,0.9769957537982862,-0.034855066589299,-0.0097726491822724,-0.0501285636813856,0.9986506693306951,-0.031798705664813375,-0.0005663175992783341,0.0410531636755788,35.389000000000124,1.0,0.154548060713046,-0.0455736133887759,0.967041851572375,-0.0088195580122568,0.0072170806067513,0.0093933602374961,0.40037701495751044,0.060486000870229574,-0.051414025335081125,0.9129054099912453,35.38999999999987,2.0,0.1758466043498277,-0.0660090840380697,0.961892807210393,-0.0144522222203352,-0.0027663967128777,0.0349271207677536,0.9885829835013651,-0.02382793065991171,-0.09244392253540695,0.11657630822029699,35.38999999999987,3.0,-0.0738643201275433,-0.0475624679821316,0.9761372208104476,-0.0152052451239002,0.0111942159438934,-0.0718657135479616,-0.9945380169706111,0.016880373201027227,-0.0381055816958954,0.09569300102084785,35.38999999999987,4.0,-0.1390867912861859,-0.0018551645888037,0.9703243905282714,-0.0208330401193394,-0.0075959142893501,-0.1081529712508552,-0.48020813835504533,-0.0644941633036097,-0.03310810744818965,0.8741535906112542,35.41399999999976,5.0,-0.0408406139540046,-0.0356480492320253,0.9784938736843533,0.0706558875965841,-0.0297468841145781,0.0271027501951601,0.9906655667395887,-0.020026884530677663,0.020803507270061826,0.13322114268309265,35.41399999999976,6.0,0.0069856552667706,0.0022760718772979,0.9801505089103936,-0.0028261570108441,-0.0027978520317344,-0.0103326139132722,0.8103282265283107,0.004357745725291907,0.005536302451492674,0.5859338910652311,35.41399999999976,7.0,0.0380770725516194,0.043227363833457,0.978106605417788,0.0570032129764561,0.0078548611401604,-0.0243153515912727,-0.7630694323593071,-0.004884375221571957,0.02319210773605423,0.6458818083955447,35.41399999999976,8.0,0.0156526094597446,-0.0154604021868461,0.9798964086990634,-0.0051703770463087,-0.0005801219967726,-0.0070277757529909,0.9715601158419528,-0.01101921370759252,-0.007105688966015633,0.23642975155160972
531,35.44999999999982,0.0,-0.0019191141542981,-0.0817742670941859,0.9762009456264992,-0.028979397035801,-0.0005194011621627,0.0055356302796046,0.9985584656343107,-0.03424264467561704,-0.0006592568657942825,0.04132792489413794,35.44999999999982,1.0,0.1537535618577556,-0.0461497969950109,0.966850059964508,-0.0161585182684888,0.0112229850106698,0.0104702243423634,0.3999678035469376,0.059834094537288746,-0.05214156278399796,0.9130864661614384,35.44999999999982,2.0,0.1755154817416628,-0.0673671366755283,0.9616782125873148,-0.0317525573523891,0.0268570686889189,-0.0599705332147105,0.9890038199580783,-0.025270849542495925,-0.0914720309978399,0.11342705063987187,35.44999999999982,3.0,-0.0738643201275433,-0.0475624679821316,0.9761372208104476,0.0238438447895989,0.0034226600724858,0.011139697559115,-0.9945904622635737,0.016025031654887154,-0.03834769536279324,0.0951969799686588,35.44999999999982,4.0,-0.1390867912861859,-0.0018551645888037,0.9703243905282714,0.0292024653286907,0.0104804956901998,-0.0065231733555452,-0.47979805197609526,-0.06538168364880617,-0.032300125814982046,0.8743430486002207,35.460999999999785,5.0,-0.0408406139540046,-0.0356480492320253,0.9784938736843533,-0.0052602801087577,-0.0008215524045864,-0.0185551339108346,0.9907888730461613,-0.02037957265595238,0.02045203817956804,0.132301913064702,35.460999999999785,6.0,0.0069856552667706,0.0022760718772979,0.9801505089103936,0.0115883808938477,-0.0007752735234154,-0.0205658517955954,0.8109306469701527,0.004711432137815915,0.005074563772488178,0.5851013049159088,35.460999999999785,7.0,0.0374905137042465,0.0451254406124766,0.9778758387401344,0.0040251608441382,0.0079056074775044,0.0457174375293046,-0.764543829602297,-0.005274785663109387,0.023663286823235413,0.6441156403239897,35.460999999999785,8.0,0.0156526094597446,-0.0154604021868461,0.9798964086990634,0.0015686383740642,-0.0014537632618681,0.0032830875692106,0.9715268499370141,-0.010402727947242583,-0.007407823467717929,0.2365850528968158
532,35.49400000000014,0.0,-0.0019191141542981,-0.0817742670941859,0.9762009456264992,-0.0031309624241447,-0.0071427448913721,0.0411151344131468,0.9984395279554771,-0.03513907409859589,-0.000958945462168824,0.0433916456375896,35.49400000000014,1.0,0.154548060713046,-0.0455736133887759,0.967041851572375,0.0118766397355408,-0.0127214248350268,0.0345194771393557,0.3983241576759954,0.060886185912208755,-0.05205352140075019,0.9137402085311527,35.49400000000014,2.0,0.1755154817416628,-0.0673671366755283,0.9616782125873148,0.0088998668993009,-0.0191062978916324,0.0421155803355707,0.9886738202207204,-0.024795381535201066,-0.0924986716261459,0.11555631532758828,35.49400000000014,3.0,-0.0738643201275433,-0.0475624679821316,0.9761372208104476,0.0094803451183644,0.0011427002852201,0.0696260924631751,-0.994906953183837,0.015869901839213107,-0.03856639103062403,0.09176564828377187,35.49499999999989,4.0,-0.1396025474590919,0.0007759649290967,0.9689785996715102,0.018254908469506,-0.0068368423078129,0.1180145719192341,-0.48490123266406293,-0.06546355144472192,-0.031122436163803675,0.871559930217278,35.52300000000014,5.0,-0.0414908220317909,-0.0343966721631431,0.9783876433353128,0.0303741899651046,0.0167091380414028,0.0306342174912057,0.9906021197125554,-0.01893698389829409,0.02133136659711621,0.13376772353945193,35.52300000000014,6.0,0.0069856552667706,0.0022760718772979,0.9801505089103936,0.0094380879466148,0.0029332251255179,0.0098318157071272,0.8106421344393973,0.00484236426218729,0.004738866236803827,0.5855027109473362,35.52300000000014,7.0,0.0371901258843518,0.0430023091716281,0.9785099365579348,-0.0333055907275593,0.0184937054197007,0.0855044449403675,-0.7673210066713668,-0.004420281478709126,0.02240029496774534,0.640856583501993,35.52300000000014,8.0,0.0166420558530876,-0.0153714891750896,0.979781995801884,-0.00298397735761,-0.0002169690032743,0.0213152864708521,0.9712769060616736,-0.010073985216759104,-0.0077125659975762,0.23761355790200284
533,35.54,0.0,-0.0016535210115106,-0.0813448469759987,0.9770641134228172,0.0008751634876846,-0.013498476720278,0.0539632243788381,0.9982969074605148,-0.03570630158735782,-0.001534564581267409,0.04610845576757862,35.54,1.0,0.1554434670224129,-0.0448112545414154,0.966256322114622,0.0358368034161866,-0.0248098414543218,0.0798720504871,0.3945050341466913,0.062810126182487,-0.051235764785549684,0.9153117296794016,35.54,2.0,0.1755154817416628,-0.0673671366755283,0.9616782125873148,0.0475679399040575,-0.0510490885278144,0.1740256415084884,0.9874429189356653,-0.022862893816087,-0.0946288601251468,0.12441522720946528,35.54,3.0,-0.0738643201275433,-0.0475624679821316,0.9761372208104476,-0.001884306925996,0.0065860591732719,0.0669655073770818,-0.9951803961245782,0.01628889848600073,-0.03908004201907836,0.08844999305385644,35.54,4.0,-0.139380102175143,0.0019656426907221,0.9682470363323912,-0.0021977889921046,-0.004317091034444,0.1266290927096712,-0.49042003400657247,-0.06516221953804016,-0.03097018460517657,0.8684946304125257,35.581,5.0,-0.0399687168003337,-0.0335903607322744,0.978569460663478,0.1176899574408025,-0.0134992414315886,0.1113406086394883,0.9899597154337687,-0.01298009266863543,0.021181507214691486,0.13914964162627,35.581,6.0,0.0070177664168879,0.0012890179610478,0.9803076503767651,0.0099390346948186,0.0042952547593957,0.0260594941373291,0.8098778016372734,0.004904385425386392,0.004472211996860537,0.5865610733236837,35.582,7.0,0.037419875554341,0.0408836048004408,0.9778329528973846,-0.002828754343532,0.0298870645220233,0.0926745322363142,-0.7703160853835154,-0.0051017415538623595,0.021748811895566905,0.6372708137155393,35.582,8.0,0.0175255987197869,-0.0142999182603074,0.9795153728897068,-0.0194853819398354,0.005615016529521,0.0463675945258607,0.9707205301795875,-0.010593583420710921,-0.00791769822472686,0.239847322963987
534,35.58500000000004,0.0,-0.0017886386848427,-0.0826773632659046,0.9766100830807825,-0.0222480594334473,-0.0076704955254185,0.0460467352933943,0.9981229524066014,-0.03745289540234883,-0.001832635951337653,0.048419974706519334,35.58500000000004,1.0,0.1549455512516109,-0.043829245629541,0.9653687758441742,0.0304866125738082,0.001301036570953,0.1082237742215944,0.3894602330628461,0.06319174298489424,-0.05024063958511173,0.917498451560134,35.58500000000004,2.0,0.1755154817416628,-0.0673671366755283,0.9616782125873148,0.0345455505346081,-0.0071852473672947,0.1239241917867727,0.986665985601973,-0.02171484374904439,-0.09452820234737623,0.1307024000468817,35.58500000000004,3.0,-0.0740686849543496,-0.0461993108619598,0.976453508153365,0.0168868940650619,0.0029764033929177,0.0460914624696442,-0.9953794363434736,0.015730414368036426,-0.03925736079746656,0.08620435830963749,35.58500000000004,4.0,-0.1396025474590919,0.0007759649290967,0.9689785996715102,-0.0018961281114551,0.0224134145104988,0.0568670561276817,-0.49283599587686294,-0.06590489248035802,-0.03179858302929555,0.8670398355511367,35.639000000000124,5.0,-0.0399687168003337,-0.0335903607322744,0.978569460663478,0.0138561618990001,-0.0112922065497809,0.0598309964035828,0.9895608338595665,-0.012835649977518938,0.020421417245001093,0.14208296132372727,35.639000000000124,6.0,0.0080147025670238,0.0013094292950831,0.9802321408409762,0.0189565488753277,0.0098460640993716,0.037980343613333,0.808758441923286,0.005194813952762927,0.004677905349940846,0.5880994080317986,35.63999999999987,7.0,0.0362396494633871,0.0416075885281216,0.9781209006987046,-0.0047665492522387,0.0177285742455503,0.1019671492887973,-0.7735764232185156,-0.0053198676152398676,0.021544860869222852,0.6333143259228631,35.63999999999987,8.0,0.0166420558530876,-0.0153714891750896,0.979781995801884,-0.0173459951010665,0.001144906617478,0.0125803551039156,0.9705656294439189,-0.010952565863497516,-0.008283859245402423,0.2404449581903053
535,35.659999999999854,0.0,-0.0019237563581747,-0.0840098795558107,0.9761560527387476,-0.0303188073800024,-0.0024154731450961,0.0495553412059932,0.997920362290532,-0.03950974473644914,-0.0018553368048854486,0.05089684000146155,35.659999999999854,1.0,0.1535460898937007,-0.0426099287702937,0.9675029675657568,0.0398506183932459,0.0191776548362285,0.0958092119121095,0.38498830511645327,0.06289946677250277,-0.04839700491638509,0.9195027960362159,35.66100000000006,2.0,0.176693368785597,-0.0654772573556003,0.9618805446605028,0.0317474781729724,-0.0079564743067213,0.0680571712314427,0.9862151803612744,-0.0203851449579636,-0.09460819580084406,0.13421383377778623,35.66100000000006,3.0,-0.0734816422793111,-0.0453921507599609,0.976515745340197,-0.0107214197138192,-0.0086480538316755,0.0926998701574752,-0.9957681485070591,0.01653094030719295,-0.038961179872518285,0.08157541844406856,35.66100000000006,4.0,-0.1408363070627108,9.456347428844493e-05,0.9688622841615248,-0.0292967356768154,0.0129156660217042,0.0760335857953768,-0.4961845495148715,-0.06554012024872712,-0.03351706313006453,0.8650907420263158,35.68600000000015,5.0,-0.039747027724449,-0.0302812951636412,0.9785388172935626,0.0570611009588391,-0.0013793045435001,0.1043844613112837,0.9888425947231971,-0.010432073863340241,0.02055974199313779,0.14716926209361889,35.68600000000015,6.0,0.0079825914169065,0.0022964832113332,0.9800749993746044,0.0097603836169058,0.0108682497528371,0.046280201223284,0.8073936472510476,0.005095664499885132,0.004664309938306167,0.5899726915669529,35.6869999999999,7.0,0.0362396494633871,0.0416075885281216,0.9781209006987046,0.0121817065794825,0.0230188208211375,0.1205527398219341,-0.7774050816821914,-0.0063335420428514595,0.021698907252835138,0.628593972802738,35.6869999999999,8.0,0.0176315022464306,-0.0152825761633331,0.9796675829047043,-0.0151726953050967,0.0119934942857438,0.0306530265198512,0.9701984725961168,-0.01129108723873889,-0.008099413843885255,0.2419128657523506
536,35.7489999999998,0.0,-0.0020588740315067,-0.0853423958457168,0.9757020223967128,-0.0578685101758341,-0.0027091566489727,0.0709170047429905,0.9975974962083742,-0.04280495414289214,-0.0019176175203102106,0.05443614794098899,35.7489999999998,1.0,0.1529472666688221,-0.0418140950995446,0.9675927423609286,0.0207843668151261,-0.0058149734198992,0.1415830584860634,0.37839659012472066,0.06332146455061273,-0.048155086057275476,0.9222187920423038,35.7489999999998,2.0,0.1761777269579926,-0.0646510314006112,0.9621074018334712,0.0336962689408142,0.0002807525767743,0.1186521197156978,0.9854412893913043,-0.01931409813160883,-0.09418380256083742,0.1402206907390894,35.7489999999998,3.0,-0.0732772774525048,-0.0467553078801326,0.9761994579972798,-0.0239042290920946,0.008419164690038,0.0658062537186609,-0.9959842614493183,0.01797925852811174,-0.03956558442384709,0.07827299494228415,35.75,4.0,-0.1401487731847225,-0.0010903859698189,0.9685112970085864,-0.0262675800757265,0.0002764272240655,0.0714308050435333,-0.4993434689100599,-0.06466184090593048,-0.03469560465059749,0.8632908903755755,35.74499999999989,5.0,-0.0386662129205891,-0.022492688758928,0.978950459896094,0.1352921722578421,-0.0293781911584377,0.1073556074547486,0.9881233645870203,-0.0038031409525907576,0.019850867689554432,0.1523275927995089,35.74499999999989,6.0,0.0069856552667706,0.0022760718772979,0.9801505089103936,0.0143719062302921,0.0116356053993328,0.035719093676127,0.8063351450682619,0.005135234163758697,0.00486304172385531,0.5914166162892455,35.74499999999989,7.0,0.0356459822198059,0.0404334954767828,0.9786396151776782,-0.0250802871512068,0.0145603395778535,0.0988011760625279,-0.7805282649622998,-0.005533427538129775,0.02091340088928202,0.6247460591615338,35.74499999999989,8.0,0.0177374057730743,-0.0162652340663588,0.979819792919702,0.0021405188160603,0.0089809869753455,0.0071850301917899,0.970121850040145,-0.010756070670515278,-0.007902823879387327,0.24225079647577777
537,35.79500000000007,0.0,-0.0013785361956686,-0.0902390827660255,0.974453183882891,-0.0365969071575031,-0.0282881897139519,0.106214082394404,0.997195949509079,-0.04489392869828822,-0.0031785883806891672,0.05978854425912719,35.79500000000007,1.0,0.1535460898937007,-0.0426099287702937,0.9675029675657568,0.0150531955898154,-0.0277031240570807,0.2137909987664991,0.3684277581892526,0.064473885577702,-0.04884384333186638,0.9261308676654325,35.79500000000007,2.0,0.1780557750489708,-0.06577165662812,0.9616414249376444,0.0192286263843212,-0.0520169256421317,0.3100898671834182,0.982912652549931,-0.019581417825697778,-0.09638216082951545,0.15559487333144165,35.79599999999982,3.0,-0.0732772774525048,-0.0467553078801326,0.9761994579972798,-0.0178088049852924,-0.0146809683408805,0.1312278702787675,-0.9964839831290813,0.018952925148827664,-0.038988597600016446,0.07169621505133952,35.79599999999982,4.0,-0.1396025474590919,0.0007759649290967,0.9689785996715102,0.0176246471817513,-0.0382547652355673,0.2442307018648118,-0.5099087895829303,-0.06362585162193964,-0.03225608790905666,0.8572656076760907,35.85199999999986,5.0,-0.0379756028415433,-0.0174091967256866,0.9781251317997036,0.0234556651881782,0.0081824345898439,-0.0061039885279068,0.9881695451068401,-0.003506525257882486,0.020229684823647513,0.15198491456684957,35.85199999999986,6.0,0.0069535441166533,0.003263125793548,0.9799933674440215,0.0236144068236222,0.0149515828982096,0.0268922581529529,0.8055317290352308,0.0054817413202968785,0.00548264786034546,0.59250191949229,35.85199999999986,7.0,0.0359392616434923,0.039484457087273,0.9787549985165048,-0.0134556282919722,0.013316785574594,0.0968413557659175,-0.7835634068884231,-0.005195626219674055,0.020597592956881846,0.6209485743747027,35.798,8.0,0.0072963672926706,-0.0377314784233829,0.9864669779370804,0.1088167174408399,-0.1382236115536973,-0.5667437493803004,0.9766029510731865,-0.004234525395669719,-0.013482316269833941,0.21458558175659626
538,35.86900000000014,0.0,-0.000162369870379,-0.0920413169883349,0.9749755738494568,-0.0356810319159124,-0.0481118509787067,0.0941589590900742,0.9968018329324485,-0.04674980591086812,-0.005418561689327575,0.06458483335138403,35.86999999999989,1.0,0.1543467280267323,-0.043033411958792,0.965458550639346,0.0210826983016913,-0.0449379511936102,0.212380463475699,0.3584260597706634,0.06650655304382053,-0.049470115138110164,0.9298711447226053,35.86999999999989,2.0,0.1790870587041796,-0.0674241085380981,0.9611877105917076,0.0165047175476949,-0.0459547455358619,0.2141167533028287,0.9809878443587476,-0.019465167040316506,-0.09826426681958504,0.16621699780371257,35.86999999999989,3.0,-0.0726902347774664,-0.0459481477781337,0.976261695184112,0.0061940909150673,-0.0048848772698207,0.0554053800349358,-0.9966913922744309,0.01873214530367808,-0.038746927704258805,0.06894962575576057,35.86999999999989,4.0,-0.1375494492670269,0.0042568927322785,0.9697958691758816,0.0412617735959824,-0.0277943811946627,0.0627769290263326,-0.5125026834015987,-0.06339157643519149,-0.02976051971116559,0.8558252269066058,35.909999999999854,5.0,-0.0371164771135682,-0.0129296558896066,0.9785674177721504,0.1581369220428906,-0.0127338664881559,-0.0089150429134914,0.9882573028824274,0.0038054504597363485,0.02055363558498853,0.1513623794428074,35.909999999999854,6.0,0.0068893218164187,0.0052372336260482,0.9796790845112782,0.0177613646965106,0.0068906379360694,0.0052218720492098,0.8053719864842203,0.0058698310723445555,0.005611760390577353,0.5927141103558795,35.909999999999854,7.0,0.0364622907371679,0.036416714326576,0.9781933981947816,-0.0480533489164716,-0.0071891432076707,0.0902372764050472,-0.7863643866628351,-0.002772236329608264,0.019956676977760112,0.6174342856840082,35.85199999999986,8.0,0.0176315022464306,-0.0152825761633331,0.9796675829047043,0.0160895081196074,0.0067376035999522,0.0116630375442551,0.9764878589666732,-0.003674195287892595,-0.012676488077676481,0.2151680000132117
539,35.93100000000004,0.0,0.002964227227668,-0.0938356349683876,0.9749061939320224,-0.0591287389654014,-0.0426938549101621,0.0444885816246514,0.9964947847859369,-0.049670695213411796,-0.007545795239091012,0.06688816715724522,35.93100000000004,1.0,0.1563388733317799,-0.044048895694055,0.9654707926568696,0.0194835443790975,-0.0399974854101419,0.1695822374243215,0.35038498236566595,0.06830376964905739,-0.049886214370771134,0.9327788187990194,35.93100000000004,2.0,0.1814807486227621,-0.0693709597205959,0.9604948765229128,0.0154463787621192,-0.0564551104069075,0.2122558331407992,0.978911232759902,-0.019287588794391585,-0.10063209843500305,0.1767313443041591,35.93199999999979,3.0,-0.0726902347774664,-0.0459481477781337,0.976261695184112,-0.0121837930931054,-0.0222214228502002,0.0189218332550154,-0.9967826774820865,0.019590459237474694,-0.03769058268066127,0.06797005043178786,35.93199999999979,4.0,-0.1351325976386555,0.0058761979540626,0.9690632855252714,0.0314966089645476,-0.0446200572552878,0.0293440406178771,-0.5137052574266389,-0.062089608315273104,-0.027495820001419844,0.8552752591499044,35.9989999999998,5.0,-0.0358267446595196,0.0005898684200687,0.979315115998088,0.2190699553634337,-0.0427659264652598,-0.0373823168445258,0.9884970287789103,0.014290465844729552,0.01988004670058689,0.14924540336100606,35.9989999999998,6.0,0.0068893218164187,0.0052372336260482,0.9796790845112782,0.0102395526852349,0.0081466459246288,-0.0197825977022007,0.8059548790916254,0.005871881537152274,0.005563168311734975,0.5919217051552952,35.9989999999998,7.0,0.0373421290082271,0.0335695991580466,0.978539548211262,0.0302911140581061,-0.0243728696742454,-0.0036754872962892,-0.7862155158784428,-0.0031076871501115643,0.022411123340976245,0.6175380526114698,35.909999999999854,8.0,0.0174196951931432,-0.0133172603572817,0.9793631628747091,0.0527712966335717,0.0038186032553516,0.0016957448610167,0.9764809262586452,-0.0012448936372934398,-0.011669167192908565,0.21528418759842594
540,36.07999999999993,0.0,0.0059464222446298,-0.1014336941615961,0.9742929978970496,-0.051181892920056,-0.0109510144647979,-0.1063919790246982,0.9966926459404888,-0.05232903021747784,-0.008437104859373924,0.0615975436704881,36.07999999999993,1.0,0.1587341662312942,-0.0472322303770512,0.9651116934761824,0.0073188773834467,-0.0389027571633921,0.0301329652201246,0.34884569385403263,0.07010515577032522,-0.0504660840603284,0.9331908290234815,36.08100000000013,2.0,0.1849057221965535,-0.0729702628130719,0.9593483281081812,-0.0121453856683335,-0.074317956374288,0.1084272248633731,0.9775519651600858,-0.019838661591623927,-0.10419968710178053,0.18204671962383343,36.08100000000013,3.0,-0.0664267934971204,-0.0480665962027221,0.9767922416948116,-0.0378909918646094,-0.0484715713077471,-0.0291300322139461,-0.9967334165279069,0.021956325749378967,-0.035153077726992124,0.06931577931837248,36.08100000000013,4.0,-0.1322304593901028,0.0003668932411301,0.97055498092526,-0.0507497003274555,-0.0524329267841273,-0.0248315453862559,-0.512830395103853,-0.05811530871304928,-0.029107987961444474,0.8560258885031746,36.03200000000015,5.0,-0.0312327983895843,0.0117655241511275,0.9792957085304748,0.1622474767231271,-0.0811647860105932,-0.0499133298304941,0.988823292301667,0.02179449187525397,0.016809572668563554,0.14652963861380278,36.03200000000015,6.0,0.006896424032238,0.0073704261650988,0.9803494867411888,0.0301443745742731,-5.2545670435617605e-05,-0.0342567700379133,0.8069606095507805,0.007003727215522866,0.005847483486134397,0.590534782528009,36.03200000000015,7.0,0.0404304163373189,0.038707226547737,0.9782801909717752,0.1213510224775281,-0.0635667590422841,-0.0658967966277398,-0.784076208211254,-0.005943808217298651,0.02923179723365168,0.619947314609418,36.0,8.0,0.018091431006555,-0.0102803736364482,0.9787921199325372,0.0494669072573723,0.0066639017925284,-0.0338223631458037,0.9768492145819638,0.0009298431830878233,-0.010658025454218512,0.21366130640729625
541,36.13999999999987,0.0,0.0068923532232554,-0.1059009609637177,0.973907327179546,-0.0824107673242933,-0.0083912567526754,-0.1334415267140745,0.9968462558008544,-0.05650071268296331,-0.009328069884305441,0.05493813679374435,36.13999999999987,1.0,0.1599318126810513,-0.0488238977185493,0.964932143885839,-0.0166259648593637,-0.0073834424015268,-0.0454472975051168,0.350988155763237,0.0700636467009241,-0.051377241729711774,0.932340484456798,36.13999999999987,2.0,0.1857366635782852,-0.0761665388629408,0.959653869976278,-0.0364191054426715,-0.0193158059171455,-0.0647466096014261,0.9780273968980281,-0.021216288537027415,-0.10520077309573979,0.17873185882108297,36.13999999999987,3.0,-0.0654310211684694,-0.0499857503410666,0.9762219041958092,-0.0294094204677108,-0.0081063273093302,-0.1082242532513519,-0.9963220438479005,0.02375886566530856,-0.034718276145832276,0.0746494644756529,36.13999999999987,4.0,-0.1297934097355896,-0.0027677842660695,0.9716661001390682,-0.0420369741588422,-0.0294358169601236,-0.1694413467001902,-0.505713380152598,-0.055360262064411025,-0.031249173551633758,0.8603561516436862,36.096,5.0,-0.0026945499466585,0.1463181061219371,0.9870168163035108,3.5881499051829078,-0.6636369618756772,-1.2605007586621495,0.9758664537828087,0.20519388316724047,0.022345298216650426,0.07127988734364757,36.096,6.0,0.1177476298570884,0.023415418391027,0.969389379661324,-0.0506051818946716,-0.4305459710726345,-1.5711595074445923,0.8523413405408797,0.020915072322989683,-0.01737217662241572,0.522278667412426,36.096,7.0,0.1125771681288509,-0.0458375079790971,0.9517423634054422,5.290351290904641,-1.0154382120430374,0.2048065377159998,-0.7796122354772337,-0.17459422146119777,0.2329433292563775,0.5544898786105147,36.03200000000015,8.0,-0.0213138176143606,0.0070270153551165,0.9690275239815952,-0.0011509892508467,-0.1771647422054632,-1.329868517887061,0.9889200422417675,0.003500164842202865,-0.016932981519892133,0.14743870942010123
542,36.26899999999978,0.0,0.0087934995882597,-0.1103642696447108,0.973225771520042,-0.0460153800946802,-0.0015060787202218,-0.1379555424110988,0.9970717442381748,-0.05868408315185338,-0.009761164993764804,0.048050336985651254,36.26999999999998,1.0,0.158941638195349,-0.0507720986017684,0.9644587858749336,-0.0447033417708522,0.0207673206448951,-0.1556695377837598,0.35844319758325194,0.06839876234869771,-0.05272415551070127,0.9295484101654651,36.26999999999998,2.0,0.1850744183619554,-0.0788826441378578,0.959224680730122,-0.0528010443995087,0.0330350774467463,-0.1780137607094798,0.9797324829741809,-0.02331018536070144,-0.10380190266345779,0.16972348708161059,36.26999999999998,3.0,-0.0644691582070243,-0.0507401406190142,0.9769330405764972,0.0156309429046355,-0.0205914716850676,-0.1075335090207812,-0.9959607319253158,0.023204765914383592,-0.03351256481935786,0.08000417052176798,36.26999999999998,4.0,-0.1293789887204167,-0.0048859091596347,0.9710814616546678,0.0078894736435283,-0.0154290501228412,-0.1343452102466146,-0.49991378811312637,-0.05472984779795025,-0.03133326067853659,0.8637760560409442,36.16,5.0,0.0258436984962671,0.2808706880927468,0.994737924076547,7.014052333642688,-1.2461091377407614,-2.4710881874938053,0.864452020989915,0.4925913458570435,0.04930315870147667,-0.08743951014990543,36.16,6.0,0.2285988356819388,0.0394604106169552,0.9584292725814596,-0.1313547383636163,-0.8610393964748334,-3.108062244851272,0.9252106475221131,0.04541545811925365,-0.06121533798095716,0.3717194859990628,36.16,7.0,0.1847239199203829,-0.1303822425059312,0.925204535839109,10.459351559331754,-1.967309665043791,0.4755098720597395,-0.6543163958809601,-0.42927331495298887,0.5581657158959332,0.27576350148089424,36.16,8.0,-0.0607190662352762,0.0243344043466813,0.9592629280306528,-0.0517688857590659,-0.3609933862034548,-2.6259146726283187,0.9994408274316763,0.006181462454287437,-0.0293482427004588,0.014781834629268716
543,36.33899999999994,0.0,0.0087888573843831,-0.1125998821063356,0.97318087863229,-0.0336417876186008,0.0020779211675162,-0.1233258150218907,0.997260343486543,-0.060164557622778066,-0.009859587722830729,0.04189059375436921,36.33899999999994,1.0,0.1579453244319055,-0.0517206326902542,0.9662216363983058,-0.0490290663739647,0.0136474007238716,-0.1564009792094864,0.3659105534427004,0.06703190271093079,-0.054333870052421816,0.9266412582349954,36.33899999999994,2.0,0.1833808894904167,-0.0799462975027967,0.9592492058299024,-0.0562502500746097,0.0434823535142947,-0.2192871649855236,0.9817257488102125,-0.025402864070313717,-0.10200491532480135,0.1586324237652336,36.33899999999994,3.0,-0.0625036653551026,-0.0496818174331891,0.9768034647940764,0.0355988237600305,-0.0226646393030145,-0.0923182602358168,-0.995657979783639,0.02163027348870143,-0.03217453401644069,0.08462929707135422,36.33899999999994,4.0,-0.1293789887204167,-0.0048859091596347,0.9710814616546678,0.0171527982686902,0.0111491952270724,-0.1527219642098014,-0.493235859997051,-0.0555279142268243,-0.031686716229074485,0.867543076261465,36.224,5.0,0.0543819469391928,0.4154232700635564,1.0024590318495832,10.439954762102468,-1.8285813136058453,-3.681675616325461,0.5872914777430728,0.7459928902090911,0.08018606219599526,-0.30356798803125595,36.224,6.0,0.3394500415067893,0.0555054028428835,0.9474691655015948,-0.2121042948325611,-1.2915328218770323,-4.64496498225795,0.9817890202410822,0.07550852294707618,-0.11861186788119854,0.12774978471269322,36.224,7.0,0.2568706717119149,-0.2149269770327654,0.898666708272776,15.628351827758868,-2.919181118044544,0.7462132064034792,-0.26077749229578334,-0.5296533086206203,0.7639193343234477,-0.26055656358259927,36.224,8.0,-0.1001243148561918,0.0416417933382462,0.9494983320797108,-0.102386782267285,-0.5448220302014465,-3.921960827369576,0.9827883925172747,0.00853746557139264,-0.04592659240235431,-0.1787311817373689
544,36.39499999999998,0.0,0.0097394305668852,-0.1148315364468323,0.972840100802538,-0.0386351173243806,-0.0022957610669986,-0.0993934650435252,0.9973495658925807,-0.061865035207280566,-0.010120959811469994,0.03693409001420632,36.39599999999973,1.0,0.158941638195349,-0.0507720986017684,0.9644587858749336,-0.0067048636948542,-0.0076557495199997,-0.0857274990573156,0.3698861783755323,0.06741645744382466,-0.05447787579626001,0.9250250793147158,36.39599999999973,2.0,0.1835274928791421,-0.0764039662728906,0.9599052522490268,-0.0230424893698342,-0.005137073625966,-0.1344506791246248,0.9827498441232776,-0.02563489346915002,-0.10232366742598457,0.15190609993346368,36.39599999999973,3.0,-0.0613295800050257,-0.0480674972291913,0.9769279391677406,0.0285811122842622,-0.0269264155322429,-0.0409613643674247,-0.995551267007709,0.020404618043431404,-0.030781893106519524,0.08668218605126243,36.39599999999973,4.0,-0.1296014340043655,-0.0060755869212602,0.9718130249937867,-0.0115960817135384,0.0037990378501042,-0.076316373578637,-0.48992961201601914,-0.05534173628740161,-0.032867405302730676,0.8693825401761843,36.28800000000001,5.0,-0.0266388521196489,0.0229411798821864,0.9792763010628616,0.1437318600549841,-0.0590680637692632,-0.0360978389875916,0.6145679015549794,0.7153945844649058,0.07350872328181698,-0.3242118913582155,36.28800000000001,6.0,0.0068643128821206,0.0083574800813489,0.9801923452748172,0.0245100411071087,-0.0019026819791346,-0.0236238909128486,0.983637010985289,0.06990191226839743,-0.10708148258017201,0.12690748350503198,36.28800000000001,7.0,0.0435893418163163,0.0480866897494632,0.9780637195750383,0.1530530350451806,-0.0524647094534272,-0.0929769615391557,-0.28105417805655536,-0.5294401317396064,0.7480258972894407,-0.2848841043035384,36.28899999999976,8.0,0.0185373432869289,-0.0029874145441621,0.9795756439694708,0.037860885164323,0.0093261325139683,-0.0085600259197009,0.9828906142633662,0.00932956581874806,-0.04211911118431003,-0.1790669709010013
545,36.440000000000055,0.0,0.0116452191357661,-0.1170592326662006,0.972203438030786,-0.0619697462226209,-0.0015337854812383,-0.1115994176229894,0.9973591087363138,-0.064669674046499,-0.010477801015958238,0.03135055287065054,36.440000000000055,1.0,0.1593329894561727,-0.0480280640478003,0.9650219186810108,0.0027932245776012,-0.0040713686507447,0.006120391326175,0.36959157228883927,0.06756541718118945,-0.054314018684039685,0.9251415953618047,36.440000000000055,2.0,0.1843900803689491,-0.0721440368580828,0.9595751852811494,0.004819686660333,0.0096987110436184,-0.0436019622246213,0.9831798444136551,-0.024900041678755647,-0.1015441746064623,0.1497536712959969,36.440000000000055,3.0,-0.059364087153104,-0.0470091740433662,0.9767983633853196,0.009061638998903,-0.0237820008110895,-0.0742992558668526,-0.9952613252064065,0.020259328306448807,-0.029634143646176697,0.09036742607442545,36.440000000000055,4.0,-0.1294601258520079,-0.0091268872642833,0.9709947351779245,-0.0407145066323218,0.0096508619713764,-0.1963731434187958,-0.481479019724719,-0.05446912114176758,-0.035773709608311416,0.8740316413653612,36.302000000000135,5.0,-0.0226823425018041,0.0329463603457984,0.9787839642528864,0.1218762058162308,-0.0606188385123131,-0.0142421050707502,0.6419062204647206,0.6824766136897453,0.06577312037565977,-0.34330157665138183,36.30299999999989,6.0,0.006800090581886,0.0103315879138491,0.9798780623420736,0.0134106817395043,-0.0081617299258598,-0.0262399025949482,0.9851973098684922,0.0644202171608876,-0.09701767021816263,0.12579295653680359,36.30299999999989,7.0,0.0485221606298486,0.0579162622748474,0.9770405858980076,0.1225718423696268,-0.0663675825179609,-0.0920368822389266,-0.3031547296234401,-0.5280533868433771,0.7307893141017718,-0.3085511447796618,36.30299999999989,8.0,0.0183185279937663,0.0001232795445898,0.9801007174440264,0.0225845992831374,0.0082299833782783,0.0018720766523684,0.9830576987677712,0.009416187899120902,-0.038629953144081915,-0.17893189491800662
546,36.48500000000013,0.0,0.0123255569716042,-0.1219559195865093,0.9709545995169644,-0.0871928253710556,0.0095750781892174,-0.0790348963197884,0.9972075838464785,-0.06874284024503738,-0.010188224187333639,0.027343312199190655,36.48500000000013,1.0,0.1607263115363418,-0.0482477141123143,0.965123935493706,-0.0256674027326381,-0.0176915481005184,0.0575552526736324,0.36697526497219896,0.06772934654266945,-0.055940192498674685,0.9260737472678396,36.48500000000013,2.0,0.185421364024158,-0.0737964887680609,0.9591214709352128,-0.0255394104760279,-0.0205163441345254,0.0936062103469211,0.982357279526256,-0.026298011146527037,-0.10243962824662142,0.15423589898659978,36.48500000000013,3.0,-0.0576108166898142,-0.0483195613394866,0.9772554496099228,-0.0206161213981017,-0.017193788522329,-0.0733095274746094,-0.9949183050088987,0.02163571962995585,-0.028981074901140668,0.09396573466901788,36.48500000000013,4.0,-0.1288030615267443,-0.014809317125207,0.9715222362188232,-0.0784435650278247,-0.0006481070192362,-0.1484881609686098,-0.4751962439534954,-0.05227027218840108,-0.039836929549424534,0.8774220007624123,36.35899999999992,5.0,-0.0200666510407912,0.0391194258450513,0.9790107251902608,0.0757548011486717,-0.0421983353934261,-0.0275600278777466,0.6690337671674735,0.6469586485243086,0.05954605434092978,-0.3609606528442209,36.36000000000013,6.0,0.0077649155819046,0.0113390531641345,0.9796454113399128,0.0030451227455612,-0.0078151673254714,-0.0774785759574533,0.9868485791508516,0.05924083609495672,-0.08786721149822928,0.1220645661534972,36.36000000000013,7.0,0.051624664751357,0.0691982293252545,0.9752822663452664,0.1663650495148416,-0.0589047423601523,-0.1616314429236246,-0.3269090453026278,-0.528810069423993,0.7087724238250818,-0.33336472188915656,36.36000000000013,8.0,0.0171172745471359,0.0019996823388847,0.9799107103112108,0.0124852060319405,0.0134162630275757,-0.0722846237012489,0.9825437959054243,0.00929327544302158,-0.0350677819027223,-0.18245978962972503
547,36.55099999999993,0.0,0.0124467480333065,-0.127330240681478,0.971273951195744,-0.065751407883301,0.0039397877969341,-0.0688769809225198,0.9970956669205269,-0.07160893863282783,-0.010124905951837586,0.023872100780121367,36.55099999999993,1.0,0.1611294591308084,-0.0504155650600474,0.9647525942954956,-0.0483191882100793,-0.0055394976472583,0.0184217119738385,0.36628243941185096,0.06700043250657751,-0.058190944275245834,0.9262623443856447,36.55099999999993,2.0,0.1848898991425159,-0.0766983655454102,0.9596661325261682,-0.0373127922815849,0.0226615722791603,0.0003727547573933,0.9824545808901771,-0.02809387237862104,-0.1013446049183907,0.15402273168794187,36.552000000000135,3.0,-0.0550661387246797,-0.0501859456537797,0.9774584856784404,-0.0331439301162351,-0.0518916345161652,0.0742089729782475,-0.9952880881471324,0.02354355539468056,-0.026782509417296735,0.09016662232287431,36.552000000000135,4.0,-0.1280553566279896,-0.0232865450169861,0.9702662327732788,-0.1605166074828301,-0.033452029639636,-0.089609358249309,-0.4717499978164793,-0.046809542999729226,-0.04648597968637052,0.8792609737369825,36.38999999999987,5.0,-0.0174381881540825,0.042870639007975,0.9788707871343136,0.0612683912911844,-0.0335328231496694,-0.0224693595634156,0.694766251603814,0.6102096344761004,0.05349781399833615,-0.3769377157068909,36.38999999999987,6.0,0.0077970267320219,0.0103519992478844,0.9798025528062846,-0.0056859784598607,-0.0137009588419143,-0.0649059052031811,0.9882037909898163,0.05402541051197285,-0.08001719430906108,0.11887712608939714,36.38999999999987,7.0,0.0544903108066679,0.0795267309164905,0.9749504116097027,0.0756575448273339,-0.0477911998048929,-0.1225255697467752,-0.3542229542339008,-0.5252255904075545,0.6869012192766498,-0.3561332515100154,36.39100000000008,8.0,0.0170113710204922,0.0029823402419104,0.9797585002962133,0.0180377807354816,0.0148794469557653,-0.0231287047214463,0.9824458525009871,0.009418324023034273,-0.031867427335605256,-0.18356445503205554
548,36.59000000000015,0.0,0.0114822482391746,-0.131805423725856,0.9714800503622406,-0.0672958556846878,0.0146598300102292,-0.0660512915035928,0.9969647488535801,-0.07450714845331631,-0.0094568627608929,0.020507123625584947,36.59000000000015,1.0,0.1607381078699847,-0.0531595996140156,0.9641894614894184,-0.0598173881404316,0.0132513423619889,-0.030439216255239,0.36795271665919677,0.06533581740858196,-0.06036496112547564,0.9255798726933235,36.59000000000015,2.0,0.1847432957537905,-0.0802406967753163,0.9590100861070436,-0.0737643389468907,0.0275220245081972,-0.0855652303291806,0.9831547708835919,-0.03128881425753028,-0.1005572511616682,0.14938522627756326,36.59099999999989,3.0,-0.0524875513923392,-0.0532170938284698,0.9763800478672678,-0.0817968365334129,-0.0492873752542077,0.1319793373200173,-0.9958107502616346,0.027772928537423365,-0.0251178132940099,0.08341888011201543,36.59099999999989,4.0,-0.1233941991610121,-0.037781353928515,0.9713498035768272,-0.2135626882845566,-0.0840127415976284,0.011487452344176,-0.47296456074813886,-0.038060054866528775,-0.0539052578313222,0.8786069540346328,36.404,5.0,-0.0145880361914892,0.0499309177395319,0.9787002057084508,0.1252766681179637,-0.0451074818932069,-0.0347033649005772,0.7161600073184958,0.5752414144612358,0.046051450571478275,-0.39254480369312145,36.404,6.0,0.0097908990322938,0.0103928219159551,0.9796515337347064,-0.0138888269683089,-0.0278269856798266,-0.0753231134080319,0.9893980549794188,0.04902314264336607,-0.07377302646284851,0.11509022918920254,36.404,7.0,0.0584655448030273,0.0848894129680098,0.9742877232300692,0.1004473709181536,-0.0647622566460859,-0.0800774696132437,-0.3806843008677791,-0.5194268758320936,0.6639176115042786,-0.3801165464309264,36.404,8.0,0.0158101175738618,0.0048587430362053,0.9795684931633972,0.0159829613825244,0.007919837033275,-0.0173234841689591,0.9823707978305469,0.009458060145685203,-0.029270674073690384,-0.18439465368423047
549,36.68600000000015,0.0,0.011207370688634,-0.1367060687672931,0.9705270967904192,-0.0892301641047441,0.0280850258300697,-0.0558711167681994,0.9967271080413036,-0.07848240683030372,-0.008139742107028265,0.01758773755128586,36.68600000000015,1.0,0.1609455798340395,-0.0566994678387328,0.9635365538881696,-0.0737046240928175,-0.0016848284839356,0.0209995622566209,0.3672437489105438,0.06405944740939461,-0.063591861749858,0.925734568438988,36.68600000000015,2.0,0.183365066436379,-0.083674400235135,0.9595670102478892,-0.0749336214160048,0.0080148597878564,0.0551421998213364,0.9826828906241265,-0.0350103621315929,-0.10050820067406017,0.1516796381037632,36.68600000000015,3.0,-0.049746366162224,-0.0601785028650518,0.9765371712569756,-0.1235463041858181,-0.0428023241077931,0.1079555414586396,-0.9960984232906175,0.03404200268609614,-0.023961108710763995,0.07781348495226778,36.68600000000015,4.0,-0.119107489714583,-0.0526963336651666,0.970269293707752,-0.2305437975413846,-0.0840567497041217,0.0778250499638893,-0.4770851883061285,-0.02936305850277335,-0.06179302087173402,0.8761901371653381,36.52399999999989,5.0,-0.0103842946463677,0.0584014590991192,0.9774438275419164,0.0807648226511726,-0.0573356920946987,-0.0311699365696355,0.7368273004145045,0.5386148672405661,0.038710958351848755,-0.40679357892521145,36.52399999999989,6.0,0.010819946332547,0.0094261793337403,0.9797331656652892,0.0091025543657388,-0.0051162218619776,-0.0684275210382848,0.9904325798323288,0.045420400759332,-0.06697159872841477,0.11178146968661587,36.52399999999989,7.0,0.062734058223073,0.0893030566300194,0.9737404181892624,0.0308627733151496,-0.0660499638567214,-0.0741393762893319,-0.40956836463943924,-0.5106527365179057,0.6403098164028875,-0.40185927436286734,36.52500000000009,8.0,0.0157042140472181,0.005841400939231,0.9794162831483996,0.0133286455284957,-0.0064875743602895,-0.0224905940225105,0.9822138855751054,0.009285739747027181,-0.027619020505533488,-0.18549082922645804
550,36.72499999999991,0.0,0.0097116846089272,-0.1420400920480456,0.96900686036428,-0.0899391829488084,0.0105440999102194,-0.0064863711295953,0.9964239681667854,-0.08238207995494194,-0.007532227253516399,0.017196921749430143,36.72499999999991,1.0,0.1621488833396984,-0.0622033538871988,0.964658738827816,-0.0959468650006383,-0.0149202495181441,0.0618990318902894,0.3646749115793863,0.06294023366259821,-0.0681668347459604,0.9265009543933461,36.72600000000011,2.0,0.1825562178313238,-0.0899328367399582,0.9584817745826084,-0.0936374524823706,0.0002905372009862,0.1223124287520533,0.9815970649478886,-0.03985638623424433,-0.1008675667507564,0.15717634853825468,36.72600000000011,3.0,-0.0489706737840304,-0.0681982350874588,0.9768238704291036,-0.1278848871364862,-0.0119269136526076,0.0653404153821895,-0.9961206527745624,0.040250888640319685,-0.024362350222787797,0.07436388216914541,36.72600000000011,4.0,-0.1160640433136727,-0.0612569387211223,0.970942699291878,-0.1516850380132564,-0.0497386103811705,0.0726793095450683,-0.48071749195946595,-0.02454185383862575,-0.06657073302799155,0.8740004163834707,36.55499999999984,5.0,-0.0066898761056672,0.0587627048919743,0.9779136925472868,0.0288956653448637,-0.0455961028500375,-0.0272177381504304,0.7566413651639714,0.5007938919089264,0.03282377947716327,-0.4190726927996466,36.55499999999984,6.0,0.010819946332547,0.0094261793337403,0.9797331656652892,0.0290663380766849,0.0209942517597962,-0.1306338888272603,0.9917095917141655,0.04319636633334435,-0.059306971689427314,0.10549333034248257,36.55600000000004,7.0,0.0660520952221539,0.0923219796485225,0.9728040772892254,0.055848470493449,-0.0672626223522794,-0.0523257940282234,-0.437772011337626,-0.500181192892431,0.614855091290123,-0.4244144873596197,36.55600000000004,8.0,0.0166866522006858,0.0070756922336881,0.9801313637557711,0.0161371289797124,-0.0036910309471068,0.0222761075260534,0.9824639285053849,0.00928165084413795,-0.026102211027417378,-0.18438317364351203
551,36.784999999999854,0.0,0.009567282527842,-0.1478438332612016,0.9684630442467416,-0.0650870083500802,0.0073962247489829,-3.0806923964862184e-05,0.9962124817885213,-0.08494963518906289,-0.007087295555180198,0.017147036237026583,36.784999999999854,1.0,0.1639571493479771,-0.0695027404011473,0.9634549404380136,-0.1038986087164371,-0.0433262955997616,0.0545953008086666,0.36237364756498625,0.06309563417187473,-0.07351563765661602,0.9269842131982816,36.784999999999854,2.0,0.18324055582433,-0.0966714440197332,0.9581312700315808,-0.109505750753827,-0.029757674555742,0.1287477096880656,0.9802236491988838,-0.04506907813235113,-0.10287107246605502,0.16293531906007153,36.784999999999854,3.0,-0.0471913515153602,-0.0744052538460932,0.9762698574381228,-0.1066050165717591,-0.0409380960805986,0.083828285324521,-0.9962569211237571,0.045195002802271844,-0.0231573689018968,0.06995209146448984,36.784999999999854,4.0,-0.1115643920251946,-0.0679464645606442,0.9710008570468708,-0.1039252065458433,-0.0678493339710201,0.0563182198883819,-0.48362285051141984,-0.020121215278999363,-0.06855850074282453,0.8723553216062828,36.60899999999992,5.0,-0.002760997063386,0.0600111639171336,0.9779862151894202,0.0616820506261248,-0.0644868627060957,0.0211066185865378,0.7742476365340456,0.46494185589378356,0.024464681311452092,-0.4286853710214728,36.61000000000013,6.0,0.009798001248113,0.0125260144550056,0.9803219359646173,0.0386539645680912,0.0227029205270865,-0.017457056103395,0.9922429109004013,0.04142905860810512,-0.052459695965258374,0.104812304477943,36.61000000000013,7.0,0.0733311494251775,0.0945592450578283,0.9727040103228092,0.0301562337551672,-0.0891850785172171,0.0217435441255653,-0.46441902304268057,-0.48582221383741064,0.5905161929681105,-0.44674643078669213,36.61000000000013,8.0,0.017570195067385,0.0081472631484702,0.979864740843594,0.0292086555931943,0.0011619091787903,0.0445115642447983,0.9829078378914171,0.009984580706162512,-0.024684030805789244,-0.18216253452046802
552,36.8449999999998,0.0,0.0094275226506334,-0.1514119620127325,0.9679641210169552,-0.1014671036730639,0.0210712112590183,-0.0435615247104257,0.9958790095493195,-0.08924999776331789,-0.006226739462022275,0.014854761996957492,36.8449999999998,1.0,0.1667555898419581,-0.0748539260318766,0.962724500059116,-0.0986508966469596,-0.0304186781884976,-0.0850918501065259,0.36659076785552613,0.06326340970382865,-0.07771460873179133,0.9249699397847511,36.846,2.0,0.1819160653916704,-0.1021036545695673,0.9572728915392684,-0.0826168529533796,0.0556436270692346,-0.1888734087587246,0.9818821100344272,-0.047743164987085425,-0.10103878646299547,0.15303357743136684,36.846,3.0,-0.0467904794235733,-0.0808634356885537,0.9759076574163948,-0.1546882304002171,0.0347538854806594,-0.2535971550359579,-0.9948963621308992,0.05249079966527938,-0.025114661175920077,0.08243299317155124,36.846,4.0,-0.1074791617518895,-0.0725178655066009,0.971643653286264,-0.0340959091666435,-0.0403180278737914,-0.3309701558855176,-0.46949198386120755,-0.01740123705577622,-0.06844077401599052,0.8801081379529953,36.734,5.0,-1.1949001432655844,-3.244611488233053,0.9291253618591936,-45.359002690733504,7.976213502830872,13.28271670405882,0.1814084816333184,-0.3614839567061992,0.3888707232635427,0.8277680064027685,36.735,6.0,-1.5024591103067986,-0.2809779019571917,1.1575897548215597,2.420843425406744,6.708986031225708,22.79393898957016,0.617456535391742,0.028715865168953462,0.1721968450126887,0.7669883131816946,36.735,7.0,-1.743642835188545,-0.4818509568394235,1.4480384382634954,-58.4126127639264,14.52464236192954,-13.567300023679154,-0.1188358670903002,0.3219533240686412,0.21081892445391398,0.915302941602475,36.735,8.0,1.7352392160051064,-1.9033845778377327,1.16849176808716,5.562825289745163,9.235477116708028,31.54835930277145,0.5292899353167504,0.14968642715296332,-0.036392988484176055,0.8343390727322804
553,36.934999999999945,0.0,0.0080576698365054,-0.1598846939268289,0.9668081291573474,-0.1176856436207471,0.0039529570968106,0.0330316112544138,0.9953837027943915,-0.09437277422381403,-0.005873610585009215,0.016448841762364767,36.934999999999945,1.0,0.1641820747015767,-0.0818667128345337,0.963169293362467,-0.0809050496927641,0.0481506211606596,0.1513645741052743,0.3601080010566773,0.05893249410785923,-0.08026861871111593,0.9275807984016274,36.934999999999945,2.0,0.1771507783311817,-0.1076646647592638,0.9578788658796744,-0.0132330183843683,0.0668940058550066,0.3079198637704017,0.9797907227617049,-0.04974489966620846,-0.09681177195534835,0.1678185489097093,36.934999999999945,3.0,-0.0471471054664253,-0.0879303843732383,0.9745180336710616,-0.0291772148037573,0.0176685227077763,-0.1810850373743145,-0.9940584701121915,0.05312607441317751,-0.025890245404523154,0.09140609065346018,36.93600000000015,4.0,-0.104870334392294,-0.0742063629400075,0.9710579944903726,0.0192366554109409,-0.0152196002483775,-0.2739380214989678,-0.45760571725269567,-0.01741906851424872,-0.06651518275619174,0.8864927038913814,36.85899999999992,5.0,0.0031461367878175,0.066262213174099,0.9778125694265658,0.1081181198415537,-0.0862948218604112,0.0468127553838878,0.18672703719694955,-0.32906538983110983,0.36750875630670454,0.8495800708778708,36.86000000000013,6.0,0.0087047316476252,0.0154667648697207,0.9799260211012908,0.0426709883509735,0.0174300568605076,-0.023631548922402,0.6198935729225057,0.027172195770824956,0.15799920556376024,0.7681340254588276,36.86000000000013,7.0,0.0792958096336444,0.0921089924011017,0.9720566383155864,-0.0334873745872846,-0.0735594171469276,0.0095071868112462,-0.11859676660689954,0.30033189911721975,0.19571755775175423,0.9259752669001053,36.86000000000013,8.0,0.0173583880140976,0.0101125789545217,0.9795603208135988,0.0359231869625673,0.0036283193855842,0.0190696859530826,0.5294563881954192,0.13681217444270194,-0.03140381079176417,0.8366433903349004
554,36.98000000000002,0.0,0.0057418860437518,-0.1638901590388037,0.9660378080152434,-0.0280459689159122,0.0232094815608304,0.0678532294434795,0.9952960120040684,-0.09475682917370236,-0.004266201813392117,0.019717792367061025,36.98000000000002,1.0,0.1595098497461693,-0.0841379724360852,0.9632774311839236,0.0295794089598366,0.0515746201953655,0.0919910449371139,0.35606276010239174,0.05685517824557524,-0.07719735304424372,0.9295307247519541,36.98000000000002,2.0,0.1756417686790825,-0.1109125967166502,0.9574619391834084,-0.0024489829834913,-0.0466799468757317,0.1975264913254478,0.9778982904294139,-0.04955239169829991,-0.09878228646738987,0.17748677114783046,36.98099999999977,3.0,-0.0453938350031354,-0.0892407716693587,0.9749751198956648,-0.0035334847570773,-0.0323208649897189,0.0514838617452667,-0.9943732750602631,0.05239798856969885,-0.024570382284677297,0.08872731797006585,36.98099999999977,4.0,-0.1045972215294787,-0.0732731874905496,0.9712916458218344,0.0217841857417222,-0.0026036350283398,0.0827896851084185,-0.4613741839581634,-0.019373908053563812,-0.06454887427746556,0.8846422762298798,36.90599999999995,5.0,0.0097034787168074,0.071261885362182,0.9777451540127516,0.0924487042973797,-0.1079347652743152,0.1539665545202395,0.18668667592521496,-0.29455360487242094,0.34754265315164773,0.8704024144779063,36.90599999999995,6.0,0.0066145258970014,0.0183871039504003,0.9796056157737536,0.0642117459994179,0.0644266035144501,-0.0593716576014896,0.6230237798684466,0.02437746316855658,0.14761053127081744,0.7677618381150798,36.90599999999995,7.0,0.0841437735048546,0.0915523894537333,0.9724895811090604,0.0252668876364681,-0.0689456989789566,0.0871942708976703,-0.12284815983995252,0.28060555713233987,0.18312740810799805,0.9341483840001188,36.90599999999995,8.0,0.0171395727209349,0.0132232730432736,0.9800853942881542,0.040310200952054,0.003761440340173,-0.0679759947125694,0.5330573055707792,0.1254663249028234,-0.025960618722720222,0.836321802040658
555,37.05400000000009,0.0,0.0046561951879177,-0.1629910209882132,0.9659245555029604,0.0730339509736989,0.0119261427774093,-0.0182953951916162,0.9957587848454925,-0.08999399011697982,-0.0036596612562606735,0.0187651545515256,37.05400000000009,1.0,0.158703554557236,-0.0798022705406189,0.9640201135803445,0.0507314209049186,0.0132156278397578,-0.1306463354739328,0.3621520031606836,0.058109030325525654,-0.07323332258306745,0.9274190787690189,37.05400000000009,2.0,0.175788372067808,-0.1073702654867441,0.9581179856025328,0.0624010537496789,0.051976405405766,-0.2828860823076072,0.9807998743923981,-0.04441409793446665,-0.09627348867781207,0.16367776169757073,37.05400000000009,3.0,-0.0442197496530585,-0.0876264514653608,0.9750995942693288,0.0454448447455419,0.0011964665737705,-0.0066948234319498,-0.9945056229770837,0.04915993083447707,-0.024600903273157886,0.08908794882281602,37.05400000000009,4.0,-0.1077522746147049,-0.0734510409560587,0.971410001954802,-0.0022276651723031,0.0644222204740501,-0.073174544321672,-0.4580209820748781,-0.02313843997469578,-0.06563045086914587,0.8862133132002782,37.11499999999978,5.0,0.0190812543086549,0.0609646887322586,0.9779034780906484,-0.2632332872798337,-0.1144052961633249,-0.0650881744081811,0.1902178884870907,-0.26850148392778705,0.30891348369035915,0.8923545078175912,37.11499999999978,6.0,-0.0015144168388531,0.025292275398419,0.980094386958118,0.0777491858542938,0.0799439545090452,0.1397346317619034,0.6182024929996176,0.02315289475390729,0.13950262776230385,0.7731937906896202,37.11599999999999,7.0,0.0916596857740757,0.0947431203222101,0.9709630493254666,0.0373912936829636,-0.1242681034898294,0.1020272074355607,-0.12739692993891277,0.265164140003878,0.17245707336105626,0.9400619973947902,37.11599999999999,8.0,0.0166030468478411,0.0192819408411026,0.9801538377177168,0.0965801317120853,0.0210203595567885,0.1178145976449356,0.5284375357186872,0.11586637360307801,-0.019171534126552186,0.8408098516257214
556,37.11699999999973,0.0,0.0049310727384583,-0.1580903759467761,0.966877509074782,0.0662449307346741,0.0115905986084578,-0.0514245913843697,0.9961773252685427,-0.08578389427550874,-0.0032791348039647554,0.01615881736631032,37.11699999999973,1.0,0.1585969900472576,-0.0760762270747764,0.963695700115974,0.0694263661106236,0.0087615636081957,-0.0636674535651475,0.3650136778854956,0.05954362000150238,-0.068934492656158,0.926535270778106,37.11699999999973,2.0,0.1779596269362369,-0.1014062282544406,0.9589641015449551,0.0512927623932983,-0.0205662776099383,-0.0970159354434979,0.9816213856303034,-0.040454002007861825,-0.09728309378546617,0.1591192278083292,37.11799999999994,3.0,-0.0455903422681161,-0.0841457469470698,0.9750210325744753,0.0571315239834864,0.0328000657332049,0.0677178647821246,-0.9949316175023306,0.04524709847806023,-0.026373363473085578,0.08583834966161409,37.11799999999994,4.0,-0.1104117695531669,-0.0715060412104845,0.9710304460801126,0.0143812445534417,0.028796617226371,0.1199119924674947,-0.46331449712143885,-0.026165848250117005,-0.06478833376776989,0.8834350553097019,37.181,5.0,0.020125443168888,0.0723395751930644,0.9737175937601944,0.1850827638061228,-0.3118935907627322,1.074919528627963,0.151569170478253,-0.21209684473832124,0.3050596465854775,0.9159586928665103,37.181,6.0,0.0040818662605546,0.0372593903976322,0.9777556321469224,0.0963058054518586,0.1251885707045458,0.4501262254894653,0.600830964767312,0.02358875760169054,0.13420648898325216,0.7876765456749223,37.182,7.0,0.0952354602158016,0.0814521557994117,0.9738894975473924,-0.4890169028417511,0.0742826153705182,-0.657018660611824,-0.09134075264115675,0.23763978066456692,0.14644176814403925,0.9558969662549887,37.182,8.0,0.0149418646410863,0.0161561411085126,0.9808392935570686,0.0324196240119356,-0.0056483197322879,0.0120709719614569,0.5284606421358705,0.10657487090994323,-0.01583867278119727,0.8420927995467022
557,37.18899999999985,0.0,0.005205950288999,-0.1531897309053391,0.9678304626466032,0.087649779379283,0.0024224291903888,-0.0597178865455917,0.9966484403548779,-0.08066379245870223,-0.003393409572936601,0.013180428515016553,37.190000000000055,1.0,0.1587808693440266,-0.069792324296091,0.9649117405233,0.07614005977905,0.0099331235503137,-0.0895385439152156,0.3690344827379524,0.06109707136219903,-0.0643663919672762,0.9251689932149744,37.190000000000055,2.0,0.1788222144260439,-0.0971462988396328,0.9586340345770784,0.0595340167285633,-0.0289425804875631,-0.0762427943631765,0.9822165781369062,-0.03634073238792236,-0.09849040738489621,0.15565855085954428,37.190000000000055,3.0,-0.0473696645367862,-0.0779387281884355,0.975575045565456,0.0798685645243849,0.0149362751044635,0.0148234887160664,-0.9951783095112491,0.040423453604509246,-0.02691817333968066,0.08521436863036327,37.190000000000055,4.0,-0.1134856855068019,-0.067442916571345,0.971235528689824,0.0583773454083957,0.0443815700207327,0.0391080545701183,-0.46490581297118616,-0.03052787685056145,-0.062455315952044184,0.882626742915672,37.24800000000005,5.0,0.0281134026252921,0.0814980990552087,0.9762303500932632,0.1518107025299655,-0.0899021310569366,0.2182776242818731,0.14518693442666816,-0.18305955810888852,0.2905719317640458,0.9278889506442436,37.24800000000005,6.0,-0.0026076864393409,0.028233025813134,0.9796984720947914,0.013217341351637,0.0174701270857427,0.0937062543876553,0.5979662862320645,0.022393428267676745,0.12316385767241017,0.7916852398924104,37.24800000000005,7.0,0.0955500648281128,0.089719626900977,0.9717564374163375,-0.1038180672949976,-0.0009799151325997,-0.2448592029236267,-0.07844316114505183,0.2179851294586461,0.1353676685656318,0.9633300307327567,37.24800000000005,8.0,0.01628533626791,0.0222299145501797,0.979697207672724,0.0059978552545831,0.0069445373704339,-0.0373124489048619,0.5306262171457772,0.09720794578703906,-0.013117923401825578,0.841911131319126
558,37.23599999999988,0.0,0.0053503523700841,-0.1473859896921832,0.9683742787641416,0.0593575675144299,0.0034820871749076,-0.0590210802249299,0.9969594782017159,-0.0771704463975188,-0.0034423488403250943,0.010230897371763343,37.23599999999988,1.0,0.1596644793197506,-0.0641180799470293,0.9650606850698352,0.0623577324756522,-0.0160529927186262,-0.0735889187852885,0.37223861322653473,0.06350440178969739,-0.06119216422331738,0.9239378360118096,37.23599999999988,2.0,0.1813783307873896,-0.0918227160598861,0.9582794425094204,0.0574200151855174,-0.0176508062368095,-0.088321653666747,0.9829228815273805,-0.032513552522332324,-0.09913395638132048,0.15158475043511185,37.23700000000008,3.0,-0.0471913515153602,-0.0744052538460932,0.9762698574381228,0.0830070551257278,0.0021611682566939,-0.0594221672504506,-0.9950938931005642,0.03590142496305927,-0.02659746510245822,0.0882712096309338,37.23700000000008,4.0,-0.1151033965728691,-0.0615087127157718,0.9708253634704016,0.0858456802207088,0.0358929943039422,-0.0524695992512155,-0.46242056337536164,-0.03461803194452206,-0.058872434731445766,0.8840264989584266,37.28999999999997,5.0,0.030326117935795,0.0873879025193188,0.975586839325038,0.077841199419499,0.0157394840743418,-0.1464557908682429,0.15272845486942213,-0.16709223205517815,0.27090567994889936,0.9356090623927507,37.28999999999997,6.0,-0.0026076864393409,0.028233025813134,0.9796984720947914,-0.0226476126272397,-0.0235220779419202,-0.0464928445583257,0.6007767490152978,0.020876457279259724,0.1106572681366135,0.7914457911838426,37.29100000000017,7.0,0.0961508404679022,0.0939658897826741,0.9704882417807368,0.0886640955351618,-0.0283275035352781,-0.0423864380599998,-0.07706123732585568,0.20220778892753682,0.13223942538661532,0.9673087977333106,37.29100000000017,8.0,0.0163912397945537,0.021247256647154,0.9798494176877216,-0.0046139843717364,0.0075521499306673,-0.0340329271959415,0.5325972331035739,0.08841762925855913,-0.011175496153994637,0.8416636016915697
559,37.29500000000007,0.0,0.0056205877167482,-0.1447209571123711,0.9692823394482112,0.034732305351788,0.0046635741877395,-0.0647704001505336,0.9971445754889579,-0.07511281740188654,-0.0034543690583586566,0.0069876726673132996,37.29500000000007,1.0,0.1595579148097723,-0.0603920364811867,0.9647362716054644,0.0345493177495956,0.0082674122856047,-0.0605764547456211,0.3749727029002288,0.0640309919713706,-0.0590538656704844,0.9229345291494037,37.29500000000007,2.0,0.1828873404394887,-0.0885747841024997,0.9586963692056866,0.0173685534505575,-0.007046676619524,-0.0741098880743408,0.9834754024464465,-0.031049927940084085,-0.09951428069644379,0.14801669735264741,37.29500000000007,3.0,-0.0479749014553794,-0.0701173892258032,0.9762535329301012,0.0523854490830591,0.0172443137589709,-0.1232452246566947,-0.9946045339248248,0.033143982121157135,-0.02711576071547076,0.09448826946322746,37.29500000000007,4.0,-0.1166704400600698,-0.0558310111723663,0.9713804129215604,0.0912948210759875,0.0181479393559399,-0.0813399525243369,-0.4586721015675205,-0.03777088092740072,-0.05481653873715528,0.8861085773642416,37.358,5.0,0.0301448308611699,0.0904137060528093,0.9746859242495232,-0.0086239847320997,0.062586231659808,-0.18423798055567,0.16059432132022386,-0.15543574352241848,0.2488959145311967,0.9423905863945208,37.358,6.0,-0.001610750289205,0.0282534371471693,0.9796229625590024,-0.037447139463951,-0.0291399987315863,-0.0654284307852684,0.6042027862656179,0.019241873429225263,0.09858031294722022,0.7904749618267651,37.359,7.0,0.0961579488641105,0.0970380596130325,0.9697387606241096,0.1466972458846085,-0.0057628394970097,-0.0012724485694096,-0.07830506639646971,0.1868127578798486,0.13177586339057185,0.9703630412879702,37.359,8.0,0.0164971433211974,0.0202645987441283,0.9800016277027194,-0.0162574287047671,-0.0039202123911957,-0.0048238958006171,0.5332870713694392,0.08062235662592973,-0.010408329425797502,0.8420193595166633
560,37.36999999999989,0.0,0.0065804453070034,-0.1424813865296178,0.9690313473939628,0.0182354517822423,0.0109047234940068,-0.0589575075552452,0.9972469660744563,-0.07397582481283796,-0.0031645007906851564,0.004006486403112838,37.36999999999989,1.0,0.1597535904401842,-0.0590200192042027,0.965017838008503,0.003377954013251,0.0184075261726898,-0.092043748603622,0.3792699340224445,0.06355753878394084,-0.05823240192173895,0.9212620386061523,37.36999999999989,2.0,0.1818560567842799,-0.0869223321925215,0.9591500835516232,-0.0012326826672488,0.0394968537227924,-0.1512676259329373,0.9847710389222277,-0.030565333413274786,-0.09774228595359122,0.14049272874401014,37.36999999999989,3.0,-0.0489706737840304,-0.0681982350874588,0.9768238704291036,0.0210143451343916,0.0297617326087872,-0.0766156263105914,-0.9942284328595707,0.03197726709667682,-0.02847916049704761,0.09836775437110004,37.371000000000095,4.0,-0.1176310868008734,-0.0555792371777167,0.9714977487430368,0.03130474897227,0.0122374059512537,-0.0481175522517841,-0.4564682512537651,-0.039151512755766504,-0.05361006271889338,0.8872597454080406,37.42599999999993,5.0,0.0281538046265517,0.0878329681573324,0.9752987916478328,-0.0337579321333258,0.0314443875890949,0.0529270839139739,0.15759976914738583,-0.14008889457845555,0.22903037639064217,0.9503065300579797,37.42599999999993,6.0,-0.0015465279889704,0.0262793293146691,0.979937245491746,-0.0246333112000422,-0.005683312838787,0.0037659597678316,0.6046069885282933,0.01757626156165868,0.08875896140099392,0.7913679998731824,37.42599999999993,7.0,0.0949777227731566,0.0977620433407133,0.9700267084254296,0.0585881050737974,0.0344399845452849,-0.092541584528642,-0.07447801741729933,0.17053544657237604,0.1278013270990913,0.9741855609562584,37.42599999999993,8.0,0.0163912397945537,0.021247256647154,0.9798494176877216,-0.0208305541595926,-0.0128149072758772,0.0097339071272431,0.5333030419934457,0.07386221200401587,-0.01016137069662233,0.8426321769218031
561,37.44500000000016,0.0,0.0057603475939568,-0.1411528283608401,0.9697812626779978,0.012364582020345,0.0119034891975266,-0.0147814470378673,0.9973100008587972,-0.07318085711043511,-0.0026296702650516358,0.00322632513940063,37.44500000000016,1.0,0.158555943990427,-0.0574283518627046,0.9651973875988464,-0.0015000507919877,0.025288213353403,-0.0533770626794501,0.38181014421804343,0.06255391885236683,-0.057640769227044086,0.9203181855919849,37.44500000000016,2.0,0.1813404149566755,-0.0860961062375324,0.9593769407245916,-0.00917621107059,0.021208981960926,-0.0696355825247111,0.9853381795220651,-0.030827198377508334,-0.09692472082946892,0.13698158382960035,37.44599999999991,3.0,-0.0495577164590689,-0.0690053951894577,0.9767616332422714,0.0082124567837329,-0.0022592512361811,0.0387716036550434,-0.9944311679165102,0.03158322877494205,-0.028403924603071996,0.09644878953879191,37.44599999999991,4.0,-0.1179041996636888,-0.0565124126271745,0.9712640974115748,-0.0119705067612868,0.0132123477890503,0.0030545710618784,-0.45659753998524755,-0.039596028143191284,-0.05440366509849331,0.8871251784604892,37.497,5.0,0.0261627783919334,0.0852522302618554,0.9759116590461424,-0.0270646998281092,0.0145876277441487,0.1321250826753696,0.15102876503306506,-0.1243312976165617,0.2112981626150061,0.9576456166250079,37.497,6.0,-0.0015144168388531,0.025292275398419,0.980094386958118,-0.0158376060922547,0.002254237882677,0.0018464707686029,0.6049379636844208,0.015986470473966913,0.08044672581516182,0.7920371311755223,37.497,7.0,0.0937974966822026,0.0984860270683941,0.9703146562267496,0.0044781560111623,0.039921785704652,-0.1020222174411709,-0.06969248602764203,0.1556031592776802,0.12155590246583309,0.977831670989342,37.497,8.0,0.0163912397945537,0.021247256647154,0.9798494176877216,-0.0189256696665441,-0.0085214171597056,-0.0085926535413564,0.5340240514391225,0.06764621658957379,-0.009674335966424192,0.8427032153073053
562,37.534999999999854,0.0,0.0057649897978334,-0.1389172158992152,0.9698261555657496,0.021291637066761,0.0126472121127718,0.0211264268516933,0.9974000370123061,-0.07191217287896728,-0.001974202228800668,0.004231794564454522,37.534999999999854,1.0,0.1593504428457175,-0.0568521682564695,0.9653891792067132,-0.0005305921553209,0.0054227202849402,0.0086572894356573,0.3814297635641965,0.06243504470026333,-0.05764099082263181,0.9204839579469175,37.534999999999854,2.0,0.181155895737236,-0.0839118276450848,0.959818392520638,0.0175636258480726,0.0114795980138922,0.0311945793501808,0.9852006903994133,-0.030092638076199055,-0.0962908982343586,0.138571626559533,37.534999999999854,3.0,-0.0503152145937077,-0.0696141620316818,0.975734209518666,0.0015560746615312,0.0308353806543074,0.0060633774299897,-0.9944116551149679,0.03148229236286658,-0.030000989705097462,0.0961990959198871,37.534999999999854,4.0,-0.1179041996636888,-0.0565124126271745,0.9712640974115748,0.0095393033497814,-0.0009255789590989,-0.0582484067792873,-0.45400774835777247,-0.03969084449311442,-0.05396354634022605,0.8884759630743622,37.56799999999976,5.0,0.0246406731604762,0.0844459188309867,0.9757298417179772,-0.0202914377460805,0.0374693512398385,-0.0078136544054916,0.1508306429695274,-0.1127358645294312,0.19448911251452902,0.962660234508267,37.56799999999976,6.0,-0.0015144168388531,0.025292275398419,0.980094386958118,-0.0228323650268778,-0.0102559028659925,-0.0730828784737864,0.6082146905032478,0.014513306473886536,0.07233791323885819,0.7903363084785368,37.56799999999976,7.0,0.0932109378348298,0.1003841038474137,0.970083889549096,0.0302286548160255,0.019408168225336,-0.0200599556612497,-0.06893711035079293,0.14351342498570607,0.11657581946450984,0.9803375183994197,37.56799999999976,8.0,0.0174865897145404,0.0203535117558848,0.97988721480554,-0.0155146317927411,0.0012231621692023,-0.0386416233280435,0.5359477921478413,0.06175887159703038,-0.008803513548191658,0.8419431714908807
563,37.60199999999986,0.0,0.0046792989419992,-0.1380180778486247,0.9697129030534668,0.0240697301165361,0.0092775585857531,0.0447966508643,0.9974837837277214,-0.0705885826012995,-0.0014198989588352108,0.0064293929351368715,37.60199999999986,1.0,0.1587516196208389,-0.0560563345857205,0.9654789540018852,0.0247808739167478,9.760117514202736e-05,0.0672242388427315,0.3782654044693649,0.06287283140357565,-0.05671021924948504,0.9218168157967181,37.60300000000007,2.0,0.1814870183454008,-0.0825537750076263,0.960032987143716,0.0270182534072231,-0.0109267548376173,0.0681256582299303,0.9846988273343151,-0.028901664050833182,-0.09671498667766733,0.14205324569842184,37.60300000000007,3.0,-0.0544505651243573,-0.0703676512831602,0.9763096484264252,0.0016766460489311,0.0984336565685218,-0.1202049884492875,-0.9936501510850622,0.03126473451892417,-0.034807387729930445,0.10232467631765353,37.60300000000007,4.0,-0.1193806025773983,-0.0536295091146244,0.97003564237629,0.0664135246838911,0.0004090815890531,0.0043978130323645,-0.4540887871437507,-0.041452023252490006,-0.050844006464109644,0.888538119702959,37.631,5.0,0.023118567929019,0.083639607400118,0.975548024389812,-0.0217178058156799,0.0579053352653603,-0.1066594400666393,0.15518042464224108,-0.10423194692080272,0.17860622063594866,0.9659992520696357,37.631,6.0,-0.0014823056887358,0.0243052214821689,0.9802515284244896,-0.0327139980008136,-0.0170698863062304,-0.108310969072267,0.6128405938715396,0.0130176973338397,0.06440002421591547,0.7874703695633841,37.631,7.0,0.092624378987457,0.1022821806264333,0.9698531228714424,0.0495161422543463,0.0189869949455579,0.0061082877754225,-0.06957009219533328,0.13265198236374323,0.11289693014297401,0.9822513614198731,37.631,8.0,0.0184760361078834,0.0204424247676413,0.9797728019083604,-0.0157544885901799,0.0021103302743525,-0.047653800332545,0.5382027005432224,0.05645712340715006,-0.008014352741387497,0.8408841873258819
564,37.625,0.0,0.0027735103731184,-0.1357903816292565,0.970349565825219,0.034441043703698,0.0197926942685439,0.056594278145201,0.9975904676966135,-0.06876693066118728,-0.0002713953777961772,0.009181195610603994,37.625,1.0,0.1575539731710818,-0.0544646672442224,0.9656585035922284,0.032146199491147,0.0024714283662928,0.0350418844283241,0.3765626126781921,0.0633826232095928,-0.05526591330390646,0.9225664857530484,37.625,2.0,0.1825341250546474,-0.0804781241852662,0.9592614683797924,0.0351316887570517,-0.0062258816489477,0.0209773536148741,0.9845568952539656,-0.02709035124488643,-0.0969289270646337,0.14324320568669033,37.625,3.0,-0.057377920937724,-0.0706715841910377,0.975728087828158,0.02189763725296,0.042251929745385,-0.0029579665929385,-0.9935939566077371,0.030129436210094472,-0.036594654856420036,0.10258702501868311,37.62599999999975,4.0,-0.1210287831961902,-0.0521927856758674,0.970503965350705,0.0232246305921727,0.0131496276256872,-0.1073033613554304,-0.44924150034467913,-0.0424393411348478,-0.05044670378108337,0.8909748070342535,37.69399999999996,5.0,0.0219994388480716,0.083116558004392,0.9762364787672464,-0.0236265467270229,0.0480638379709238,-0.0383963501617002,0.15636036550816582,-0.09531744837139845,0.16435613196557627,0.9692538790324403,37.69399999999996,6.0,-0.0005245829045364,0.0231794941934037,0.979348475192418,-0.0338781544534096,-0.0063427743355206,-0.0606849171932796,0.6154729715989671,0.011423582623310927,0.057427162247950324,0.785980053199401,37.69500000000016,7.0,0.0911508734728167,0.1039552027436239,0.9700256873339356,0.0129416767395751,0.0485374609182561,-0.0768721110741117,-0.06602614494989217,0.12093602552142316,0.10830303395407882,0.9845229701487311,37.69500000000016,8.0,0.0184760361078834,0.0204424247676413,0.9797728019083604,-0.0186906762356821,-0.0061714637828795,-0.0337180617323146,0.539835658528215,0.05194406767216096,-0.007703288515725657,0.8401309034675024
565,37.71500000000015,0.0,0.0019534126600717,-0.1344618234604787,0.971099481109254,0.0426420002612907,0.0031710315360046,0.0787182794942998,0.9976913988236006,-0.06663770897753618,3.333665501289577e-05,0.0130876791028717,37.71500000000015,1.0,0.1577496488014936,-0.0530926499672383,0.9659400699952674,0.0359121916234237,0.0118124059132228,0.0259594046020545,0.37528436532599335,0.06355180577737052,-0.053512490460638225,0.923178870257006,37.71500000000015,2.0,0.1815028413994386,-0.078825672275288,0.9597151827257288,0.040537983143808,-0.0014762327403951,0.0736686463184599,0.9840606395784192,-0.02539424599987776,-0.09671807494332674,0.147055784931662,37.71500000000015,3.0,-0.0577866505913365,-0.0679452699506943,0.9763606625139928,0.002130898834243,-0.0093322630633053,0.1514093902280486,-0.9943706572051266,0.02992746636890835,-0.03597677475868353,0.09506321330643945,37.71500000000015,4.0,-0.1204825574705596,-0.0503264347769517,0.9709712680136288,0.0143902206763718,-0.0273177656350671,0.2879921113243341,-0.4621384889958582,-0.042383746480626344,-0.04859701605340233,0.8844602676511797,37.755,5.0,0.0215177464192147,0.0837639838761127,0.9773978624870432,-0.0195853709369584,0.0199534230049497,0.0821926773236136,0.15196365381254828,-0.08474853972180017,0.15199519776153128,0.9729451129392631,37.755,6.0,0.0013266403636275,0.0229021474483735,0.9772280857955314,-0.0244561183037389,0.0085699376322237,0.0099582619113814,0.6152207632799793,0.009999023127476069,0.051876408011200296,0.7865826531633858,37.756,7.0,0.0887904212909088,0.1054031701989856,0.9706015829365756,-0.0329278349149978,0.0687358280257806,-0.1677693142372155,-0.057815073790154714,0.10889362778372995,0.10238450968634015,0.9870749754942758,37.756,8.0,0.0185819396345271,0.0194597668646156,0.979925011923358,-0.0182379723235916,-0.0097390022347503,-0.0203717598380584,0.5408725716456497,0.04801376077533888,-0.007588972409770307,0.8396987242549518
566,37.77500000000009,0.0,0.0008723640081141,-0.1313270729482633,0.9710311214847228,0.0361100360232666,-0.0059807251685129,0.0763842543358755,0.9977496007875992,-0.06488313151415774,-0.00012900462794181337,0.01690848103493577,37.77500000000009,1.0,0.1557575034964461,-0.0520771662319752,0.9659278279777436,0.0336225151402851,0.0066280330773759,0.0683096494881136,0.37203516452627183,0.06371953884815305,-0.05217786297658937,0.9245578009730299,37.77500000000009,2.0,0.1813183221799991,-0.0766413936828404,0.9601566345217754,0.0387579665160247,-0.0071220577069872,0.0617190918948464,0.9836062137882201,-0.02370771423697257,-0.09681345123404884,0.15027946015012394,37.77500000000009,3.0,-0.0583319263373436,-0.066185326310973,0.9747465767833632,0.0324349295822878,-0.0244929088274285,0.0818214053352117,-0.9948490202793964,0.028375269233249824,-0.03441418813291333,0.09102710915006652,37.77500000000009,4.0,-0.1239107234186011,-0.0514374636919187,0.9708559728151348,-0.0169479245007109,0.025718958496708,0.0381026264691817,-0.4637772596973393,-0.04338033094746606,-0.0502665157391281,0.883460286413579,37.81700000000001,5.0,0.0193582045356671,0.0817871971777972,0.9767431158165156,-0.0125989089338258,0.0248798661689685,-0.0586187202860044,0.1544027802090871,-0.0766717183616271,0.1404097866925375,0.9749699076731219,37.81700000000001,6.0,0.0005044643957167,0.0222128516111889,0.9794301071230008,-0.0145792709898673,-0.0052614893280234,-0.0367338689885787,0.6168056430074619,0.009375240202960598,0.04685293744862193,0.7856638631614185,37.81700000000001,7.0,0.0878399448699441,0.1040084495554791,0.9702125470773456,0.0276925014367339,0.0185092604634287,-0.069411534819042,-0.05452910124859333,0.1008943670855005,0.09945405864394599,0.9884107415577208,37.81799999999976,8.0,0.0184760361078834,0.0204424247676413,0.9797728019083604,-0.0068716828015151,0.0104970915900362,-0.0421161975948393,0.5427814281419673,0.04396230651095071,-0.006369978694109284,0.8386984322400036
567,37.8449999999998,0.0,0.0008770062119906,-0.1290914604866383,0.9710760143724746,0.0318387941334932,-0.0001374518740348,0.0774201148948557,0.9977717188398956,-0.06340784760578089,-6.692617117307602e-06,0.020761548605329815,37.8449999999998,1.0,0.1553543559019793,-0.0499093152842422,0.9662991691759542,0.0300004197441909,0.0023943813175878,0.021411932836461,0.3709481559259023,0.064163184454571,-0.05093713350104924,0.9250329506598765,37.8449999999998,2.0,0.1808026803523947,-0.0758151677278513,0.9603834916947436,0.0257665015488815,-0.0042146160105714,0.0023669035336682,0.9835886908991539,-0.022491451626693994,-0.09689369463007375,0.1505291788323678,37.8449999999998,3.0,-0.0554384798911827,-0.0647166295426987,0.9766096112613212,0.0056870936339509,-0.0660995643916443,0.2090933892819022,-0.9958669307215268,0.028225897655012683,-0.0310682886225079,0.08054263739736449,37.846,4.0,-0.1239107234186011,-0.0514374636919187,0.9708559728151348,-0.0347303370766536,-0.007302176868268,0.2326016775510564,-0.47415002251555605,-0.04286882965242745,-0.051379754150938865,0.8778975683165535,37.891,5.0,0.020230101689338,0.0838448856775482,0.9768187027956404,-0.0153354818107914,0.1154449005580521,-0.7330011500106721,0.18916990600430228,-0.0787558116023666,0.12784142083608763,0.9703962283107794,37.892,6.0,-0.0004853695385999,0.0243256328162042,0.9801760188887004,-0.0208333819039767,-0.0760113356038955,-0.3210310623027076,0.629715250636261,0.010724249984146764,0.040099172974251675,0.7757162818358073,37.892,7.0,0.08600963017792,0.1054608440805021,0.9694773612016347,0.3056068519824421,-0.1545409003100157,0.4161838881636047,-0.07578904513183801,0.10362197855142821,0.10860843574994104,0.9857599676813025,37.855,8.0,0.0173806861878967,0.0213361696589105,0.9797350047905424,0.0058666541337872,0.0376474778430915,-0.0786566377468674,0.5461834482103063,0.03951023943457387,-0.0038622267290763963,0.8367243662554686
568,37.93100000000004,0.0,5.690849894394168e-05,-0.1277629023178605,0.9718259296565096,0.0322528170190943,-0.0101574969603063,0.0709544004310403,0.997781067758956,-0.06197677347380722,-0.000397598366053303,0.02432410917409079,37.93100000000004,1.0,0.1547555326771008,-0.0491134816134931,0.9663889439711258,0.031411375037521,0.0039106651251579,0.0173818828778688,0.3700389886486618,0.06452217310209538,-0.04965671451314854,0.9254416495716078,37.93100000000004,2.0,0.1806181611329552,-0.0736308891354037,0.96082494349079,0.0281216613689711,-0.0090820291359512,0.039295842194715,0.9832715582558944,-0.02131102376678357,-0.09711918271662665,0.15261306411802125,37.93100000000004,3.0,-0.0526815795374163,-0.0642143033750464,0.976225985322815,-0.0027789872521411,-0.0466211756255584,0.1400910856920678,-0.9964699660540893,0.028563341403043657,-0.028795892932390692,0.07350196480558589,37.93199999999979,4.0,-0.1248713701594047,-0.0511856896972691,0.970973308636611,-0.0028587417353445,-0.0049179808087161,0.1626686861378769,-0.4813075254886923,-0.043088880376067416,-0.051236866638792976,0.8739915318771271,37.928,5.0,0.0268261572861266,0.0988587039206494,0.9815173528493468,-0.019286279528412,0.1328659153335642,-0.8453395688604671,0.22913793298302745,-0.08114348598514279,0.11671305859060345,0.9629587760152929,37.93,6.0,0.0102474407716363,0.0271195678076226,0.9637139196875592,-0.0249932412416165,-0.0853545525406511,-0.3599871788077435,0.6439327621147319,0.012701847745547884,0.03333148759648618,0.7642501376341034,37.93,7.0,0.0768290488612862,0.1190035476590169,0.9742009304530758,0.3498320676221348,-0.1871353291151932,0.5393884535755692,-0.10302794956694106,0.10728384040746704,0.11930754211691764,0.9816522447330709,37.893,8.0,0.0187937466878145,0.0174944510585642,0.9802294319533532,0.0187165097751716,0.0683490719320044,-0.1175747935404179,0.5511565479094521,0.034526716018491124,-0.00037126942445482857,0.8336871282060967
569,37.98500000000013,0.0,0.000192026172276,-0.1264303860279544,0.9722799599985448,0.029392570181179,-0.0048079922198076,0.0653313354712811,0.9977704687639581,-0.060766662006397625,-0.0005302001420636228,0.027590276166806763,37.98500000000013,1.0,0.1543523850826341,-0.0469456306657599,0.9667602851693362,0.0302094352133876,-0.0046097806743056,0.0479581998871998,0.3676962840423138,0.06516504352148599,-0.04869811370760637,0.926380836117435,37.98599999999988,2.0,0.1813341452340367,-0.072913290950502,0.9598388301037882,0.0223396126821722,-0.0101394818772023,0.035390121413779,0.9829637591656621,-0.02044475438754792,-0.09746570587783775,0.15448202601816732,37.98599999999988,3.0,-0.0536773518660673,-0.0622951492367019,0.9767963228218172,0.0327903440547624,0.0185754243282095,0.0443192823761564,-0.9966431724875495,0.02691091252004539,-0.029747892432604624,0.07136702611927456,37.98599999999988,4.0,-0.1262971054942478,-0.0485592884968866,0.9707100682719072,0.0257503975686827,0.0281989413072391,0.0298298372631756,-0.48247734005930737,-0.04516942002502207,-0.050891914936111414,0.8732613313424763,37.96599999999989,5.0,0.0165612260000291,0.0786399352120349,0.975615439803626,-0.0165227126818704,0.017053170684878,-0.0265784407743074,0.23017059534233134,-0.07261481627973188,0.10821414438471277,0.964384925458451,37.96799999999985,6.0,0.0015656228460872,0.020259155112724,0.9796688805199552,-0.0059818095507768,0.0088308149459276,0.0089324448177131,0.6436297015192085,0.011645068018645455,0.030790484548191662,0.7646287633711037,37.96799999999985,7.0,0.0860731599316173,0.1066305100621795,0.970269728201012,-0.0233640153035257,0.021159151040091,0.0171153243289869,-0.10385202303873386,0.09964507318012439,0.11198607328611257,0.9832317814694801,37.96799999999985,8.0,0.0175924932411841,0.0193708538528591,0.9800394248205376,-0.006219297125097,0.0156611728276278,0.0056754232379229,0.5509830640202569,0.03154475825799194,0.00015777055853349013,0.8339200000586058
570,38.10399999999981,0.0,6.619290669712118e-05,-0.1232916773946107,0.9719157154320132,0.0385628237321978,-0.0087365287336109,0.0695191183087469,0.9977703456230484,-0.059057846566403345,-0.0008317108906873699,0.031077586959026952,38.10399999999981,1.0,0.1555443744764894,-0.0446250793002901,0.9652790010490028,0.0377919890309088,-0.0194521038898719,0.0493067727592673,0.36522892418325725,0.06668801462829492,-0.04766451009349211,0.9273018042268785,38.10399999999981,2.0,0.1833587967137403,-0.0704915849481046,0.960028899627086,0.0356201956101626,-0.0368022677149116,0.0665149653045623,0.9822862029753744,-0.018801438299982296,-0.09903906825897914,0.1579607049885088,38.10399999999981,3.0,-0.0558054426157638,-0.059423211560635,0.975690337403358,0.043779284807877,0.0294089143017325,0.0637731970338388,-0.996871538410434,0.02466344531042753,-0.03122319878887035,0.06829320778836702,38.10399999999981,4.0,-0.1277228408290909,-0.0459328872965042,0.9704468279072034,0.0529004531424299,0.0015729164314175,0.1694228265934779,-0.4897545992863153,-0.047030196654778735,-0.04835055516914623,0.8692472702835189,38.21900000000005,5.0,0.0159110179222429,0.0798913122809172,0.9755092094545856,0.0083509715988741,0.0229940120434132,0.0373824951204255,0.22816115503298023,-0.06454235011017474,0.10210480990249483,0.9661011231600176,38.2199999999998,6.0,0.0005686866959513,0.0202387437786887,0.9797443900557444,-0.0015734036920131,0.011831842429133,0.0402100710460981,0.6421155513601192,0.010730342412629731,0.02878426520151175,0.7659921308538404,38.2199999999998,7.0,0.0830555107524311,0.105734718484525,0.9705719712832483,0.0026848896564116,0.0344441165010045,0.060174698775274,-0.1069813756580623,0.09205188293484212,0.10631515807943433,0.9842654739819963,38.2199999999998,8.0,0.0164971433211974,0.0202645987441283,0.9800016277027194,-0.0078833169167042,0.0199831736682745,0.0129492433509395,0.5504994313768219,0.02861341881626005,0.000742171121007364,0.8343447114349489
571,38.15299999999979,0.0,0.0002013105800291,-0.1219591611047047,0.972369745774048,0.038005805569339,-0.0163318706674138,0.0823659617515031,0.9977247162965361,-0.05746484789092552,-0.001471478923579224,0.03522806406328471,38.15299999999979,1.0,0.1565345489621918,-0.0426768784170709,0.9657523590599082,0.0621261779722582,-0.005610787760871,0.088922480786439,0.3608728930827575,0.06785153200518414,-0.04539325259105069,0.929035186234534,38.15299999999979,2.0,0.1840210419300701,-0.0677754796731876,0.9604580888732424,0.0706439912966274,-0.0334732028535075,0.1386148313139162,0.9810626626575617,-0.015809443437320592,-0.09997267392421408,0.16514108485140927,38.15299999999979,3.0,-0.0568012149444148,-0.0575040574222905,0.9762606749023603,0.0492564256860884,0.0118078488743442,0.0637087346952292,-0.997117801916733,0.02233360497833157,-0.03168824586337344,0.06521621166180022,38.15299999999979,4.0,-0.1286023504383033,-0.041440135197206,0.9706508902054236,0.0694790294971724,0.0178046418467032,0.0665422091832939,-0.49242725323507414,-0.049662626299241015,-0.04584387832169994,0.8677253958717858,38.256,5.0,0.0002163789948385,0.0983713054303103,0.9974447550857476,0.2519520893114733,0.0394937265365512,-0.1206959930251002,0.2344449419206621,-0.056626927173399386,0.10898563569296137,0.9643397179103,38.257,6.0,0.0096460382098451,0.0502135593130955,0.9752597358693552,-0.1211869927532417,-0.0725218716109349,0.215644028133886,0.6340206685787132,0.010936391178474445,0.02051492980431897,0.7729665741920001,38.257,7.0,0.0632524488050347,0.0993134131206194,0.9854247681555908,0.1023166687622859,-0.0084738388060036,-0.0181619756522563,-0.10643307806553155,0.08532198187565518,0.10622462403770619,0.9849408553564802,38.257,8.0,0.0550585067533888,0.025237137763449,0.9589946025456012,-0.0018697416785169,-0.0130389659219093,0.1476005852352186,0.5443339716575971,0.029369140723315087,-0.0004598999253894616,0.8383542028073212
572,38.17999999999984,0.0,0.0012962858436164,-0.1183870742320453,0.9725727840618344,0.0514244960567494,-0.0217422080865337,0.1326920102807329,0.9975948108828508,-0.055170025498199625,-0.0022315135204911923,0.04190324490471934,38.17999999999984,1.0,0.156327076998137,-0.0391370101923537,0.9664052666611572,0.058949745204072,-0.0031781069995364,0.0947725877688329,0.3562485770916004,0.06878801814733286,-0.043264046777778495,0.9308508914622055,38.17999999999984,2.0,0.1845525068117122,-0.0648736028958383,0.9599134272822868,0.0627643259322032,-0.0044096887871416,0.0579373254471106,0.9806091857807074,-0.01311291433585164,-0.09952309116858221,0.16831170655770947,38.17999999999984,3.0,-0.0558314944211441,-0.054526580098121,0.9767014366189418,0.0501448239289597,-0.0209136324440523,0.1291572402418828,-0.9976006118657352,0.02005448270740254,-0.03046892335023753,0.05884285545694009,38.17999999999984,4.0,-0.1300280857731464,-0.0388137339968235,0.9703876498407196,0.0373634589515922,0.0401614252459805,0.1081640120837029,-0.4969091507820425,-0.0524197964402112,-0.04536182942547685,0.8650293435724652,38.29399999999987,5.0,0.0130884965352132,0.0815877549878128,0.97511493142834,0.0211803867583786,0.0254403050990057,0.0583215343612981,0.23145194189565133,-0.05006039502141785,0.10356739953012757,0.9660216090738336,38.29500000000007,6.0,-0.0004603606043018,0.0212053863609035,0.9796627581251616,0.0013091635319638,0.0108602828259856,0.047957127222239,0.6321709251608724,0.010183990644012063,0.01968554625623098,0.7745119024162271,38.29500000000007,7.0,0.0785572476623963,0.1034397791937027,0.9717962599846056,-0.0155944019020323,0.0465968184323748,0.0644060358037746,-0.10977354685752863,0.07840635995256748,0.1000331830894624,0.9857969230071154,38.29500000000007,8.0,0.0145252587743867,0.0189413944379148,0.9794009599925276,-0.0192955596109158,0.0150930177350015,0.0248654569758007,0.5433606399568973,0.026424533225770125,-0.0004404263481940442,0.8390832884845597
573,38.25399999999991,0.0,0.0003457126611143,-0.1161554198915488,0.9729135618915864,0.0660247716457843,-0.0182517009149439,0.2022882349367445,0.99727269459955,-0.05227383821553236,-0.0025180380832496786,0.05204111767227948,38.25399999999991,1.0,0.1545306073235013,-0.0367495091801066,0.9666745910466724,0.0437335247438909,0.0235184277382895,0.0948940198653143,0.35171306889637904,0.06809959962311563,-0.041396780520255104,0.9327093160579131,38.25399999999991,2.0,0.1838523457646683,-0.0618630983484016,0.9605817362513016,0.0474278218504521,0.0300175388533129,0.0507929187142582,0.9803606219299709,-0.011511329003622119,-0.09749879028852103,0.1710395456200877,38.25399999999991,3.0,-0.0574143094248335,-0.0534145860617754,0.977209536931112,0.0352859847275602,0.026962777614798,0.1924350388613243,-0.9981012648575354,0.018463629520974623,-0.031926577196850686,0.049332070128808754,38.25399999999991,4.0,-0.1333751145895967,-0.0356837848071419,0.9703590811189688,0.0308919629962201,0.0154974889876157,0.265774928309642,-0.5082767004472414,-0.054239963038652535,-0.04414315142406854,0.8583496981850595,38.35,5.0,0.0398851806022677,0.0740649023559048,0.97664607847845,-0.2055117156993462,0.0218173330185176,0.1857280105248936,0.22171310744824793,-0.04460822846976698,0.08735570820739261,0.9701661631813467,38.351,6.0,-0.0044802163549628,0.0221107949410123,0.979807654801946,0.0940527201312559,0.0939103521771127,-0.1035184798377854,0.6360576575443324,0.008950431013268999,0.025410071191785046,0.771171105751455,38.352,7.0,0.0988364956266821,0.1279182845576058,0.9655870026093332,-0.1462836569519016,0.1448491719461752,0.2230238785441054,-0.12087667040316073,0.06979399259144976,0.08821935965105163,0.986273275382208,38.352,8.0,0.0145545651880611,0.0290196068596031,0.9787461504649204,-0.055852989263033,0.0584904220884312,-0.1660312690242927,0.5504491403780126,0.021225583259864875,-0.00010387469900197662,0.8345988303864512
574,38.30600000000004,0.0,0.0006205902116549,-0.1112547748501118,0.973866515463408,0.0895155283863028,-0.0169006635781331,0.2297731752798437,0.9968093041766948,-0.04824080162756935,-0.0026489337215218995,0.0635375425653369,38.30600000000004,1.0,0.1541274597290345,-0.0345816582323735,0.9670459322448826,0.0675789522233498,-0.0036459702759899,0.1914734887413219,0.34253531396074755,0.06898566290011263,-0.0392685691017763,0.9361455637264662,38.30600000000004,2.0,0.1832217466564138,-0.0571229981586419,0.9595169381691708,0.0888614171829385,-0.040383760951056,0.2144235179835543,0.9783088882882393,-0.007983755853537527,-0.0986444725001273,0.18198144626272264,38.30600000000004,3.0,-0.0574064518630079,-0.0496827184596583,0.9769391622670056,0.047900246189802,-0.0278840886725708,0.3304676034640917,-0.9988616258622631,0.0161528057182429,-0.03053929792092927,0.03289210436748481,38.30600000000004,4.0,-0.1360346095280587,-0.0337387850615677,0.9699795252442798,-0.0140407779146299,0.0371681045444676,0.3348298173555317,-0.522591435978728,-0.05588756536378071,-0.04539862219921623,0.849537365971511,38.406,5.0,0.0377000958673284,0.0769318203302474,0.9767247297945664,-0.1996711484176255,0.0277043514424923,0.1289644292505833,0.2147112121560432,-0.04036047601423401,0.07302198302857209,0.9731073513980675,38.407,6.0,-0.0044802163549628,0.0221107949410123,0.979807654801946,0.0729740634401712,0.0884648814501862,-0.0989849381821568,0.6397547915316952,0.007389226632940241,0.029562979730651803,0.7679747627828984,38.408,7.0,0.0985432162029957,0.1288673229471157,0.9654716192705064,-0.1437721518219029,0.1480069079496163,0.2199233098871601,-0.13180454489795057,0.06167986875957937,0.07780023632647635,0.9862911735190525,38.408,8.0,0.0135651187947181,0.0289306938478466,0.9788605633620998,-0.0604610732095203,0.0566828875768524,-0.1722010987914555,0.557734045166485,0.016446967694648748,-3.505359087958641e-05,0.8298567532334279
575,38.38999999999987,0.0,-0.0003206985630939,-0.1045518955863654,0.9742970790686634,0.1139326025599026,-0.0186447076091029,0.2130177701370604,0.9963104014458487,-0.043039240744339985,-0.0028157051250069388,0.07419757092797342,38.38999999999987,1.0,0.1556098929296371,-0.0297032475540608,0.967105101996246,0.1119167122622468,-0.0325764033340201,0.1001772063268918,0.3373863752324748,0.07226452832054872,-0.03517893703004271,0.9379289494111676,38.38999999999987,2.0,0.1886334558791947,-0.0525739854263668,0.9596579574929078,0.0999185066442068,-0.0730197714026268,0.089145102812625,0.9771331448109094,-0.0029599294914027553,-0.10143113126875154,0.18685229926037616,38.38999999999987,3.0,-0.057228138841582,-0.046149244117316,0.977633974139672,0.0142950962000144,-0.0253351019632965,0.3143228148792874,-0.9992962142678387,0.015640586971204077,-0.02943517299308004,0.017205196308947488,38.39100000000008,4.0,-0.137237899578953,-0.0299227060995597,0.9689847215404568,0.0060037665179611,-0.0291566439233449,0.4642460080474485,-0.5423872016805391,-0.055456095091114044,-0.04351301865023117,0.8371662691355548,38.462,5.0,0.0226496469258579,0.0818651809355097,0.9763427091162868,-0.0841848646506571,0.0325414465759926,0.0344061789758709,0.21256653871252662,-0.03667950349857151,0.06591235834364507,0.9742307948635442,38.463,6.0,-0.0024542329045737,0.0211645636928328,0.9798137771967396,0.0147460866872733,0.0417243738953609,-0.0274835277277756,0.6407742740220006,0.006073297900933859,0.029427807911537086,0.767141088018173,38.464,7.0,0.0858576270540447,0.1148935540940835,0.9694477495483076,-0.0808824218596495,0.0945280623766477,0.1193726061487365,-0.13773657771336237,0.05546707284871682,0.07144316597213429,0.9863305292980057,38.464,8.0,0.0131121982744689,0.0227831130382611,0.9789065328297166,-0.0391020908608196,0.0304035635355143,-0.0780816427750685,0.5610207337586686,0.013649679656011323,-0.00015367691134279986,0.827689192222286
576,38.45100000000002,0.0,-0.0001762964820087,-0.0987481543732095,0.9748408951862017,0.0979181290863032,-0.0280939536449594,0.1759379866139001,0.9957852635409488,-0.03881045451798756,-0.003593740677383457,0.08302133799653043,38.45199999999977,1.0,0.1578868249855302,-0.0242486532695132,0.967356063355476,0.0894837463010548,-0.0413218790603198,0.0883373988670286,0.3328223229816003,0.07549570567473701,-0.03238591720167745,0.9394045199576223,38.45199999999977,2.0,0.1926827588386018,-0.047730573421572,0.9600380965395032,0.0794135920569333,-0.0411271649121758,0.0564036803950412,0.9763890874848066,0.0007658679643312825,-0.10271749271306532,0.19003389165511883,38.45199999999977,3.0,-0.0572202812797564,-0.0424173765151988,0.9773635994755654,0.0243501095663284,-0.006531164412472,0.205564521424924,-0.9994399401455489,0.014676667483531346,-0.029252369423104184,0.006978564076747604,38.45199999999977,4.0,-0.137652320594126,-0.0278045812059945,0.9695693600248572,0.0063560543749574,0.00369662391196,0.1735154140209885,-0.5495829646950988,-0.055753287792623354,-0.04353556687326428,0.8324390609734038,38.51899999999978,5.0,0.009549822217746,0.0830444103341252,0.976279379485128,-0.0030564242466202,0.0311296357235633,0.0075275215865631,0.21193504478594216,-0.03317775595434438,0.06357479080600589,0.9746491775379422,38.51899999999978,6.0,-0.0014572967544377,0.0211849750268681,0.9797382676609504,-0.0088271813909254,0.009790452609019,0.0155416632488112,0.6401952808474876,0.005467561237701544,0.027334840615020135,0.7677062684668335,38.51999999999998,7.0,0.0731085081513967,0.0997501192593739,0.9726315128267324,-0.0401974613421192,0.0466350835131214,0.0319603794246812,-0.13931200009417474,0.051021309836108156,0.06747201313541785,0.9866288664010507,38.51999999999998,8.0,0.0136417159076875,0.0178698235231326,0.9796675829047048,-0.0143122742599883,0.0103281497780216,-0.0013368410228055,0.5610924426494891,0.012543651987000724,-7.582689190424796e-05,0.8276580947750957
577,38.51400000000013,0.0,0.0010537964549105,-0.0938435512106442,0.9754979638160228,0.0477315299506965,-0.0228467837911616,0.160866099732179,0.9951376817900062,-0.03725913149174078,-0.004325091411633711,0.09107164754397837,38.51400000000013,1.0,0.1583790837004304,-0.0213184434744196,0.9669418750959334,0.0678143330107136,-0.0042704006728141,0.1869142654825206,0.3237506314140117,0.07622898629840191,-0.03047837200102295,0.9425739966427644,38.51400000000013,2.0,0.1908047107476237,-0.0466099481940633,0.96050407343533,0.0655818971983076,-0.0351360330687801,0.2577998654865956,0.973685762730639,0.0024222763937786678,-0.10361442531578391,0.20296359008256967,38.51400000000013,3.0,-0.0568376034315242,-0.0402470592930282,0.9777421240053148,0.0106250745505319,0.0040225303603482,0.1616957631280003,-0.9994577620970747,0.01447315601269655,-0.029556236164429397,-0.0010669783183275884,38.51400000000013,4.0,-0.1380667416092989,-0.0256864563124292,0.9701539985092577,-0.0033722189130195,0.005448813159048,0.1734067864720032,-0.5567592037892427,-0.05585513263676272,-0.04397416929620713,0.8276265254260564,38.53600000000006,5.0,0.007143048406922,0.0826022627398347,0.97638867417116,0.0055056243835618,0.0300241770222831,0.012746905100437,0.2110834128845686,-0.02998972229337361,0.061883623691136244,0.9750460637737187,38.53600000000006,6.0,-0.0014572967544377,0.0211849750268681,0.9797382676609504,-0.0074065599196854,0.0060325369893062,0.0194135884976728,0.6394666516078288,0.005115123494653799,0.025384583213929973,0.7683826259931711,38.53600000000006,7.0,0.0706774178195833,0.0969562509026998,0.9731645225866226,-0.0367594034442608,0.0391757011739139,0.0193476339620998,-0.14025461974658063,0.047200900308926354,0.0639989425916142,0.9869168414800328,38.53600000000006,8.0,0.0137476194343312,0.0168871656201069,0.979819792919702,-0.0094989044701669,0.0080961464924206,0.0095709473119798,0.5607071853279377,0.01175190643994984,7.940561268422729e-05,0.827930757196154
578,38.57000000000016,0.0,-0.000162369870379,-0.0920413169883349,0.9749755738494568,0.038549768429796,-0.0031705329712851,0.1539024883931858,0.9944424990057553,-0.03631930426015397,-0.004015878269215563,0.09873650303192616,38.57000000000016,1.0,0.1569857616202614,-0.0210987934099056,0.9668398582832384,0.0163755814701,0.0237338014450804,0.1165762370455565,0.31818562517953747,0.07482870988557236,-0.030347447464670295,0.9445832967707753,38.57000000000016,2.0,0.1908047107476237,-0.0466099481940633,0.96050407343533,0.0076985399821033,0.0090787207210613,0.1283021874947792,0.9724306687507499,0.0014610797284248334,-0.1028042416285433,0.2093030043314638,38.57099999999991,3.0,-0.0562505607564857,-0.0394398991910293,0.9778043611921468,-0.0143667472382369,-0.0168986766791849,0.1639790120386413,-0.9994231333860583,0.015515613451368808,-0.028750874868892613,-0.009276496445000004,38.57099999999991,4.0,-0.1388049430661537,-0.0242450045561541,0.9695397709916154,-0.0131511541270889,-0.0059227320633681,0.1831941286355838,-0.5643543490631918,-0.05525499069062991,-0.044439616531742235,0.8224817172313017,38.589,5.0,0.0045018140945175,0.0812729019132399,0.976895311220429,0.0025903960720587,0.0284182729206136,0.0346744842048349,0.20918085772724457,-0.02715231113401292,0.060191156651661186,0.9756449894410933,38.589,6.0,-0.0024542329045737,0.0211645636928328,0.9798137771967396,0.0042432022905254,0.0044353444289784,0.0225499886429146,0.6386118990206441,0.005192811292759931,0.024056585232130844,0.769135331295536,38.589,7.0,0.0664089043995376,0.0925426072406902,0.9737118276274288,-0.041071566244799,0.0352431935731499,0.0206525174950434,-0.14124569676660234,0.043798671818007014,0.06043476103572003,0.9871570134231185,38.59,8.0,0.0139594264876186,0.0149218498140555,0.9801242129496972,-0.0057765146850591,0.010865796979065,0.0179817419785348,0.5599695243328249,0.010981508809140651,0.000357392809961359,0.8284403482165291
579,38.63000000000011,0.0,0.0007974877198762,-0.0898017464055817,0.9747245817952084,0.004629174045811,-0.018900764331812,0.066010156246738,0.9940810901898047,-0.03694222811567645,-0.004903233530211087,0.102049087256315,38.63000000000011,1.0,0.1572880017606516,-0.0234528195987641,0.9674458381506476,-0.0069940146526013,-0.0127769803074479,0.0782777645752313,0.31444239047439376,0.07496990535506569,-0.031839900760738275,0.9457757224011133,38.63000000000011,2.0,0.1901424655312938,-0.0493260534689803,0.9600748841891736,-0.008941520181008,-0.0068712313098491,0.0524012930693649,0.9718546165498022,0.0002680131462782178,-0.10301717303117426,0.2118631504543808,38.63000000000011,3.0,-0.0562505607564857,-0.0394398991910293,0.9778043611921468,-0.0301708901274925,-0.0189414505003725,0.075936100663812,-0.9993752022339495,0.017392733659914426,-0.027833599843164504,-0.01311444605991261,38.63000000000011,4.0,-0.1375711834625347,-0.0235636031013459,0.9696560865016008,-0.0397440269638075,-0.0227325193978946,0.0580674795829445,-0.5668645861604439,-0.05292041655375973,-0.045806587678089455,0.8208323379315746,38.64199999999983,5.0,0.0038516060167313,0.0825242789821222,0.9767890808713888,0.0076725609742046,0.0340929299575798,0.0178395344496641,0.20809372177945507,-0.02490315421863076,0.059014368452422326,0.976009293081833,38.64199999999983,6.0,-0.0024542329045737,0.0211645636928328,0.9798137771967396,-0.0080946960285734,-0.0022540396226043,0.0496935363651672,0.6367215789254103,0.005157803824457671,0.022168264639490055,0.7707578063395235,38.64199999999983,7.0,0.0651651485548863,0.0920969249866935,0.973207408429372,-0.04128309960729,0.0501967705365962,0.0640150341005134,-0.14442269152400186,0.04007089754978557,0.056989469980152294,0.9870605906700454,38.64300000000003,8.0,0.0129699800942756,0.014832936802299,0.9802386258468768,-0.0203000649242353,0.0196997070454939,0.0197584318681397,0.559164997642291,0.009471738230779314,0.00027829265120238783,0.8290022401295334
580,38.72499999999991,0.0,0.0017527031062549,-0.0897977882844534,0.9744286968532082,0.0007287202174883,-0.0060374783642854,0.012889403297251,0.9939822651175354,-0.0377440802070673,-0.00524324609717089,0.10269931553569556,38.72499999999991,1.0,0.1578868249855302,-0.0242486532695132,0.967356063355476,-0.0206763652174571,-0.0064926597201211,0.0032359339024235,0.3143115369225129,0.07472661346522283,-0.03347053818187268,0.9457821705187949,38.72600000000011,2.0,0.1898113429231289,-0.0506841061064388,0.9598602895660958,-0.0150871518319185,0.0149750846691565,-0.0365169465607699,0.9723293195702766,-0.0009242574294821153,-0.10221528627771576,0.2100639790715477,38.72600000000011,3.0,-0.0576290109333689,-0.0396910622748555,0.9779961741614,-0.0294840507962125,0.0127426626068527,0.0259090521565701,-0.9993028564531519,0.019162405399080068,-0.02860627794176659,-0.014432053430156177,38.72600000000011,4.0,-0.1377936287464836,-0.0247532808629713,0.9703876498407198,-0.0131919929321907,-0.0335518815254313,0.0933986789294064,-0.5707782271188349,-0.051166856057375504,-0.04561453762155834,0.8182380351987159,38.686,5.0,-0.0002713315258708,0.0867234758267824,0.9761823421470625,0.0564882930117914,0.0444132682244933,-0.0295823896833068,0.2093562851364856,-0.023178499407363398,0.06063639136319323,0.9756822900317106,38.686,6.0,0.0005686866959513,0.0202387437786887,0.9797443900557444,-0.0516863951129767,-0.023300768319888,0.1041081465733992,0.6327624595430197,0.004704158210846098,0.01798023186676647,0.774122892020778,38.686,7.0,0.0639849224639324,0.0928209087143744,0.9734953562306922,-0.0218615408030082,0.0625419402064787,0.1010634256619798,-0.149500083394464,0.035983622864532445,0.054721562636322794,0.9865903174738897,38.687,8.0,0.0108921920208212,0.0144923903991112,0.9794857481216872,-0.0390317741368458,0.0229310806882219,0.0433330474188787,0.5573905133001684,0.0073611029738546675,-0.00044233234444140805,0.8302177028876704
581,38.797000000000025,0.0,0.0007974877198762,-0.0898017464055817,0.9747245817952084,-0.0038378076627321,0.0095444595207371,-0.0122620461115389,0.9940096295718975,-0.03876969810458431,-0.004800738001394632,0.1020721300936782,38.797000000000025,1.0,0.1561021516445374,-0.0267730377589673,0.9666909137367032,-0.0313367817086171,0.0279106291948102,-0.0559581179149255,0.3170822505083908,0.07268554458801874,-0.03477808113471249,0.9449688582662735,38.797999999999774,2.0,0.1881178140515902,-0.0517477594713777,0.9598848146658762,-0.0419175409754928,0.0262732157003838,-0.0755634532766161,0.9732569923534601,-0.003313956757704682,-0.10116084756849342,0.20621912482824892,38.797999999999774,3.0,-0.0568376034315242,-0.0402470592930282,0.9777421240053148,-0.0012339285293999,0.0069479439401588,-0.0616438029866195,-0.9993277047421588,0.019496714707659096,-0.02890289242672834,-0.011341933686356628,38.797999999999774,4.0,-0.1365598691428647,-0.024071879408163,0.970503965350705,-0.0047350067413734,0.0185863382512379,-0.1336841848993464,-0.5652524080580629,-0.05139847916318787,-0.047117991080454724,0.8219658182922297,38.73099999999977,5.0,-0.0021815537579699,0.0968124761355528,0.974932092654511,0.135368399843975,0.0547589088964937,-0.0504226640757767,0.2116772756394815,-0.021336489779203677,0.06656121561069829,0.9748369554741834,38.73099999999977,6.0,0.0006650201463032,0.0172775820299383,0.9802158144548596,-0.1052145841585712,-0.0501352416656584,0.1575188451571506,0.6267490218857208,0.0036076126924178002,0.011176302665734153,0.779132683793125,38.73099999999977,7.0,0.0594231296202003,0.0893563034418746,0.9739272779326722,0.0052520641946066,0.0678290000965261,0.1194994945775067,-0.15555389006900286,0.03164962800689292,0.05375428196947337,0.9858558543222088,38.73099999999977,8.0,0.0102204562074094,0.0114555036782776,0.9800567910638596,-0.0538279484695673,0.0191814610703789,0.0833134729928875,0.5539563470792301,0.005093906142202117,-0.0019283500737274741,0.8325278969000637
582,38.82499999999982,0.0,0.0007974877198762,-0.0898017464055817,0.9747245817952084,-0.0059139854233165,0.0027138707228159,-0.0373419094889191,0.9941603351583673,-0.039755419712544086,-0.004799892797481484,0.10020826128825341,38.82499999999982,1.0,0.1560012441904609,-0.0269592130000927,0.9676682348023228,-0.0143020258344025,0.0120014560978085,-0.0559798403720674,0.31977047425464666,0.07184689015663345,-0.03542738057368977,0.9441026262411656,38.82499999999982,2.0,0.1872710496158209,-0.0522795861538471,0.9598970772157664,-0.0238079957762791,-0.0022004395397095,-0.0599493093792417,0.9738635001281563,-0.004445405077806279,-0.10136608195040407,0.20321180802762095,38.82600000000002,3.0,-0.0574246461065626,-0.0410542193950271,0.9776798868184826,-0.0147872637822534,-0.0044287561002272,0.0062218621851348,-0.9993117451782522,0.02040285616055014,-0.02869645315090097,-0.011673602093870014,38.82600000000002,4.0,-0.1358723352648763,-0.0252568288522705,0.9701529781977666,-0.0144074489319617,-0.022232180202219,0.0219716135228054,-0.5662236968336887,-0.04998421792022168,-0.0473155342089085,0.8213729623778837,38.775,5.0,0.0056910634764602,0.1104879679606532,0.9748789774799907,0.1820729845179054,0.0585413124173587,0.0352173343192505,0.20979145239772712,-0.018564417127410353,0.07489344857200624,0.9746968145421242,38.775,6.0,-0.0062493106044135,0.0151605948591909,0.9810586641381264,-0.1206927942409745,-0.0580409737170395,0.152118345582776,0.6208871187011994,0.0020841910534619254,0.004341460046466671,0.7838851916596208,38.775,7.0,0.0514162402699927,0.0805334431875168,0.9737108065359352,0.008999574196637,0.070286067088746,0.1226205578542675,-0.1617832977612991,0.027240494360776735,0.052560024764960835,0.9850490159525901,38.776,8.0,0.0158949963808797,0.0073122199812813,0.9822091836920468,-0.0570225954300769,0.0126901013478022,0.1101346260448623,0.5493914064916507,0.0033579032069769366,-0.003916155473008825,0.8355492030308507
583,38.90000000000009,0.0,0.0007928455159996,-0.0920373588672066,0.9746796889074568,-0.0230247979226713,0.0030531006882698,-0.0524657941844999,0.9943449291522224,-0.04160523792637146,-0.004904949496000838,0.097586410512905,38.90000000000009,1.0,0.1561021516445374,-0.0267730377589673,0.9666909137367032,-0.0235748655539921,-0.0135272995704636,-0.0373344939214244,0.32156846195033334,0.072120252634458,-0.03694195563966145,0.9434127862989542,38.90099999999984,2.0,0.1872710496158209,-0.0522795861538471,0.9598970772157664,-0.0096189386141161,0.0006452093911704,-0.0242135426449706,0.9741223661857455,-0.005014070355290873,-0.10125571635754518,0.20200929359828165,38.90099999999984,3.0,-0.0580116887816011,-0.0418613794970261,0.9776176496316504,-0.0148975181689935,0.0153647743786287,-0.0924005298502853,-0.9993126092571506,0.02141932746493488,-0.02942248671297414,-0.007059650574935846,38.90099999999984,4.0,-0.1358723352648763,-0.0252568288522705,0.9701529781977666,-0.0004799976185394,0.0018078760430015,-0.1000319044575303,-0.5620960842481757,-0.0498006935605924,-0.04791077163141051,0.8241798595909964,38.82000000000016,5.0,-0.0056670546484817,0.1021821482476598,0.9747982832725466,0.1132554608674389,0.0550950511720762,0.2416804364558241,0.19782117741938657,-0.016544148318389594,0.07888191004509698,0.9769189921321337,38.82000000000016,6.0,0.0038413932815956,0.0092832999954931,0.9802617324158126,-0.0505786043708701,-0.022772534519389,0.0472233830510735,0.6190465155927575,0.0016606214576485234,0.0014662261249638892,0.7853511979043456,38.82000000000016,7.0,0.0546315871064791,0.0880104025405621,0.9750361832952024,-0.0364321588608355,0.0801479666203177,0.137696934832748,-0.16871194245454865,0.023266610865856012,0.0495562836746772,0.9841438512943038,38.82099999999991,8.0,0.0094498251072291,0.0082558965777692,0.9796461304864834,-0.047754046551651,0.0174117681030637,0.0963288630522107,0.5453842349781511,0.0016058326634024677,-0.004965540266600183,0.838169911741417
584,38.98999999999978,0.0,0.0009233209854551,-0.0929404550389254,0.9750888263617398,-0.0149914771772386,6.613933923257664e-05,-0.0483966091005635,0.9945226189191736,-0.04290090921677289,-0.005099057714622289,0.09517495498788155,38.98999999999978,1.0,0.1564043917849276,-0.0291270639478258,0.9672968936041126,-0.0230379970191334,0.0056659864521745,-0.0580886992440991,0.3243782107307142,0.0714701850349509,-0.0380264734877839,0.942456776923108,38.98999999999978,2.0,0.186939927007656,-0.0536376387913056,0.9596824825926882,-0.0289794778272505,0.01170793356968,-0.0700431158360239,0.9748853768118818,-0.006433697892101921,-0.10082654231222986,0.19847195765434616,38.98999999999978,3.0,-0.0580116887816011,-0.0418613794970261,0.9776176496316504,-0.0045263248510136,-0.0049655693231512,-0.0499490526389795,-0.9993291037434037,0.021732778359928314,-0.029122054219408174,-0.004575446885902433,38.98999999999978,4.0,-0.1349116885240727,-0.02550860284692,0.97003564237629,0.0028213005487056,-0.0197549893500234,-0.0267350205847878,-0.5610227813528862,-0.04898939369739415,-0.047481511827496777,0.8249842326631514,38.89399999999978,5.0,-0.0164281381225929,0.0887119346999896,0.9761220768528952,-0.2045322666276533,0.1136858386626635,0.0264188838441261,0.1959063081909942,-0.022267515998991065,0.06677092495714922,0.9780933082904599,38.89499999999998,6.0,0.0016940674465565,0.0163109394477236,0.9802974463854424,0.0623503729475887,0.015944207048458,-0.0092191749428531,0.6194025121771267,0.0033818163451358064,0.004863101256988011,0.7850512349350433,38.89499999999998,7.0,0.0466246977562715,0.0791875422862043,0.9748197118984652,0.0008145685297937,0.0428978586149817,0.2282448383885629,-0.18005004820248496,0.021059916829330005,0.048401448719472454,0.9822401741973705,38.89499999999998,8.0,0.0081133617202807,0.0010367448534015,0.9799587228662768,-0.0473604043333898,0.0378961785949597,0.1629414510828123,0.5385790155171051,-0.001085525472476398,-0.005605935169473485,0.8425556593899005
585,39.04999999999973,0.0,0.0018785363718338,-0.0929364969177971,0.9747929414197396,-0.0023413395017717,-0.0014576540107438,-0.0476891182976018,0.9947226007486865,-0.043428236480843804,-0.005324533098256054,0.09280401490893993,39.04999999999973,1.0,0.1564043917849276,-0.0291270639478258,0.9672968936041126,-0.0266513574732144,0.0076666089769031,-0.0882611922141048,0.32863235629622845,0.07077537381602952,-0.039054838907381755,0.9409922106023559,39.04999999999973,2.0,0.186939927007656,-0.0536376387913056,0.9596824825926882,-0.0308662070081836,0.0178001042010497,-0.1211388754967194,0.9761579485749114,-0.007644764567832622,-0.10017550173329462,0.1924112415146414,39.05099999999993,3.0,-0.0572202812797564,-0.0424173765151988,0.9773635994755654,0.0011837775019201,-0.006223062225646,-0.0342181051451383,-0.9993456619400575,0.02172774918062058,-0.0287734765476967,-0.002870526866497594,39.05099999999993,4.0,-0.1342241546460844,-0.0266935522910275,0.9696846552233516,0.0010254595016763,-0.0053670737137167,-0.0544612230345798,-0.5587710146751126,-0.048682077876848806,-0.04766584213095326,0.8265185877803866,39.08199999999988,5.0,-0.0223225005481007,0.0800390331066952,0.975929023622428,-0.0219952469168007,0.041629142555959,0.0417588119048834,0.1936706477700461,-0.022466099086787778,0.06371197883491214,0.9787378292153078,39.08300000000008,6.0,-0.0003640271539499,0.0182442246121531,0.9801341825242768,-0.0078033700173798,-0.0038215411651994,0.0531161323558126,0.6173189179984881,0.0035268283668786087,0.004685275616273463,0.7866911485171585,39.08300000000008,7.0,0.0410911033029497,0.065111706879123,0.9771110412110966,-0.1056856764527117,0.0622224816765046,0.0346863420742177,-0.1818048063574764,0.018409586034186062,0.04142130176034895,0.9822893541558151,39.08300000000008,8.0,0.0072438353333319,-0.0023255826267818,0.9785663587693528,-0.0108833869373164,-0.0063005876976108,-0.0044373565451566,0.5387660692604741,-0.0007555599413389872,-0.005973227860289788,0.8424338978766951
586,39.12800000000016,0.0,0.0018785363718338,-0.0929364969177971,0.9747929414197396,0.004430586828626,0.0008878387383063,-0.0446714643466856,0.9949207145362137,-0.04357858565893468,-0.005361692638560282,0.09058107368963034,39.12800000000016,1.0,0.1570032150098062,-0.0299228976185748,0.9672071188089408,-0.0122626775160711,0.0006386332102983,-0.075792145708838,0.33222992335630014,0.07069290350601572,-0.03954212672669127,0.9397138988194685,39.12800000000016,2.0,0.186939927007656,-0.0536376387913056,0.9596824825926882,-0.019027506443645,-0.0062908297425678,-0.0780389729094483,0.9768672972738015,-0.008202748042011668,-0.10062426997125215,0.18851460085173818,39.12899999999991,3.0,-0.0572202812797564,-0.0424173765151988,0.9773635994755654,0.0037146913705749,-0.0075756460402237,-0.0405487697857716,-0.9993631622140966,0.021600648835791013,-0.028389483230228055,-0.0008480691214322309,39.12899999999991,4.0,-0.1342241546460844,-0.0266935522910275,0.9696846552233516,0.0106382250836636,-0.0093180998613369,-0.0312430638676802,-0.5574628986500172,-0.04857764374163692,-0.047254775012289606,0.8274311544749625,39.10399999999981,5.0,-0.0244820424316483,0.0780622464083796,0.9752742769519004,-0.0158770405031947,0.0031728876906659,0.0113328206644617,0.19306106744929746,-0.02094845047414333,0.06076958645078591,0.9790789774173841,39.10500000000002,6.0,-0.0003640271539499,0.0182442246121531,0.9801341825242768,0.0031258599246589,0.0036460998308738,0.0422556500630902,0.6156545127866806,0.0036961457934339167,0.005187676544164321,0.7879904488023581,39.10500000000002,7.0,0.0377095365501715,0.0609231178789424,0.9772550151117568,-0.0474814610560219,0.0346686088871799,0.0473454231989905,-0.18415955761881256,0.01673034058059397,0.037996496944356736,0.9820191542234082,39.10500000000002,8.0,0.0072438353333319,-0.0023255826267818,0.9785663587693528,-0.0079775581875211,-0.0161062240900121,-0.0342172821729462,0.5402052019101249,4.1548984601114564e-05,-0.0064465839295766904,0.8415086331455918
587,39.21599999999989,0.0,0.0018785363718338,-0.0929364969177971,0.9747929414197396,-0.0007774803589447,0.0015435350884916,-0.0573469999232326,0.9951590459555419,-0.04397350146370128,-0.005404794510644123,0.08772452689057281,39.21599999999989,1.0,0.1564043917849276,-0.0291270639478258,0.9672968936041126,-0.0016679251784159,0.0016374513779297,-0.0489706088323511,0.3345309948029028,0.07066529457765437,-0.03953863443741579,0.9388994227526493,39.21599999999989,2.0,0.186939927007656,-0.0536376387913056,0.9596824825926882,-0.0039652695013854,-0.0143654104144091,-0.0143947542914901,0.9769387495554075,-0.00825253602128574,-0.10124820370638697,0.18780675310692196,39.21599999999989,3.0,-0.0566332386047179,-0.0416102164131999,0.9774258366623976,0.0047577413912717,0.0046889105924288,-0.055209856146004,-0.9993593715251978,0.021408293741197584,-0.028615439619862147,0.0019204476599101942,39.21599999999989,4.0,-0.1342241546460844,-0.0266935522910275,0.9696846552233516,0.0111231040713688,0.0035861689230081,-0.054962690539404,-0.5551388528911337,-0.048982147372631485,-0.04727415003546742,0.8289672840274855,39.16800000000012,5.0,-0.0247569049344884,0.0708401640739518,0.9766031777605684,-0.1087946119441764,0.0121175379963393,-0.0424107668698811,0.19497926515141978,-0.021184442689542143,0.05323575740827319,0.9791324015076374,39.16800000000012,6.0,-0.0013930744542031,0.0192108671943679,0.980052550593694,0.0259218190018681,0.01400058147791,-0.0284224353176748,0.6167650865039028,0.004114639789018482,0.006943827568851403,0.7871058893617389,39.16800000000012,7.0,0.0361582844894174,0.0552821343537389,0.9781341748881276,-0.0134221258877048,0.002499586556458,-0.0012920521187983,-0.1840929195862437,0.01634938134685395,0.03662886642152411,0.9820900268470616,39.16899999999987,8.0,0.0084310723002118,-0.0019112288556755,0.9804153529112698,0.005640026204027,0.0005524097642219,-0.0072378049240852,0.5405127867201691,0.00047820708879004365,-0.005863849812134856,0.8413152286600771
588,39.27399999999989,0.0,0.0018785363718338,-0.0929364969177971,0.9747929414197396,-0.0119954821471115,0.0030495869735979,-0.0534313152350055,0.9953494765175235,-0.04489600893127246,-0.005398040045905967,0.08505662315186276,39.27500000000009,1.0,0.1564043917849276,-0.0291270639478258,0.9672968936041126,-0.0034324901228358,0.0044517505674096,-0.0273653105167423,0.33582559727111444,0.07042599162068039,-0.039664622069330656,0.9384498205433471,39.27500000000009,2.0,0.1864242851800516,-0.0528114128363166,0.9599093397656564,-0.006194884749346,-0.0007819600967977,-0.0204651279386858,0.9771446288467307,-0.008473796036127988,-0.10113390428955915,0.1867846420342782,39.27500000000009,3.0,-0.0572202812797564,-0.0424173765151988,0.9773635994755654,0.0015669610219038,0.017490402846148,-0.0677470687145334,-0.999321108575714,0.02144437608087387,-0.02948045908518946,0.005325713251256803,39.27500000000009,4.0,-0.1351848013868881,-0.0264417782963779,0.969801991044828,0.0061154321584881,0.0144499624991458,-0.0924979606625737,-0.5512428768453039,-0.04962891689653532,-0.04789352060104298,0.8314893096242593,39.256,5.0,-0.0259036645909995,0.0615603932397731,0.9778564915901112,-0.044908214339618,-0.0018481294169496,-0.057419993136799,0.19774297472455551,-0.020262501243336117,0.04897467237117663,0.9788200184183932,39.256,6.0,-0.0075352471056052,0.0240236687714066,0.9797199004765694,0.0231055400913799,0.0098064983293492,-0.1152783330199218,0.6212954640477403,0.004450346578862605,0.008692311355053004,0.7835155291966701,39.256,7.0,0.0328402474903364,0.0522632113352357,0.979070515788164,0.0978143138641488,0.0085365383956403,0.0363852569498735,-0.18597808761003082,0.01460887471478911,0.040590480229718125,0.9816064102394626,39.257,8.0,0.0093146151669111,-0.0008396579408933,0.980148729999093,-0.0188629811521932,0.0121179529645049,-0.011842222023839,0.5410176245038535,-0.00020934321185470445,-0.006036216142366119,0.8409895660745796
589,39.34099999999989,0.0,0.0020090118412892,-0.0938395930895159,0.9752020788740224,-0.0212902609006576,0.0195474061273687,-0.0537238919753192,0.9955179103102458,-0.046303130475264465,-0.004610774948608315,0.08233377869431845,39.34099999999989,1.0,0.1564043917849276,-0.0291270639478258,0.9672968936041126,-0.0164013232700326,0.000237311333343,-0.0629021820832164,0.33882603041449594,0.07025326644045746,-0.040342571283158137,0.9373547229359142,39.3420000000001,2.0,0.1860931625718867,-0.0541694654737751,0.9596947451425784,-0.0295206934638659,-0.0040846463326973,-0.0806894554212292,0.9778744194922374,-0.00955999955969006,-0.101436591281972,0.18270425298890156,39.3420000000001,3.0,-0.0572202812797564,-0.0424173765151988,0.9773635994755654,-0.0083440819827937,-0.0036436059183788,-0.064735146075742,-0.9992953188143823,0.021963193690204136,-0.02921431463124288,0.00854445663662145,39.3420000000001,4.0,-0.1354579142497034,-0.0273749537458357,0.9695683397133662,-0.0008114289550396,-0.0017018663365621,-0.0669525007781501,-0.5484529845176139,-0.049417893172945475,-0.048254570200400373,0.8333238818507747,39.3449999999998,5.0,-0.0259036645909995,0.0615603932397731,0.9778564915901112,-0.0127652294281017,-0.002306059696233,-0.0508963431411305,0.20021428706924535,-0.019054703509805985,0.04672001654797872,0.978452041533597,39.3449999999998,6.0,-0.0034190579045923,0.0201570984425474,0.9800464281989004,-0.0057755147127954,0.0019848872148246,-0.0341110897631528,0.6226317925324995,0.00423521466779345,0.008579834783255105,0.7824564526665854,39.3449999999998,7.0,0.0351442783147553,0.052717747728555,0.97695277202952,0.0133855022227406,-0.0027839524813639,-0.0478454919224868,-0.18365070909825237,0.01432512707395614,0.040230711863059876,0.9820634895998402,39.346,8.0,0.0093146151669111,-0.0008396579408933,0.980148729999093,-0.0009728647864897,0.0093064881091657,-0.0103338631210736,0.5414580396374575,-0.00022633585792058845,-0.005514849954839886,0.8407096564890976
590,39.39599999999973,0.0,0.0017434186985017,-0.0942690132077032,0.9743389110777048,-0.0272097859051483,0.0025616841231037,-0.0547754231083393,0.9956683452266036,-0.047822090270653275,-0.004751305672887178,0.0795928331589297,39.396999999999935,1.0,0.1570032150098062,-0.0299228976185748,0.9672071188089408,-0.0274109372688607,-0.0008422980310243,-0.0431717810930461,0.3409341433719494,0.06992314772312086,-0.04162744268249445,0.93655849753843,39.396999999999935,2.0,0.1843996337003481,-0.0552331188387139,0.9597192702423588,-0.0190501853276725,-8.083148417870998e-05,0.0046934996151016,0.9778502822040562,-0.010605809997721706,-0.10129393148914742,0.18285481079592045,39.396999999999935,3.0,-0.0578073239547949,-0.0432245366171978,0.9773013622887332,-0.0119186618446222,0.0020128438291073,-0.0538997748610573,-0.9992514249948966,0.022621795614002422,-0.029307664726638448,0.011220730686450794,39.396999999999935,4.0,-0.136004139975334,-0.0292413046447514,0.9691010370504424,-0.0093821503692077,-0.0077884691996602,-0.0229143581856389,-0.5475238904423195,-0.04883382301038073,-0.048741035199486756,0.8339407404682783,39.36099999999988,5.0,-0.0259036645909995,0.0615603932397731,0.9778564915901112,-0.0197869424915686,0.0017972810272471,-0.0515876970799494,0.20270143415812167,-0.0182279882731775,0.04439198563013341,0.9780640166397941,39.36099999999988,6.0,-0.002390010604339,0.0191904558603326,0.9801280601294832,-0.0100848680925831,0.0013521607726235,-0.0172127121706671,0.6233060121383747,0.003951224723734797,0.008214631285421435,0.7819248831493876,39.36099999999988,7.0,0.0360312249820228,0.0529428023903839,0.9765494408893732,-0.0117793004504979,-0.0048941076131946,-0.0662815608380137,-0.18039650629411444,0.014415515296105312,0.03872159474192972,0.9827257661912946,39.36099999999988,8.0,0.0093146151669111,-0.0008396579408933,0.980148729999093,0.0037832606513036,0.0092050085734371,-0.0074182374547706,0.5417751373848189,-0.00010970874826830241,-0.004848387300793695,0.8405094774101197
591,39.49099999999999,0.0,0.0018692519640806,-0.0974077218410469,0.974703155644236,-0.0351284089559802,0.0017876514736881,-0.062063842709251,0.9958168352519566,-0.04973578494653392,-0.004973187929587502,0.07648823260048845,39.49099999999999,1.0,0.1568075393793943,-0.0312949148955589,0.9669255524059024,-0.0186249754401673,0.0017034672407494,-0.0071345808006003,0.3413300478794981,0.06954295794955859,-0.042533646593445815,0.93640187116519,39.49199999999973,2.0,0.1854309173555569,-0.0568855707486921,0.9592655558964222,-0.017023224441615,0.0067361568216388,-0.0009094145971045,0.9779043909270716,-0.011554674784525081,-0.10088690046514853,0.18273293356894382,39.49199999999973,3.0,-0.0576029591279886,-0.0445876937373695,0.976985074945816,-0.0088076124814587,0.0004311215402311,-0.0627307591050529,-0.9992000455421907,0.023135242407533247,-0.029297893769097954,0.014340954219419656,39.49199999999973,4.0,-0.1350434932345304,-0.029493078639401,0.9689837012289656,-0.004978348419974,0.010160032699936,-0.0997460893491344,-0.5433434484805474,-0.04894898433695656,-0.049652180770360314,0.836610157044722,39.416,5.0,-0.0267755617446704,0.0595027047400222,0.9777809046109864,-0.0461169909578789,0.0138704439641987,-0.060372063759002,0.20557097185641177,-0.01841767143071906,0.041033496352630726,0.9776081101781834,39.416,6.0,-0.0013609633040858,0.0182238132781178,0.980209692060066,-0.0173447855768835,0.0016292212473366,0.0048925776384124,0.6231164885952196,0.0034790953504040714,0.0075350659002213945,0.7820850083706922,39.416,7.0,0.0378051183165578,0.0533929117140419,0.9757427786090797,-0.0575892890360232,-0.0045996195601422,-0.0850701372143659,-0.17618523572529451,0.014948134987616029,0.03516112537942919,0.9836152760276075,39.417,8.0,0.0093146151669111,-0.0008396579408933,0.980148729999093,0.0101983047835786,0.0094821698214776,-0.0020657028661276,0.5418664851195423,0.00015576575634345337,-0.003971500490566242,0.8404551833530896
592,39.54899999999998,0.0,0.0017341342907486,-0.0987402381309529,0.9742491253022012,-0.0475101484780307,7.25145629062496e-05,-0.072565798436578,0.9959641683572883,-0.052136382631366496,-0.0053181336370258635,0.07286213288883214,39.54899999999998,1.0,0.1568075393793943,-0.0312949148955589,0.9669255524059024,-0.0109871365076749,0.0017568569001305,-0.0052643128512739,0.3416190732508847,0.06932270866992668,-0.043000615898466404,0.9362914705828649,39.54999999999973,2.0,0.1854309173555569,-0.0568855707486921,0.9592655558964222,-0.0174772051198895,-0.0026261610449483,0.0029213985292356,0.9778739119120119,-0.012366839576831637,-0.10097984524295357,0.18279153299726142,39.54999999999973,3.0,-0.0576029591279886,-0.0445876937373695,0.976985074945816,-0.0037255564512075,0.0006703685479222,-0.0941390541923996,-0.9991168151146691,0.023379814302608118,-0.029268067405131437,0.019035605287579152,39.54999999999973,4.0,-0.1354883838024281,-0.031872434162652,0.9704468279072036,-0.00829237305304,0.0115570971943787,-0.1388010766904041,-0.537522845422137,-0.04889390035766924,-0.05082318258626796,0.8402949370720418,39.47199999999975,5.0,-0.0287538165535929,0.0545001145082161,0.978027073015974,-0.0440741309388204,0.0101998197319512,-0.0717551582271633,0.20901199817497812,-0.018550232426229513,0.03783713154748643,0.977004721059266,39.47199999999975,6.0,-0.0033869467544749,0.0191700445262973,0.980203569665272,-0.0123856126785137,0.0042556615314985,-0.0329356743433245,0.6244039196499158,0.0030400473896928593,0.007307397949410857,0.7810615245759445,39.47199999999975,7.0,0.0363245044057092,0.0519937640008742,0.9766648242282,-0.015411527551586,0.0059444725567186,-0.0253810718216747,-0.17494384155244155,0.014609452140637127,0.03379740852298959,0.9838897048898086,39.47299999999996,8.0,0.0083251687735681,-0.0009285709526498,0.9802631428962724,-0.0043919910133234,0.008515958495247,-0.0130585369688349,0.5424183378954945,-2.8290014633086565e-06,-0.0037979710823026797,0.8400999476980962
593,39.58899999999994,0.0,0.0029456584121616,-0.1027780848148871,0.9747266223810154,-0.0302163889442319,0.004174653172645,-0.0609209592525662,0.9961020615800542,-0.05365171751745628,-0.0053850263520241635,0.06980814862593591,39.58899999999994,1.0,0.1568075393793943,-0.0312949148955589,0.9669255524059024,-0.0143880012144521,0.0044812653731868,-0.0384914818436181,0.34348557786477685,0.06900780593049244,-0.043421104490417584,0.9356121996876655,39.58899999999994,2.0,0.1856154365749964,-0.0590698493411397,0.958824104100376,-0.0278585007738839,0.0001084118851572,-0.054484439273362,0.978367381225174,-0.013449147453610722,-0.10109583115458473,0.1799889460787241,39.59000000000015,3.0,-0.0581900018030271,-0.0453948538393684,0.9769228377589838,-0.0130272283851322,-0.0043147588684989,-0.048313988569606,-0.9990581730112397,0.024028828825636738,-0.029095397326504898,0.021420555061084003,39.59000000000015,4.0,-0.1357614966652434,-0.0328056096121099,0.9702131765757416,-0.0061309080042977,-0.0171024866431486,-0.03134652715614,-0.5362605808737042,-0.0479865609210929,-0.05076948497642068,0.8411565483114263,39.529,5.0,-0.030094634710425,0.0506679995438569,0.9787461707633238,-0.0157072235777401,-0.0045036837682275,-0.0702776075709149,0.2124353168577769,-0.01773891203978634,0.03602165440998275,0.9763498387180429,39.529,6.0,-0.0054129302048641,0.0201162757744768,0.9801974472704784,-0.0027231648865689,0.0064208597351049,-0.0735115489155329,0.6272723140725682,0.0027987866836927324,0.0076559024323551335,0.7787573421477905,39.529,7.0,0.0339569438275931,0.0503695616258774,0.9779902009874673,0.0457956370301134,0.011930060865176,0.0346654910262316,-0.17670816962524433,0.013473116406910532,0.0353766874341773,0.9835350466089992,39.53,8.0,0.0073357223802251,-0.0010174839644063,0.9803775557934518,-0.017213430961155,0.0062938100536766,-0.0265103883276817,0.5435345252801931,-0.00044324083409284115,-0.004217487794081293,0.8393760993515987
594,39.63700000000017,0.0,0.0028105407388296,-0.1041106011047932,0.9742725920389804,-0.0336645732563279,0.0039552989728834,-0.0496408170643929,0.9961854195049746,-0.05526075400921859,-0.005419405867268247,0.06731633584856098,39.63700000000017,1.0,0.1574063626042728,-0.032090748566308,0.9668357776107308,-0.0208505859933748,-0.0153049550031039,-0.0150689753510458,0.3442330057778078,0.06949443211894794,-0.04458489813106235,0.9352466778857241,39.63799999999992,2.0,0.1858769972443718,-0.0594413923460043,0.9607718057745992,-0.0290335002035604,-0.0091134190586378,-0.0089511080210792,0.9784019381322351,-0.014670424654971407,-0.10162133135541246,0.17940883789011658,39.63799999999992,3.0,-0.0578151815166204,-0.0469564042193149,0.97757173695284,0.0064135344348913,-0.0063834663942482,-0.0814666844001004,-0.998978640619779,0.023763557527989202,-0.02876435409117216,0.025486876089272536,39.63799999999992,4.0,-0.1350739627872551,-0.0339905590562173,0.9698621894228032,0.0131331491557908,0.0062107008640811,-0.1006614100077979,-0.5319771713111805,-0.04843551304178319,-0.0507300353408337,0.8438487742448002,39.58699999999999,5.0,-0.0283380689773872,0.0523615242070297,0.9785306457282518,-0.0063170007847742,-0.0072929613712338,-0.0472452527164238,0.21473793242051203,-0.01660874562823413,0.03490948844769408,0.9759062954837112,39.58699999999999,6.0,-0.0033940489702942,0.0170368519872467,0.9795331674353616,0.0002947959166891,0.0051919715139352,-0.036309650877968,0.6286832643872164,0.0027227915965003366,0.007855668050153775,0.7776170188240745,39.58699999999999,7.0,0.0366177838293956,0.0510447256113643,0.9767802075670268,0.0011251028031622,-0.0048324002956163,-0.0244550714341883,-0.17551145839380725,0.013689991842285427,0.03485253713701365,0.9837650190726188,39.58699999999999,8.0,0.0083251687735681,-0.0009285709526498,0.9802631428962724,0.0043002326889975,0.005818935194322,-0.0147316386170087,0.5441559199184668,-0.00019214369047957104,-0.0037277955402504575,0.8389758050378446
595,39.69500000000016,0.0,0.002805898534953,-0.1063462135664181,0.9742276991512288,-0.0217097042047017,-0.0054570942534644,-0.04479487011725,0.9962781551326697,-0.05619716644321067,-0.0058576727135296,0.06509534360904273,39.69500000000016,1.0,0.15860400905403,-0.0336824159078061,0.9666562280203872,-0.004617087951158,-0.0189574556068482,-0.0085525943143507,0.34461109919836574,0.07039427986577916,-0.04506164932023665,0.935017263708009,39.69500000000016,2.0,0.1869082808995807,-0.0610938442559824,0.9603180914286626,-0.0131057608676087,-0.0259044152317759,0.0068547638017486,0.9782190311450253,-0.015000295465794006,-0.10282885400572081,0.17969069265128113,39.69500000000016,3.0,-0.057228138841582,-0.046149244117316,0.977633974139672,0.0086553625276319,-0.0117329484882374,-0.0332344312266871,-0.9989612602737843,0.023297761728036673,-0.028231771424670867,0.02714004150515323,39.69500000000016,4.0,-0.1348008499244398,-0.0330573836067594,0.970095840754265,0.0225870941238024,-0.0162738144014564,-0.0122008326084962,-0.5314483537112666,-0.04840555102470102,-0.04940876267885308,0.8442619997004036,39.68899999999985,5.0,-0.0274534003980204,0.0519973603704516,0.9782395337140548,0.024190180304811,-0.0225451826004116,-0.0439729985784604,0.21693186547447807,-0.014462013113477407,0.03521381721421841,0.9754442080384055,39.68899999999985,6.0,-0.0023971128201583,0.017057263321282,0.9794576578995724,0.0007461191513593,0.0015792743103363,-0.0313274923371049,0.6298994245016988,0.002852633138166568,0.007907114528537556,0.7766312220329803,39.690000000000055,7.0,0.0366177838293956,0.0510447256113643,0.9767802075670268,0.0009095958332609,-0.0128312478053902,-0.0428068450873439,-0.17339655528547065,0.014252449661661152,0.03445123952294708,0.9841461346716284,39.690000000000055,8.0,0.0083251687735681,-0.0009285709526498,0.9802631428962724,0.010357993897424,0.0005305710864961,-0.0244213290766531,0.5451821259653866,0.0004224750026050812,-0.0031765844728562655,0.8383115055597294
596,39.784999999999854,0.0,0.0037611139213317,-0.1063422554452898,0.9739318142092288,-0.020185691920198,-0.0027724311413382,-0.058124830234669,0.9964171816529126,-0.056967875266666274,-0.006187509559116569,0.06220270106614424,39.784999999999854,1.0,0.1593985079093204,-0.033106232301571,0.966848019628254,0.0006696378589798,-0.0096762852860211,-0.0419553234931034,0.34655728877876596,0.07098127620497846,-0.044954141697088265,0.9342584381031309,39.79199999999992,2.0,0.18775504533535,-0.0605620175735129,0.9603058288787724,-0.003526540253499,-0.0038849738752405,-0.0561839512748935,0.9787290312701526,-0.014665060915350105,-0.10283601200638458,0.1769157256208743,39.79199999999992,3.0,-0.0566410961665435,-0.0453420840153171,0.9776962113265044,0.0087884209425215,-0.0055799896674715,-0.080635974981278,-0.9988604117339706,0.022885140185684067,-0.02797782329342288,0.031167124235107525,39.79199999999992,4.0,-0.1345277370616245,-0.0321242081573016,0.9703294920857268,0.0128931850227945,-0.0006124575047168,-0.0686481590100166,-0.5285162065733616,-0.0486577405867521,-0.04912958559796817,0.8461024332131825,39.749,5.0,-0.0513955119734738,0.0097569349531444,0.9754969521066196,0.4208231849812195,-0.2229688045092051,-0.1928807961704053,0.22717743771856694,-0.00018825083202329872,0.050765045814629796,0.9725293242245652,39.749,6.0,-0.0484831655675726,0.0631666261796495,0.9794086787412228,0.0503570320261983,0.0132943311485738,-0.6975921328097661,0.6570371851038495,0.003604848250676343,0.013747326074098443,0.7537241892666785,39.75,7.0,-0.0063297263254201,0.0362962757838674,0.9906364191411836,1.0525027668792144,0.1633468333891832,0.9932293344021156,-0.2238023409943753,-0.0058277789439347616,0.08309180479163304,0.9710686387349183,39.75,8.0,0.0002118070532874,-0.0019653158060514,0.979215039034611,-0.3016235977739788,-0.0389106686978892,-0.3199814033853014,0.5586461875088844,-0.006406571138749562,-0.01677982009638722,0.8292115717147015
597,39.82999999999993,0.0,0.0047116871038339,-0.1085739097857864,0.9735910363794767,-0.0132787788801278,0.0012482642809243,-0.0646767328557041,0.9965855682302901,-0.057440619984994314,-0.006319802755160447,0.05897321819254101,39.82999999999993,1.0,0.1587996846844419,-0.032310398630822,0.9669377944234256,0.0033709988910222,-0.0036617697414706,-0.0539243973782533,0.3490658332315366,0.07127856200117905,-0.044549850281709734,0.9333208031053923,39.82999999999993,2.0,0.1894485742068887,-0.0594983642085741,0.960281303778992,-0.0050902016024685,-0.0033821402155547,-0.0569533598985274,0.9792326776741945,-0.01440032571800923,-0.10290126933511383,0.17408998352422378,39.82999999999993,3.0,-0.0566410961665435,-0.0453420840153171,0.9776962113265044,0.0030311635721828,-0.0124861728213025,-0.0573502907042559,-0.9987848693808106,0.022767785371537216,-0.027447692585228695,0.034015243891227905,39.82999999999993,4.0,-0.1335670903208208,-0.0323759821519512,0.9702121562642504,0.0116938934171079,-0.0114535127476708,-0.028430322660756,-0.5273067674433026,-0.04846343954603243,-0.04851281602904153,0.8469034034155225,39.809,5.0,-0.1064234280026775,-0.0905814726823161,0.9681394789899136,1.4271245154349923,-0.7190169542800534,-0.5042064955811075,0.2545430432033578,0.04514421202902196,0.1042937826362522,0.9603606854617043,39.809,6.0,-0.1652381660996479,0.1703701731264378,0.9766393154962036,0.1721335207323838,0.041656710773914,-2.260314947667503,0.7421552605791759,0.006505869300116696,0.03361390029450193,0.6693529327389971,39.81,7.0,-0.1019811599749945,0.0043237748487547,1.0227854848311115,3.562619349929961,0.5705345520019199,3.4424912703852195,-0.3998725653218199,-0.09385091933018569,0.25550641554072073,0.8752202054690913,39.81,8.0,-0.0154626070545979,0.0007332048914134,0.9681231172705578,-1.0394935490758943,-0.1340653097502221,-1.0240464325421872,0.6011046683388924,-0.031156693813747274,-0.063338661376982,0.7960468906457451
598,39.92599999999993,0.0,0.0048421625732894,-0.1094770059575053,0.9740001738337596,-0.0068125394258831,-0.0087082990018001,-0.0516030222387789,0.996722304782195,-0.0575629889970912,-0.006867893427956671,0.056426779876688885,39.92599999999993,1.0,0.1587996846844419,-0.032310398630822,0.9669377944234256,-2.82958994541394e-06,-0.0104441037353183,-0.0532431668780512,0.3515314891489058,0.07178925888138425,-0.044482770353297625,0.932358942461384,39.92599999999993,2.0,0.1891870135375132,-0.0591268212037096,0.9583336021047686,-0.0026214914685653,0.0063421874790812,-0.076756981906509,0.9799486767289531,-0.014039171617540118,-0.10247416706928991,0.17030131450145028,39.927000000000135,3.0,-0.056054053491505,-0.0445349239133181,0.9777584485133364,0.0181723940445933,-0.0068772944823932,-0.048564180795425,-0.998726240014195,0.02183618186472289,-0.027211713330786078,0.03644998389962267,39.927000000000135,4.0,-0.1335670903208208,-0.0323759821519512,0.9702121562642504,0.0198210079927017,-0.0078834982863021,-0.0335137357973724,-0.5258492950555813,-0.04864810503741202,-0.04771313660110933,0.8478439345548808,39.869,5.0,-0.1513021543584686,-0.1834638467102113,0.9582518849638532,2.430765158400772,-1.1980064787286888,-0.7412369617465202,0.2937513618017361,0.12026485976087324,0.19269664110896925,0.9285012145665961,39.869,6.0,-0.2831361517429459,0.2655821227145867,0.9687812217784828,0.2810519042960591,0.0630033977070748,-3.645675233682708,0.8590917063296367,0.011332571091316053,0.06431342429008509,0.507638450478465,39.87,7.0,-0.1759718034841732,-0.0183015881427562,1.0507582863104057,5.806761985371916,0.918751013490948,5.5941761384287,-0.6221305058215071,-0.23480081222053367,0.51068692070682,0.5449964048742338,39.87,8.0,-0.0245836858566992,0.0130885350718707,0.9425467270323372,-1.703065150697016,-0.2271486354886785,-1.675847895476339,0.6650117622211389,-0.07048503806222162,-0.13683970060711703,0.7307982702871273
599,39.99400000000014,0.0,0.0057973779596681,-0.109473047836377,0.9737042888917596,-0.003915731471084,-0.0095312868829953,-0.0381330954032305,0.9968245830060815,-0.05753101220695868,-0.00738910255012436,0.05455579265942673,39.99400000000014,1.0,0.1596950909938088,-0.0315480397834616,0.966152264965673,0.0092919108601117,-0.0121473171732423,-0.0247490008016432,0.35262781658715436,0.07247787501087646,-0.04412256276065497,0.9319086758144899,39.99499999999989,2.0,0.1905494198008869,-0.0594212204762292,0.95809448238191,-0.0097376591919985,-0.0300996135131858,-0.0279118405632997,0.9800338083796953,-0.014044871333538806,-0.1039686712161042,0.16889935295190628,39.99499999999989,3.0,-0.0548799681414281,-0.0429206037093203,0.9778829228870004,0.013639132884963,-0.0155904436821369,-0.0133889345728653,-0.9987352735230913,0.02110505972214591,-0.02655163209201502,0.03711388834561251,39.99499999999989,4.0,-0.1332939774580055,-0.0314428067024933,0.9704458075957124,0.0127316843813771,-0.0170868626486525,0.0025662813252917,-0.5259566436276099,-0.04834581723305805,-0.04690596932489537,0.847839678843671,39.92900000000009,5.0,-0.0248249375113117,0.0557485735333754,0.9780995956581074,0.0642672202702458,-0.0278467549466889,-0.0132746017633829,0.29606222050983694,0.11049548877688964,0.17993203270087427,0.9315376386141745,39.92900000000009,6.0,-0.002365001670041,0.0160702094050319,0.9796147993659444,0.0005556732934726,4.585452094303463e-05,-0.0342564138514225,0.8602666559498113,0.010755104119054218,0.058453481894792415,0.5063682443150364,39.92900000000009,7.0,0.0379250694277441,0.0526600738470385,0.978076993764461,0.0228710902291832,-0.0107888550710294,-0.0530892631698692,-0.6394380304364112,-0.21973824154261673,0.47697367667072743,0.5615427162723866,39.92999999999984,8.0,0.0092087116402674,0.0001429999621323,0.9799965199840952,0.005801763701498,-0.0079198671431862,-0.0414069479831134,0.6681169174287924,-0.06244211230104567,-0.12395456551373821,0.7309966025537548
600,40.04300000000012,0.0,0.0078382842018809,-0.1103682277658391,0.973521656462042,-0.0125555982438136,-0.024488806810442,-0.015496951202554,0.9968289268739269,-0.05794205801186453,-0.00865825078066355,0.05385019177444582,40.04300000000012,1.0,0.1612840887043897,-0.0303956725709915,0.9665358481814068,0.0106592686565177,-0.0213973866815039,-0.0308344937540494,0.3539809753293735,0.07365396240049238,-0.043855126477662106,0.9313158920630532,40.04300000000012,2.0,0.1917273068448212,-0.0575313411563013,0.958296814455098,0.0019801634901885,-0.0180731445027989,-0.0350769360769452,0.9802605150072109,-0.013448904420182964,-0.10466711989302853,0.16719223576767142,40.04399999999987,3.0,-0.0542929254663896,-0.0421134436073214,0.9779451600738328,0.0178846868918412,-0.0258566220351802,0.0264265315930326,-0.9988320784224046,0.020159198902498406,-0.025447084129730166,0.03578451792721373,40.04399999999987,4.0,-0.1327477517323748,-0.0295764558035776,0.9709131102586364,0.0137312167506375,-0.0297174694508963,0.0839632187933586,-0.5295453863717388,-0.04778190294361644,-0.045509156645154154,0.8457112333325953,40.02099999999973,5.0,-0.0228466827023893,0.0607511637651815,0.97785342725312,0.059899333324843,-0.0372535207099514,-0.0069869890588429,0.2979529117030548,0.10221031873766696,0.16809826539738446,0.9340878365130373,40.02099999999973,6.0,-0.002365001670041,0.0160702094050319,0.9796147993659444,0.004935385817294,-0.0021108801763274,-0.0209316553217055,0.8610498361858067,0.010529398462998506,0.05318564126406163,0.50562199214011,40.02099999999973,7.0,0.0391124039149063,0.055008259949716,0.9770395648065138,0.0227124077692708,-0.0162911970986329,-0.0132356036908849,-0.655619720814405,-0.20382318315283693,0.44464686412377114,0.575246084657326,40.02099999999973,8.0,0.0101981580336103,0.0002319129738888,0.979882107086916,0.0078692988305776,-0.0041069361044568,-0.0388693035075744,0.6708715187570722,-0.055237318819004365,-0.11208211184085737,0.7309704810288583
601,40.13099999999986,0.0,0.0090590927310472,-0.1099348495265235,0.9740889393163596,0.0118306175370672,-0.0320408199967592,0.015939466844477,0.9968175284937308,-0.0570616215873234,-0.010077313830910923,0.05474699969339679,40.13200000000006,1.0,0.1621794950137566,-0.0296333137236311,0.965750318723654,0.0136292739226588,-0.0211336103981751,0.0352409476011484,0.3522432858022256,0.07466114598826988,-0.043708616153345745,0.9319012489319506,40.13200000000006,2.0,0.1939364775439642,-0.0572939137463515,0.9580454321823494,0.0116593279174521,-0.0290892991718058,0.0701287245841333,0.9795426938430359,-0.012883499221573405,-0.10579162797158884,0.17069931996834978,40.13200000000006,3.0,-0.052327432614468,-0.0410551204214963,0.9778155842914116,0.0166627769823184,-0.0260275890832097,0.0401692967372163,-0.9989463473791871,0.01930526257871786,-0.024355606939758825,0.03376842171530989,40.13200000000006,4.0,-0.1313422144236736,-0.0274488742749762,0.969332647758922,0.0147500312063138,-0.0215828289296965,0.0555124171684496,-0.5318963352949899,-0.047564943579368704,-0.0443905633772885,0.8443064269121123,40.04999999999973,5.0,-0.020855656467771,0.0633319016606584,0.97724055985481,0.0433947745192194,-0.0261834112084504,-0.030222578438928,0.3007149327259159,0.09384840457518931,0.15692298859345294,0.9360225327657655,40.05099999999993,6.0,-0.0013680655199051,0.0160906207390673,0.9795392898301554,0.0077292808271364,-0.0054925088290089,-0.0427436255555644,0.862345014828234,0.01050559912023263,0.048330883155663314,0.5038996264350784,40.05099999999993,7.0,0.0397696009121847,0.0573520189827322,0.9773132173269168,0.0507772320171872,-0.0164010672597391,-0.0567339194293927,-0.668237539902866,-0.19049707176518688,0.4138121380509055,0.588157266651695,40.05099999999993,8.0,0.0100922545069666,0.0012145708769144,0.9797298970719184,0.0147935091567784,-0.0013099469953003,-0.0256297991290105,0.6729352545139716,-0.04866747279955459,-0.10090701705951308,0.7311685128830917
602,40.18100000000004,0.0,0.0109695235038046,-0.1099269332842669,0.9734971694323592,0.0012745685830039,-0.0261851857606863,0.0403362356534804,0.9967030599264425,-0.05682013330366304,-0.01112481084955658,0.056839434974160066,40.18100000000004,1.0,0.1635728170939257,-0.0298529637881451,0.9658523355363492,0.0045488410117436,-0.0277023054056104,0.0698401924519758,0.34890918501999396,0.07570761927406224,-0.044264690452148966,0.9330441437422522,40.18199999999979,2.0,0.1944521193715686,-0.0581201397013406,0.9578185750093812,0.0040208850104924,-0.0191390800541876,0.0596111548242093,0.9789564765656171,-0.012776573295794182,-0.10642529779846677,0.1736508916002365,40.18199999999979,3.0,-0.0503619397625463,-0.0399967972356713,0.9776860085089908,0.0031081155456623,-0.0197454304477149,0.0528958006481269,-0.9990536011561721,0.01914255607136631,-0.023617883319452686,0.03110723631966511,40.18199999999979,4.0,-0.129147808079251,-0.0270192468148176,0.969331627447431,0.0078149518706775,-0.0218877483947331,0.0648365785862746,-0.5346494357814475,-0.047097287641779076,-0.04358175304407269,0.8426342368530803,40.091,5.0,-0.0066639338635643,0.0711987032833215,0.9830464570081292,0.0280930720041202,-0.0160294132710625,-0.035466920578752,0.303413096974017,0.08632132541198047,0.14632724415610937,0.9375913070103803,40.092,6.0,-0.0020046768029313,0.0073458088653313,0.9820137577259443,0.0119977532795298,-0.0094654374441049,-0.0452469042133077,0.8636879731633356,0.010371581597378434,0.04369661735904947,0.5020220323248324,40.092,7.0,0.0342786568361126,0.0617092025578011,0.9751076596997852,0.0594439099902416,-0.0125700239658966,-0.0714542246653409,-0.6784626995686518,-0.1787117729296201,0.3842678587316442,0.6000738956629978,40.092,8.0,0.0080004499537617,0.0031647810391278,0.98063600635583,0.0118761928543043,-0.0019400586602939,-0.0437211913114698,0.6754414413857412,-0.04273626794353789,-0.09081850293965657,0.7305507991815561
603,40.2489999999998,0.0,0.0120598565635153,-0.1085904588732327,0.973655314832394,0.0143775595532141,-0.0112801994053909,0.0315179762619208,0.9966578309964012,-0.055913181572531216,-0.01137736107240618,0.058458871824681284,40.2489999999998,1.0,0.1649661391740947,-0.0300726138526591,0.9659543523490444,0.0111386101151162,-0.0107022819658733,0.0369709098436898,0.34711845063562485,0.07611840562280661,-0.04404453484527379,0.9336888392307303,40.25,2.0,0.195298883807338,-0.0575883130188711,0.9578063124594908,0.0065140446159978,-0.0231878905023892,0.0561741419391726,0.9783751543893574,-0.012438833034778125,-0.10721471960873107,0.17644357909982294,40.25,3.0,-0.0503619397625463,-0.0399967972356713,0.9776860085089908,0.0038745647912924,-0.0125735553893884,0.0395875330349028,-0.9991245030135546,0.018968787189917367,-0.023293095689912554,0.029117765773520935,40.25,4.0,-0.129147808079251,-0.0270192468148176,0.969331627447431,-0.0034259449308944,-0.0051815931584444,0.0291810992943991,-0.5358776468561894,-0.046986118848739586,-0.04387367556608167,0.8418447320187539,40.13200000000006,5.0,-0.0182399650067581,0.0695049671599113,0.9774673207921848,0.0270451819159561,-0.0145018077921294,-0.0603471051330518,0.30723680242610296,0.07867991848023125,0.1369069039946307,0.9384410036339701,40.13299999999981,6.0,-0.0003640271539499,0.0182442246121531,0.9801341825242768,0.0118471847633256,-0.0138662938275762,-0.0484244438982435,0.8650566719434408,0.010882116001527425,0.039536415866036734,0.4999954056768276,40.13299999999981,7.0,0.0422713293939036,0.0643877231514422,0.9768230934097768,0.0545532439823653,-0.0219582907294517,-0.0545602422303605,-0.6874149778210552,-0.16645540812364903,0.3569137942528042,0.6102178208195288,40.13299999999981,8.0,0.0099793427404477,0.0033426070626407,0.9804071805614714,0.0083274760596609,-0.0005298027044829,-0.0229743029708795,0.6770201164405827,-0.03759846216922508,-0.08180089351806154,0.730437356244145
604,40.3119999999999,0.0,0.0121949742368473,-0.1072579425833265,0.9741093451744288,0.0186511381914553,-0.0038763873910342,0.0200492529611532,0.9966584926497185,-0.054826760301301555,-0.011266744459772448,0.059488955725686424,40.3119999999999,1.0,0.1649661391740947,-0.0300726138526591,0.9659543523490444,0.0133774582359345,-0.0001416849722636,0.0068902921842184,0.34674388916572285,0.07610903314167425,-0.04342917297821551,0.9338575894294037,40.3130000000001,2.0,0.195298883807338,-0.0575883130188711,0.9578063124594908,0.0147913989607678,0.0031028506803772,0.0030860170177878,0.9784109737768478,-0.01164627938496254,-0.10660185722240612,0.17667024256014857,40.3130000000001,3.0,-0.0497748970875078,-0.0391896371336724,0.9777482456958227,0.0014158458608839,-0.0016802895716401,0.0252630041884055,-0.9991570627706217,0.01890035450627419,-0.023500164458576136,0.027851082304663183,40.3130000000001,4.0,-0.1288746952164357,-0.0260860713653597,0.9695652787788928,0.0060431966678228,-0.0035764235645228,0.0303763584891363,-0.5371339813853345,-0.04721689300044729,-0.04373584909936691,0.841037945969194,40.209,5.0,-0.0191246335861249,0.0698691309964894,0.977758432806382,0.0576234259493352,-0.0262277125093101,-0.1769810817847662,0.3163813044453077,0.0719561132397102,0.13006668466059054,0.936914001126209,40.209,6.0,0.0006650201463032,0.0172775820299383,0.9802158144548596,0.0023718162367985,-0.0143557646326773,-0.0673334942316173,0.8668721392003282,0.010899392602372082,0.03546754195513513,0.4971478160334279,40.209,7.0,0.0446953113295088,0.064109421677758,0.9770395648065135,0.0392417259422172,-0.0820248496823375,-0.001449058727993,-0.6955873149182674,-0.1514495955970796,0.33331683251489397,0.6181595234892968,40.209,8.0,0.0109687891337906,0.0034315200743972,0.980292767664292,0.0035397153030525,-0.0004479240707878,0.0622982536654577,0.675337628766158,-0.03347578200590681,-0.0737234784562577,0.7330506857754829
605,40.404,0.0,0.0121949742368473,-0.1072579425833265,0.9741093451744288,0.0090393253575541,-0.0046082202680843,0.0108344212015604,0.9966523175594589,-0.05431935405971685,-0.01126242288135717,0.060056003103234896,40.404,1.0,0.1649661391740947,-0.0300726138526591,0.9659543523490444,0.0050879873974694,-0.0013973418806775,0.0113312882992314,0.3461858243545722,0.07600796252389383,-0.043297543770796934,0.9340789513485076,40.404,2.0,0.195298883807338,-0.0575883130188711,0.9578063124594908,0.0003774087845445,0.0014767900996873,0.0047115131225163,0.9784061131139812,-0.011629346308357819,-0.10625641657839954,0.17690621826705066,40.404,3.0,-0.0497748970875078,-0.0391896371336724,0.9777482456958227,-0.0041444390151806,0.0005227360816329,0.015486453596297,-0.9991672956079315,0.019127879761441365,-0.02379292990126021,0.02706909843489812,40.40499999999975,4.0,-0.1288746952164357,-0.0260860713653597,0.9695652787788928,0.0021784259032268,-0.0033276209014492,0.0339001649470416,-0.5385440586449847,-0.04733210519712696,-0.04377966845087195,0.8401269602542981,40.285,5.0,-0.0204122783160015,0.0699500327979248,0.9771792731149792,0.0839866612032902,-0.041565008203452,-0.2413531219040779,0.32846522588472066,0.06665199345287462,0.12503732925877417,0.9338274859121948,40.286,6.0,0.0006971312964205,0.0162905281136883,0.9803729559212314,-0.0055557067725166,-0.012236833120746,-0.0812814010270887,0.8690004293706227,0.010462978297422746,0.031673827158771546,0.4936856778476942,40.286,7.0,0.0462323465978464,0.0636060655422448,0.9776593673433976,0.0451663119410622,-0.1199859761332477,0.0116012023141263,-0.7022877432624715,-0.13625660460960531,0.3128851248633803,0.624763124714314,40.286,8.0,0.0109687891337906,0.0034315200743972,0.980292767664292,0.0057710949289223,0.000247045074942,0.1202720102639445,0.6714179137069398,-0.02991147224611955,-0.0662571559455581,0.7375047649117231
606,40.44599999999991,0.0,0.0121949742368473,-0.1072579425833265,0.9741093451744288,-0.0007116456245159,0.0065116243679811,-0.0092887327621675,0.9966830653903487,-0.05436999190442646,-0.01079117515321507,0.05958457588355559,40.44599999999991,1.0,0.1643673159492162,-0.0292767801819101,0.9660441271442162,-0.0061024329884963,0.0087505751841876,-0.0346797247740086,0.34784492403147466,0.07533639388136222,-0.04329809444777321,0.9335167977062232,40.44599999999991,2.0,0.195298883807338,-0.0575883130188711,0.9578063124594908,-0.0188215124997458,0.0097815476779783,-0.0784058420654091,0.9791579234110501,-0.012183300800275692,-0.10575843846378519,0.17296381383593523,40.44599999999991,3.0,-0.0497748970875078,-0.0391896371336724,0.9777482456958227,0.0010850612942582,0.0050449218297788,-0.0420109252065542,-0.9990977977867002,0.019135462403238615,-0.024218500737116115,0.02916999757330525,40.44700000000012,4.0,-0.129147808079251,-0.0270192468148176,0.969331627447431,-0.0052360261123048,0.0139774769483241,-0.0728604148193602,-0.5354451891991217,-0.04771079541441969,-0.044904062473187865,0.8420247944911385,40.362,5.0,-0.0186557125829638,0.0716435574610977,0.9769637480799072,0.0718547452499108,-0.0447570719915988,-0.1669106327656827,0.3370171377068279,0.06255853156342496,0.11957816415337344,0.9317762294017989,40.362,6.0,0.0006650201463032,0.0172775820299383,0.9802158144548596,-0.0022424863517466,-0.0112940165073432,-0.0627082345545931,0.8706312196853176,0.010279252381796096,0.02839605829305267,0.49100843185544674,40.362,7.0,0.0463029847477519,0.0678479013542807,0.9777022531861472,0.0634957467794548,-0.0895581563593856,-0.020687803883943,-0.7072795935280121,-0.12448752567940008,0.29327315804890486,0.6310699543609194,40.363,8.0,0.0109687891337906,0.0034315200743972,0.980292767664292,0.0072098429679835,0.0004833686125329,0.0749303137435817,0.6690543915396429,-0.026447849904729384,-0.05953606329146657,0.740352746712464
607,40.534999999999854,0.0,0.0120644987673919,-0.1063548464116077,0.9737002077201456,0.0106682113946992,0.0026651354100955,-0.0133030708369641,0.9967563432991683,-0.053792311984704064,-0.010523688283999686,0.058927338724160463,40.534999999999854,1.0,0.1643673159492162,-0.0292767801819101,0.9660441271442162,-0.0004813270115985,0.0038973173016993,-0.0260947248268724,0.34906992948085297,0.07503020068372483,-0.04316616293622028,0.9330902076942807,40.53600000000006,2.0,0.195298883807338,-0.0575883130188711,0.9578063124594908,-0.0016405047365659,-0.0113917306921021,0.0046783397326239,0.9790768868778226,-0.012139247349015012,-0.10614027654266334,0.1731915989616061,40.53600000000006,3.0,-0.0497748970875078,-0.0391896371336724,0.9777482456958227,-0.0027886624406397,9.18138607207006e-05,0.0082869719665031,-0.9991025566016914,0.01927704600318571,-0.024411935094448722,0.02874950980972769,40.53600000000006,4.0,-0.1288746952164357,-0.0260860713653597,0.9695652787788928,-0.0012544839814331,-0.0057325404900424,0.0198795537761169,-0.5362876072628963,-0.04756250949842066,-0.04493475918858119,0.8414952628524504,40.43899999999985,5.0,-0.0153770416184688,0.0741433935551392,0.976930040373,0.0278578494777533,-0.0318105266424471,-0.0326280551528228,0.3392639262822083,0.058657690964980386,0.11240790244088379,0.9321071435640207,40.43899999999985,6.0,0.0006007978460686,0.0192516898624386,0.979901531522116,0.0071271417567689,-0.010166462823478,-0.0242201470985433,0.8712852166645975,0.010646953671655331,0.025757491828289073,0.4899849642733485,40.43899999999985,7.0,0.0448436960255282,0.075665263132188,0.9763758553353862,0.0676080986482307,-0.0251914325431275,-0.0492924120814556,-0.7113018349620992,-0.1165284530720896,0.2729764965400699,0.6371457066801013,40.440000000000055,8.0,0.0109687891337906,0.0034315200743972,0.980292767664292,0.0045625372037269,-8.956861901736163e-06,-0.0169922157479972,0.670003077905259,-0.023073464411371074,-0.05370228543301629,0.7400537516807867
608,40.61299999999983,0.0,0.0120644987673919,-0.1063548464116077,0.9737002077201456,0.0077299513020928,0.0004421625118172,-0.0228184926985956,0.996844106820969,-0.05340795034765389,-0.010424288071889193,0.057799236622651934,40.61299999999983,1.0,0.1637684927243376,-0.028480946511161,0.966133901939388,-0.0031909647616738,-0.0055838642999411,-0.0437173352625754,0.35110901505037084,0.07516720328411712,-0.04323427782038433,0.9323106501173053,40.61299999999983,2.0,0.1944521193715686,-0.0581201397013406,0.9578185750093812,-0.0022280170234749,0.0042776839730334,-0.0537259100948004,0.9795875683119174,-0.011985627689328857,-0.10571964972266397,0.1705517411231989,40.61299999999983,3.0,-0.0497748970875078,-0.0391896371336724,0.9777482456958227,0.0164647370810809,-0.0096044275941051,-0.0307403441698755,-0.9990806513957787,0.018505242303423312,-0.024036638485008626,0.030292705792303264,40.61400000000003,4.0,-0.1288746952164357,-0.0260860713653597,0.9695652787788928,0.0092873276619578,0.0032425795244332,-0.0424808509271391,-0.5344609278468965,-0.047944215492354385,-0.04491272458478635,0.8426361705838578,40.48500000000013,5.0,-0.0138549363870117,0.0749497049860079,0.9771118577011652,0.000442909270986,-0.0193032743282356,0.0147015220641325,0.3392276086512426,0.054479270161370656,0.10473544358850992,0.933266910110801,40.48500000000013,6.0,0.0005686866959513,0.0202387437786887,0.9797443900557444,0.0105682851658649,-0.0082142088354315,-0.0059965776668239,0.8714753059763234,0.011150564506875602,0.02356779867096672,0.48974586761958105,40.48500000000013,7.0,0.0445575249980501,0.0796864713520562,0.975510990839932,0.0554261636243519,0.0013815936368701,-0.0448099714066948,-0.7150085695418849,-0.10963626909238057,0.25310549735266485,0.642401931185633,40.48500000000013,8.0,0.0109687891337906,0.0034315200743972,0.980292767664292,0.0023231328953579,-0.000257403824823,-0.0457045228048932,0.6719516935718244,-0.02002152181781684,-0.04856173196733425,0.738729868326974
609,40.663,0.0,0.0123300919101794,-0.1059254262934204,0.9745633755164635,0.0083122549941375,-0.001573833074037,-0.0274541334191344,0.9969432789110038,-0.05299861991400272,-0.010451222001302739,0.05644481269405538,40.664,1.0,0.1637684927243376,-0.028480946511161,0.966133901939388,-0.0046494590869374,-0.0017954938549993,-0.0481465798843806,0.3533656055595479,0.07508789936271029,-0.043296576794995094,0.9314611975893922,40.664,2.0,0.1939364775439642,-0.0572939137463515,0.9580454321823494,-0.0012664517519887,0.0119616337032599,-0.0810643503973253,0.9803603264459393,-0.011712380610877177,-0.10493271094889205,0.16657003525290384,40.664,3.0,-0.0497748970875078,-0.0391896371336724,0.9777482456958227,0.0250963539520641,-0.0099978577543771,-0.0565765645681823,-0.9990193821118344,0.01740721863164872,-0.023647016950512485,0.033137312711512296,40.665,4.0,-0.1288746952164357,-0.0260860713653597,0.9695652787788928,0.00940477379351,0.0122324182584131,-0.109895642061299,-0.5297740042639018,-0.04852701035927989,-0.04527895911926123,0.8455379645721758,40.53,5.0,-0.0125672916571351,0.0748688031845725,0.9776910173925676,-0.0178278780023406,-0.0067959703393624,0.0142775819747793,0.33910767224880967,0.04986518902356578,0.09714661969266451,0.9343885614817461,40.53,6.0,0.0005686866959513,0.0202387437786887,0.9797443900557444,0.0102148796392132,-0.0052320731286049,0.001700612400597,0.8714658777177166,0.011525371302759945,0.021713709588053565,0.48983967234795206,40.53,7.0,0.0448579128179447,0.0818096027929047,0.9748768930221317,0.0337202000805713,0.0069107797652348,-0.0228171057757227,-0.7188129599084976,-0.10243400761897122,0.23418651509361518,0.6465074469014331,40.531,8.0,0.0109687891337906,0.0034315200743972,0.980292767664292,0.0006721734257803,-0.0001560114299853,-0.037021296412165,0.6735279320535347,-0.017367811986433324,-0.043976340970108795,0.7376479955136962
610,40.71399999999994,0.0,0.0121996164407239,-0.1050223301217016,0.9741542380621804,0.0105910345078548,-0.0078802361442018,-0.0207717020393349,0.9970248188120565,-0.05246057868929021,-0.010749668036332956,0.05544224917406755,40.71500000000015,1.0,0.1637684927243376,-0.028480946511161,0.966133901939388,-0.0007309218411167,-0.0015744161437216,-0.0259127547350778,0.354568847384225,0.07501686058221081,-0.0432674841238622,0.9310109171812126,40.71500000000015,2.0,0.1947832419797336,-0.056762087063882,0.9580331696324592,0.0006229570400899,-0.0035196643098363,-0.0242328046132953,0.9805576097304058,-0.011551505107761866,-0.1049672182950433,0.16539413475978784,40.71500000000015,3.0,-0.0497748970875078,-0.0391896371336724,0.9777482456958227,0.0056683489695558,-0.0057679141612455,-0.0123130189654645,-0.99900178341075,0.017323058032914913,-0.023580474935011086,0.033753660606939066,40.71500000000015,4.0,-0.1288746952164357,-0.0260860713653597,0.9695652787788928,0.0021546904316195,-0.0037627731844726,-0.0293214247183343,-0.5285312259832182,-0.0483901852453869,-0.045268014163860934,0.8463237796648834,40.57499999999982,5.0,-0.0132047283092254,0.0736983279171257,0.9772180880502056,-0.0230553071836303,0.0031549590136582,-0.0254474584669666,0.3407363100012108,0.04488466538913054,0.09027889605338148,0.9347373186018879,40.57499999999982,6.0,0.0005686866959513,0.0202387437786887,0.9797443900557444,0.0064304953302364,-0.0021020633591776,-0.0011896628794625,0.8715203685321434,0.011617757665482214,0.020090239803007642,0.48980981738331913,40.57499999999982,7.0,0.0457448594852122,0.0820346574547337,0.9744735618819848,0.0078378315094883,-0.0068790606563295,0.0082046200614121,-0.7228980354493751,-0.09404963951204204,0.2167356716274546,0.6493063562720491,40.57600000000002,8.0,0.0109687891337906,0.0034315200743972,0.980292767664292,0.0004315120922034,0.0007100015963554,0.0042834896736334,0.6735424104987792,-0.015125462790437484,-0.03979321760736989,0.737921636400046
611,40.75399999999991,0.0,0.0131548318271027,-0.1050183720005732,0.9738583531201804,0.0007205874353852,-0.0060030236953621,-0.0160399009780966,0.997064387539078,-0.05247581769506313,-0.010983832985523611,0.054664897983111894,40.75399999999991,1.0,0.1637684927243376,-0.028480946511161,0.966133901939388,-0.0057623305823403,-0.0040534366468463,-0.0258329870236061,0.3557803100626391,0.07497296125431231,-0.04352943347091939,0.930539958558574,40.75399999999991,2.0,0.195298883807338,-0.0575883130188711,0.9578063124594908,-0.0128286666465825,-0.0048926181601017,-0.0305739159263871,0.9807853033329303,-0.01207119072490248,-0.10521425909852027,0.1638427136096217,40.75399999999991,3.0,-0.0497748970875078,-0.0391896371336724,0.9777482456958227,-0.0096948930313144,-0.0022594395721513,0.0001627585013512,-0.9989870622679519,0.01799259924075911,-0.023733584483473902,0.03373177673017746,40.75399999999991,4.0,-0.1288746952164357,-0.0260860713653597,0.9695652787788928,-0.003071228859647,-0.0114901160108367,0.0173599288735041,-0.5292933630946551,-0.047913976928697546,-0.045155068529601286,0.8458804917864655,40.643,5.0,-0.0144136567607549,0.0728485418116977,0.974607272933407,-0.007331873599628,0.0090795176770985,-0.0863983840721123,0.34509127813405355,0.04003558683749942,0.08503380916673874,0.9338513869138799,40.644,6.0,-0.0003640271539499,0.0182442246121531,0.9801341825242768,-0.0002946466145007,-0.0003325875815307,-0.0109142664528418,0.8718128868195598,0.01124227851002335,0.018537934093218404,0.4893590160084966,40.644,7.0,0.0441442944631774,0.0813683476085694,0.973061392345724,-0.0208970894808429,-0.035564696479863,0.035892673217962,-0.7270966078554981,-0.08417197282890294,0.20095866925533554,0.6510462465034592,40.644,8.0,0.0099793427404477,0.0033426070626407,0.9804071805614714,0.0017401441156287,0.0029785814242337,0.0661784445402667,0.6712466369246057,-0.01331801205655761,-0.035832361983885015,0.7402476780152192
612,40.79199999999992,0.0,0.0131548318271027,-0.1050183720005732,0.9738583531201804,-0.0032659764728975,-0.0053019983075217,3.027269984986931e-06,0.9970499234851818,-0.05269979924757099,-0.011124395308671937,0.054684815684748894,40.79199999999992,1.0,0.1643673159492162,-0.0292767801819101,0.9660441271442162,-0.0125982344566048,-0.005626927324907,0.0008418342407097,0.35576941968268583,0.07483578331943279,-0.04426964468935621,0.9305202437952061,40.79199999999992,2.0,0.195298883807338,-0.0575883130188711,0.9578063124594908,-0.0109629919752842,0.0031599215995451,-0.0079612568710635,0.980873324133953,-0.012649101242275664,-0.10501011048281171,0.16340256710517012,40.79199999999992,3.0,-0.0497748970875078,-0.0391896371336724,0.9777482456958227,-0.0024324542845254,-0.0052328103240991,0.0038746851541599,-0.998989997679338,0.01823313708770249,-0.023713928778175797,0.0335288954557235,40.79300000000012,4.0,-0.1288746952164357,-0.0260860713653597,0.9695652787788928,0.0025871031237363,-0.0079305811878904,0.0010114827512079,-0.5293414307176459,-0.04774482061062693,-0.04495169877902392,0.8458708096438454,40.71199999999999,5.0,-0.0129702678076449,0.0745855411494298,0.9768207456869682,0.0138114988324888,0.0043103065479413,-0.0041884139862333,0.3455157082520753,0.036764244353344556,0.08108216978624504,0.9341803720004765,40.71299999999974,6.0,0.000536575545834,0.0212257976949388,0.9795872485893724,0.0031736330944566,-0.0078830992228921,0.0120330482206238,0.871540798743004,0.011418637683570102,0.01691841702321573,0.4898979669332037,40.71299999999974,7.0,0.0466318061524798,0.0822597121165626,0.974070230741838,-0.0112814856590134,0.0013398738605896,-0.0162718370630183,-0.7293930032583397,-0.07728302443437474,0.1854636866378075,0.6539238502079341,40.71299999999974,8.0,0.0109687891337906,0.0034315200743972,0.980292767664292,0.0021502214493816,0.004749445314615,0.022286091934866,0.6705456616918519,-0.011602854534008668,-0.0322492443942331,0.7410761604510702
613,40.86499999999978,0.0,0.0131548318271027,-0.1050183720005732,0.9738583531201804,-0.0045932005705747,-0.0055873197646854,0.0104611766198821,0.9970042906642622,-0.052972535295099675,-0.011241185457872126,0.05522672044366193,40.86499999999978,1.0,0.1643673159492162,-0.0292767801819101,0.9660441271442162,-0.0024394131108201,-0.005686496568269,0.0108085249044083,0.3552627451556894,0.07487352451200184,-0.044501897466354134,0.93069969289427,40.86499999999978,2.0,0.1958145256349424,-0.0584145389738602,0.9575794552865226,-0.0017214621457126,0.0010379221086873,0.0115407726513907,0.9807911807105479,-0.01284359389570292,-0.10487595068151775,0.16396565769971233,40.86599999999999,3.0,-0.0497748970875078,-0.0391896371336724,0.9777482456958227,-0.0127205194377921,-0.0040950699540777,0.0160518346048203,-0.9990023776889777,0.018947654170739237,-0.02378155317342629,0.0327058634170484,40.86599999999999,4.0,-0.1286015823536203,-0.0251528959159018,0.9697989301103548,-0.0069649727445825,-0.0070492955606813,0.0131389472446518,-0.5299254457196374,-0.04741631008446862,-0.045118673032659,0.8455146485192253,40.773,5.0,-0.005980476509073,0.0737196000641354,0.9991454621160566,0.0067132920295414,0.0002498351936339,0.1951539921667644,0.33661007420749806,0.035035826391015226,0.07651845878429965,0.9378758309479975,40.773,6.0,0.0100242697954335,0.0362357197790436,0.9764750312359056,0.0151351244307843,-0.020265943736999,0.069531877253187,0.8698399043793518,0.013357967535652002,0.015133954493461853,0.492920956010217,40.773,7.0,0.0673339913918443,0.0792295073695852,0.9831936832411076,0.0219024873143913,0.1073602872032125,-0.1104572683149425,-0.7290855922343972,-0.0757843266888277,0.16887817251347112,0.65891660919501,40.774,8.0,0.0207573495405766,0.0053033080949877,0.9789964286775004,-0.000655720899181,0.0030640306891555,-0.0978684232325155,0.6742808852588783,-0.009442077971401919,-0.029504755281344174,0.7378249144301605
614,40.92999999999984,0.0,0.0131548318271027,-0.1050183720005732,0.9738583531201804,-0.0051535796573441,0.0006961896306286,0.0164044198992299,0.9969452623219607,-0.0532659800375667,-0.0110216620309189,0.05604821380303469,40.92999999999984,1.0,0.1649661391740947,-0.0300726138526591,0.9659543523490444,-0.0004141829184818,-0.0026275015901538,0.0205295025283058,0.35430115058453254,0.07479598215417275,-0.04464355100435825,0.931065630931456,40.92999999999984,2.0,0.1958145256349424,-0.0584145389738602,0.9575794552865226,-0.0005422794223763,0.0054179565781202,0.0267347202767945,0.9806064397473553,-0.013070670490259067,-0.10452142132194679,0.1652738345407146,40.92999999999984,3.0,-0.0497748970875078,-0.0391896371336724,0.9777482456958227,-0.0095584037649943,0.0047524382949122,0.0285233383254299,-0.9990273399496825,0.01940543751239537,-0.024289505886830494,0.031270160405531,40.92999999999984,4.0,-0.1286015823536203,-0.0251528959159018,0.9697989301103548,-0.0089589183025231,-0.0021426353539955,0.0145475438224783,-0.5305636822357546,-0.04727516018680723,-0.04548330313501305,0.8451026608984719,40.83399999999983,5.0,-0.0132047283092254,0.0736983279171257,0.9772180880502056,0.0056137270015551,0.0041504173354063,0.0046733244332646,0.33658064459409487,0.032097461895698565,0.07297430693556511,0.9382739328957997,40.83399999999983,6.0,0.0015335116959699,0.0212462090289741,0.9795117390535836,0.0028624211838236,-0.0085772372026104,0.0077365486746606,0.8696670020921589,0.013346065433235079,0.0137798473794613,0.4932659564734703,40.83399999999983,7.0,0.0460381389088987,0.0810856190652239,0.9745889452208116,-0.006692759167878,0.0049109596089428,0.0014371183842744,-0.7311342486070823,-0.06971639961456483,0.15638693837591122,0.6603979555116355,40.83500000000004,8.0,0.0109687891337906,0.0034315200743972,0.980292767664292,-0.0023515586985861,-0.0014570003844869,0.0059897538225063,0.6741333533944645,-0.008002824150713022,-0.026938791658844947,0.7380748459002705
